2000 3823
1868 972 170219900
845 1409 1
343 193 1
1906 304 623878815
1208 278 1
1925 1652 211431396
1657 506 184382155
1492 1897 260935764
236 1129 334482699
90 1505 150343263
1837 1253 396020100
1660 306 1
680 519 1
1708 484 228514305
356 145 1
1257 1748 948605507
354 795 174523568
1777 1302 21309608
1671 405 280896985
935 1935 1
363 952 126938469
379 355 1
1471 1811 250483883
888 1646 82434525
673 1873 655948680
1314 627 244472205
677 473 249206192
165 1303 239810650
820 600 100581629
420 1905 156580889
1690 1724 1
78 107 111502757
1624 1843 725142272
1833 684 1
954 211 19693073
1603 1518 1
271 1243 1
199 1594 252955376
1884 1990 1
1405 662 95521151
780 264 1
1813 1215 1
1859 531 121974742
4 801 1
1843 1026 25160706
995 1993 108335219
513 1654 1
1321 625 1
733 1255 56198773
1461 744 170099501
1045 286 1
615 174 1
1288 823 18599161
845 1260 1
1713 222 235193817
1539 702 175366990
974 112 293229695
1833 1448 1
1606 650 1
942 824 253198824
501 753 8517286
1601 1233 1
823 1828 204873341
1925 1773 807009275
1582 1881 953231129
158 219 1
657 1846 331978602
209 1919 1
1129 1301 44286530
454 1869 116475
594 1420 1
380 150 269657958
1312 1488 1
1044 99 1
1063 474 1
996 641 160702774
133 242 841481109
692 822 211655077
1320 956 1
686 1302 364305858
597 1122 297595099
1147 703 139048697
1947 853 1
1787 398 148555838
598 549 1
1865 1685 1
248 1008 1
1194 448 1
358 392 1
1813 1493 1
1454 1039 944222354
615 1045 1
331 1239 287412958
211 1426 184089967
1373 1235 34101875
1229 1961 132007707
1845 1170 151007356
665 406 286988634
64 1732 74304340
259 1917 1
911 1545 1
621 1815 1
1552 557 599463389
388 352 1
295 1401 1
1051 705 1
209 1704 1
547 1358 267259480
58 1384 52290989
1360 1383 1
598 1017 1
1923 1015 205263887
332 1090 88302370
1639 785 231802061
74 285 1
1686 1787 245398558
1124 477 321573822
1858 364 182470866
189 93 745967345
280 1491 1
1451 1151 1
1267 1143 1
1813 13 1
1895 685 1
1519 996 573724420
826 1483 1
1667 1225 1
991 436 431568337
1785 1135 1
835 583 1
410 12 757556989
209 1723 1
1635 642 1
998 956 1
1876 228 1
1156 817 152889841
773 739 183101728
293 1515 18831877
558 1414 1
533 427 579055165
1852 603 33903086
1301 1494 84534789
1498 1558 235607115
1933 86 1
1321 980 1
895 1277 259588195
1262 161 217190739
1355 848 191497043
1321 721 1
1164 1031 1
1808 404 1
545 1135 1
1526 1490 225551070
163 361 1
1445 1716 1
489 1661 1
1904 1992 65616306
1710 639 175992042
582 1385 139176774
152 1719 120395730
1808 845 1
26 1903 227118212
1332 1734 1
890 62 1
1834 617 23921918
270 1101 1
124 189 166008851
1934 555 1
617 690 327059097
1871 867 147123760
209 1025 1
1994 1514 152095636
1629 1117 1
46 1066 1
1653 1161 342749538
1717 1495 837207104
53 317 1
845 1344 1
820 1378 34235087
1567 999 1
1326 185 1
860 1400 63702000
1825 1079 138456021
50 140 112169698
1668 1644 65486995
714 1356 97273251
853 1891 1
1682 92 1
101 1641 209279794
1299 1547 967371102
1444 697 319028429
1044 1567 1
314 692 352204238
1862 108 57380538
1289 1051 1
1881 821 68654977
1308 175 201359857
1782 1466 237435561
1875 617 121991215
1944 206 1
1723 1476 1
938 1145 1
1910 1240 241760644
1246 1622 1
359 1381 151170144
1380 1980 1
296 613 264160573
1754 306 1
1447 1764 1
25 1603 1
605 132 1
441 437 231262321
371 1989 1
687 1160 1
39 1431 1
1097 542 225634414
577 707 1
526 1023 1
551 728 118998820
311 1658 67988468
506 1637 204614713
562 216 15483041
311 381 237129336
184 1309 1
1931 597 30303165
751 1999 1
1776 226 146499170
218 1758 1
1085 435 169731530
1037 821 739231987
309 516 1
1413 630 124325699
1339 386 1
894 1459 1
209 1880 1
377 356 1
494 1945 3
162 1252 142553658
60 94 1
1641 760 144496499
454 881 22347
1693 1676 281926630
1887 124 165386146
1576 842 1
847 2 1
290 477 78199774
253 1121 753023522
1401 807 1
1361 1940 1
615 865 1
712 1770 1
1045 1089 1
1771 1906 243934850
1937 102 64840230
1332 217 1
1553 1025 1
661 1057 1
937 573 1
1588 241 1
1744 1007 634088548
118 290 309856865
1499 1382 1
1755 1841 836620886
685 1011 1
1599 118 25084182
1808 1045 1
501 1916 194948170
1816 1974 115432322
1031 1739 1
666 425 1
261 1549 1
1257 462 1
594 1436 1
890 534 1
1199 1681 17009380
159 1595 100469734
1338 428 190055354
106 1555 207560237
1054 889 589903818
1361 1788 1
1795 446 185864201
817 1932 597794813
394 1657 169490081
119 1936 1
1504 797 105156049
161 1222 1886166
71 310 1
322 1639 47290389
1693 939 752711960
1195 1478 111772900
659 918 103659701
771 131 1
1833 593 1
981 103 1
1903 1741 335399746
1606 689 1
71 197 1
1710 1722 329020284
42 989 1
356 814 1
218 589 1
907 493 154439277
502 1286 217188839
1525 683 22861341
55 953 60085375
367 1516 1
855 1922 305137078
560 38 1
149 1522 1
1031 275 1
478 311 430772519
1666 914 1
97 44 163402659
172 521 1
388 866 1
1069 884 1
1028 510 43435594
623 1229 190535264
1055 994 1
666 25 1
611 1733 1
1614 67 107080840
1281 1999 1
1738 140 368346218
1811 1212 62676049
598 1690 1
306 610 1
1850 733 472040821
1499 1984 1
1246 674 1
781 1809 134161250
1212 380 373973255
391 697 202792765
449 668 240203517
74 1367 1
1555 624 300330160
500 1749 240141955
855 1872 69066616
762 373 39658446
1047 1078 21682577
510 430 124501374
1369 820 322462943
1209 119 1
829 1233 1
860 1686 528140758
470 1151 1
209 344 1
845 901 1
679 1587 75193514
1629 158 1
801 1083 1
1038 385 235885318
1121 1707 533908418
1126 538 191565324
1152 1827 45450943
948 221 1
336 1734 1
1060 105 1
325 1176 723906143
1104 317 1
1989 196 1
1452 1379 1
560 837 1
1367 285 1
8 1797 1
857 976 1
1073 1543 348354514
818 1911 697194040
1986 1601 1
939 1475 246006326
1500 1474 67512251
1058 1219 1
1973 647 380520230
1968 1298 193570740
1542 307 239375613
861 621 1
954 805 187490768
625 1613 1
1890 580 662230491
338 1665 1
1014 1165 231973352
1399 1195 60730718
685 826 1
558 1042 1
1149 1528 469065415
1075 765 1
343 277 1
816 859 1
387 1515 618349651
1589 109 151982644
1993 1591 174964710
427 1988 58646961
877 1674 872719261
375 1784 258470431
680 1425 1
1242 185 1
1198 1096 291909883
824 717 227649791
1742 1172 180604873
1171 783 1
1612 1094 393683729
648 936 1
1746 803 246253817
1930 1154 1
643 1086 816106298
1046 985 1
1072 1331 974924386
1780 222 405472586
1063 726 1
1338 354 376054258
563 603 983090432
1246 457 1
539 409 93395906
314 1467 133664006
166 167 165981976
342 1616 1
1159 1168 211581519
960 1003 777114824
1287 1828 158134928
1168 1755 275309959
102 969 231080784
753 1916 109634068
652 1697 1
1548 904 1
1823 1888 259538536
494 923 4
1044 1626 1
712 1690 1
572 1612 928006577
321 633 174849390
1479 608 109328298
561 12 61008509
2000 1688 1
899 1128 1
805 1426 16292271
372 412 123147382
1725 1526 252613011
1660 1339 1
475 1904 70698786
1587 631 227771176
1071 1978 1
1480 841 1
1067 1522 1
701 743 178289033
175 973 27865906
1000 357 90468983
222 372 192153219
342 201 1
1103 1659 168082412
543 1391 1
1763 856 66867615
483 1176 7531857
930 1305 1
1645 1816 132193224
1046 1518 1
1900 1976 84512162
1922 58 222023705
459 868 1
178 835 1
1194 1933 1
1506 1091 79283069
1187 329 470965335
369 1568 198958002
905 115 186394749
704 1432 312202961
122 1952 42137602
1333 1304 55023985
1928 426 956302989
959 1740 194585113
818 1495 100709590
641 1552 204009224
1210 1076 241171950
1162 1595 304053528
660 715 1
1544 1761 1
867 19 2412161
242 943 143823753
705 944 1
608 1013 179336073
466 1687 225872280
498 1956 1
1903 1435 113916350
197 938 1
316 1043 316926250
1372 1167 109696166
9 1128 1
1736 1481 759437221
1587 168 675086468
678 1517 946116477
1412 612 160238782
1562 1475 306307005
239 377 1
717 895 169899963
295 148 1
1808 371 1
995 1889 132254
720 1295 16331135
1868 1182 30495861
398 1081 363262817
1363 149 1
156 1293 820072872
1482 1447 1
832 1634 715114685
1083 1619 1
208 242 190268966
1164 1290 1
848 1413 442651861
1487 1569 219641205
171 941 102345846
1989 564 1
77 1528 226301293
1803 936 1
630 1040 323114700
69 1590 172309607
344 1188 1
209 1377 1
1729 474 1
1681 514 91280354
112 1892 418558703
1523 759 638843013
209 1537 1
1289 840 1
548 1717 761678193
752 239 1
1578 913 157327434
121 1197 1
289 1867 1
1532 93 130523655
1088 1983 54607897
1279 778 1
279 1870 315
1256 449 162211453
866 1082 1
1089 286 1
10 133 188281386
792 592 68346633
1846 200 136079346
712 1789 1
147 1080 1
1978 1246 1
241 160 1
119 155 1
1817 539 144994723
645 1834 233357458
745 326 154082891
1598 946 1
1921 113 52080842
493 1180 119321893
90 153 377020346
1331 1702 110498522
1427 895 311714695
1754 1556 1
575 1369 258152413
1512 1931 327561900
338 1730 1
39 1164 1
1025 68 1
220 720 269387958
1967 1064 1
1384 1942 413329336
16 773 114399212
324 695 474335696
157 369 152062586
24 1617 1
444 305 197684784
1888 294 188255712
755 359 101694884
1322 250 1
139 1541 109459847
53 648 1
616 439 179669021
1739 1997 1
1731 1404 129349320
1046 1574 1
352 1726 1
1702 479 862378668
621 1120 1
632 1027 193988411
1379 1312 1
4 968 1
1588 71 1
950 1783 191248839
1992 379 467993284
1528 1593 112083507
1592 1960 175351679
1808 1705 1
1570 632 110469362
1216 1857 1
1179 19 38964568
937 114 1
772 1224 559768094
417 1167 311678992
1146 1582 135513036
1886 1016 1
1085 455 365800469
360 1542 185941187
829 1986 1
702 292 413576317
721 1125 1
1865 1750 1
239 450 1
1093 1359 225997676
393 1158 1
1699 1126 143383481
1422 1221 1
1026 1519 864096427
209 962 1
785 1412 30705735
1622 1216 1
873 1371 247900761
598 682 1
1734 485 1
774 746 547
1116 1781 247104550
1391 1761 1
394 1832 52124588
661 1938 1
1123 29 2
472 228 1
668 11 294401471
1200 1208 1
279 746 927
542 954 249330475
1009 978 860932732
197 302 1
1928 272 64309552
609 1578 235680540
1336 1033 158084129
1200 191 1
1558 825 84647376
1489 1259 1
1195 1538 139153726
666 1200 1
490 669 330052036
1277 1172 217251145
1051 66 1
1519 273 200133801
992 1108 247173301
371 980 1
188 100 223011852
573 1706 1
1933 85 1
192 226 263068828
218 341 1
348 1059 517429839
491 203 1
1148 703 865077733
1207 580 186941420
1246 1628 1
1673 853 1
1308 973 229226017
39 1290 1
1472 1866 1
1896 1105 104059816
234 456 1
1864 294 395007767
1588 53 1
1525 210 215593742
140 561 416096144
340 891 1
301 1285 1
532 661 1
1715 417 9165079
1185 781 204341302
356 1060 1
268 349 1
125 1175 188261081
835 1513 1
1122 875 49628703
1851 352 1
695 1405 12057375
293 469 346195517
684 898 1
1388 1429 159002903
580 1126 435292023
1265 18 9
100 927 111389344
586 1314 138362215
621 811 1
1275 16 189080129
338 1438 1
1916 1907 652953994
4 1048 1
796 1682 1
336 271 1
164 1464 1
1223 1892 173563211
1640 1122 77000177
1664 301 1
1116 1355 956226976
915 1193 1
829 1629 1
1171 1019 1
1263 1949 1
498 89 1
1099 1191 1
1283 1553 1
1332 30 1
1045 1548 1
373 357 67322057
966 1007 241562944
353 4 1
53 1803 1
752 66 1
1766 1951 1
1429 335 105730380
780 752 1
615 1886 1
915 368 1
111 1661 1
1660 997 1
251 834 1
116 1030 1
1513 1345 1
611 513 1
1656 43 1
1784 738 189624952
1808 1497 1
1723 367 1
1115 1874 316402577
1482 1737 1
474 1428 1
1187 508 76513029
421 878 216249919
1371 151 660510340
431 1357 129356058
730 768 239807394
1307 636 292221887
50 410 243322066
797 231 59290630
541 52 127551362
652 963 1
512 178 1
545 1684 1
12 1035 141826510
1182 1763 371770999
1905 608 151460723
1031 1879 1
1481 696 399134576
1400 1686 147134653
1091 1630 118349172
413 204 1
1534 465 1
221 920 1
1806 1942 224666065
611 1104 1
833 1042 1
615 277 1
659 220 35417325
936 82 1
1268 463 1
1317 1156 94251440
1573 279 1545
74 79 1
75 275 1
371 256 1
1864 1888 206752021
1222 568 175262037
1167 874 155696841
141 1759 1
1332 1044 1
992 949 26229457
1421 1381 192552157
937 577 1
487 1403 1
1421 359 41382008
1887 189 992372649
1239 1525 193369392
941 1662 144811774
878 1471 249678338
129 539 127994542
1588 940 1
1936 155 1
1869 1348 78832
48 1369 105322877
1332 336 1
1443 1121 62382852
1541 1273 162412924
1210 117 904575233
845 1598 1
1111 28 46258426
1045 1075 1
1411 877 823978717
1476 1415 1
222 412 315300629
1280 623 57520650
1924 1856 1
1264 1744 9107701
1687 274 102804468
1029 1561 246485044
1193 1389 1
183 289 1
151 566 438770689
209 934 1
1629 130 1
1929 1732 900460612
522 1976 73201964
562 950 252138957
1808 892 1
1242 1326 2
1854 120 98385894
558 411 1
919 1671 388445874
1508 1272 1
1033 1444 222318668
1437 758 1
655 501 649106034
1542 1597 222266967
1414 163 1
1677 1054 190009181
1759 1694 1
1469 1271 1
664 955 1
1552 677 126332090
1715 1372 211147904
713 1566 182565516
1963 1921 166749310
1966 98 792070307
1586 211 263056450
184 1855 1
1032 666 1
915 1389 1
856 1823 111081192
15 1861 1
612 1611 139226569
327 1178 1
681 1503 136256003
39 74 1
1913 314 150829807
1013 122 144867905
1458 95 227593194
703 887 487022430
1870 1265 54
146 1517 19568729
1524 1543 188395546
352 1768 1
264 708 1
1673 1891 1
832 889 97661570
1946 806 1
1476 962 1
1951 1274 1
304 257 174706000
1511 1371 452889671
152 362 210861144
1362 1508 1
1562 939 9680443
451 1793 315496476
527 1184 1
1023 70 1
1772 734 1
445 252 1
265 809 1
338 1075 1
178 298 1
234 119 1
133 208 245475612
1766 1217 1
122 995 43335895
1612 1762 189516979
1379 239 1
429 1894 1
1588 1127 1
868 653 1
1835 1055 1
242 1187 737347904
1910 447 318561247
960 1370 13666849
1723 341 1
251 1259 1
1973 1052 134012059
791 1580 117125692
661 1131 1
209 845 1
1060 1779 1
1200 1486 1
1417 1755 18437194
1971 544 31598468
1368 296 97139189
446 238 52753542
1620 1687 293597984
208 943 465317088
547 1314 117527092
284 520 42857552
1743 1797 1
1569 1463 139039490
1629 840 1
143 1635 1
903 421 15066052
191 684 1
1588 628 1
1491 1720 1
690 220 193055955
1104 1581 1
1813 388 1
545 1484 1
312 1715 206507709
1889 881 185895
1040 133 746745554
1202 1436 1
556 1710 138057136
1647 1822 1
1853 1772 1
89 1237 1
1265 1242 14
743 314 110571742
1122 819 213252578
1978 1876 1
1870 1228 40
1018 1262 273317154
1915 1969 553008218
478 699 241526776
708 570 1
427 1982 843878954
972 602 242764018
1706 909 1
1309 846 1
234 1279 1
1736 1837 103643586
1450 1282 50911546
1133 1931 247354678
540 440 1
108 673 209243209
161 730 169024325
397 917 176954907
735 1995 1
995 454 340497
465 499 1
1938 169 1
1581 1132 1
885 413 1
833 411 1
1046 7 1
1619 786 1
514 1165 615805716
1471 1689 149892187
1457 854 1
561 1035 389269803
1468 1243 1
1496 1291 222153528
186 1185 94297090
1404 777 838558416
1314 1358 149732360
980 496 1
751 470 1
487 83 1
1296 1454 137282230
409 1725 65422153
451 199 246676015
1242 494 7
1687 1968 205754628
145 57 1
1302 1614 249929676
41 565 548949342
273 641 738305965
723 1306 1
1095 1102 1
723 25 1
522 288 309836499
373 394 181552373
823 1287 46738259
981 1807 1
167 1062 140554351
966 1928 642399659
767 344 1
17 1762 568957013
1433 150 52942400
77 1593 338384871
1265 1326 12
1568 31 362139956
1534 1756 1
40 1450 124480012
1563 23 1
1523 1137 106730563
1445 857 1
732 1055 1
1426 797 156899032
1629 1100 1
803 486 49761249
218 1516 1
1515 1554 326880151
889 1634 64096971
655 672 30599034
1027 330 93238974
505 1850 758567479
1750 1670 1
1879 1739 1
271 1468 1
1823 1864 52786482
1327 640 39536797
1212 1615 156383793
1572 1929 37156802
209 68 1
1288 1287 65337573
1457 880 1
1874 984 37280373
445 434 1
1633 504 198838230
652 535 1
1788 1926 1
1068 562 205286031
1031 75 1
1777 1614 505489288
298 835 1
494 1123 5
1799 1341 1
1963 113 981670733
1915 1804 4381769
1175 1479 90066203
1397 327 1
1002 1837 840800781
1642 986 18433643
1141 993 242661035
1321 882 1
1932 1994 874430936
1743 8 1
1955 124 419665621
851 1633 242759566
538 1921 288244115
1932 433 205811493
751 424 1
1179 867 36552168
1989 1754 1
269 1816 296666687
1218 284 179319028
1077 1902 1
1721 398 27046318
1855 1422 1
1839 1669 250488152
1573 1596 1930
1026 1618 13166761
829 1628 1
1664 1794 1
1921 1073 910313546
359 658 245863729
1142 1745 1
151 232 469567264
1022 102 661688939
365 144 434537270
1565 981 1
1517 794 188436393
232 387 204927719
957 661 1
945 616 216332765
239 1638 1
335 1402 35290178
539 579 26832436
172 1796 1
209 1213 1
1240 1824 202712362
978 416 46848648
1863 545 1
234 778 1
886 1859 79549547
1567 1394 1
1897 562 162656645
1177 676 1
645 1875 135288162
1798 1224 233356398
1245 123 444924201
858 421 938047229
759 791 341638366
1967 998 1
86 1535 1
236 958 51146987
1943 1526 94485160
1672 1544 1
893 1034 1
1604 677 652467743
1502 1533 1
1199 1318 11873705
216 950 236655854
605 928 1
969 776 240791718
550 1080 1
1865 737 1
1379 198 1
980 1664 1
1698 406 143520661
1164 76 1
524 234 1
1045 1696 1
1417 793 776202714
1793 1594 184134914
770 420 166541001
1328 1819 14235098
1176 1424 143165012
697 1311 364995980
918 720 201145581
380 1433 216715552
239 172 1
1719 362 32558426
803 1511 195793102
1434 1525 378509335
1342 188 199549836
1712 1924 1
505 1547 72483140
1113 1383 1
872 1009 483239685
1224 533 161064256
943 1187 14310213
53 1362 1
1378 600 66346537
1839 1740 136462908
1976 288 236634396
1343 906 1
1536 262 1
1105 863 162366167
1676 939 824229337
312 417 215672985
625 882 1
47 1092 1
485 392 1
377 1060 1
1126 1963 858148065
1359 1719 947575540
1833 780 1
879 439 56614273
943 508 588293610
457 489 1
861 260 1
532 957 1
843 101 241243239
1659 1211 78674992
559 1402 131719522
493 1115 326357502
1915 1087 500481292
1716 45 1
1441 268 1
1989 378 1
615 1482 1
1461 81 389026544
1734 931 1
191 1203 1
1643 1637 384243617
1307 1446 221992420
1672 741 1
1228 1563 36
1259 834 1
541 763 795086846
1503 225 40088121
1834 1107 268261662
829 1246 1
1713 372 427347063
651 644 1
1371 725 134144427
630 1529 19487027
576 643 2679489
289 732 1
925 193 1
164 908 1
706 1923 70678461
1674 1359 444417285
244 497 271983678
411 1991 1
640 1076 703762286
38 299 1
1664 1285 1
1534 1112 1
1161 1456 227259782
475 1992 843563016
1412 1611 708800315
1077 979 1
1841 1487 59755235
940 207 1
967 1396 1
387 293 6502874
445 1660 1
1076 117 37499468
215 1416 1
1738 50 217965106
367 1324 1
53 816 1
1773 1159 89448773
310 197 1
1906 1735 26964297
1801 1890 75590758
1543 1406 973069990
223 830 781033548
1081 1299 177786361
558 1061 1
1754 1666 1
824 1427 85835060
752 1236 1
532 1104 1
55 1653 589301089
1361 1876 1
1800 843 261510351
67 1801 435530631
1484 784 1
46 1927 1
303 919 158551924
612 1116 875785540
975 1317 198372963
1790 1557 940086011
228 291 1
1052 563 932682286
1665 765 1
1398 1206 23877604
545 1785 1
725 151 11799806
566 59 202712985
526 70 1
454 1228 42
197 22 1
1407 1000 215344045
1511 873 204988905
1332 620 1
1032 482 1
701 1913 138030969
625 256 1
1663 1932 236002910
1786 1347 1
205 1825 194233549
1900 522 11310060
636 177 297844149
298 1271 1
1813 138 1
1160 339 1
1486 1173 1
833 1991 1
1007 1928 185216876
1734 358 1
1783 1970 156491612
1577 1378 227075044
184 688 1
1626 1098 1
275 712 1
953 1653 125951189
1740 1669 114024931
1513 1049 1
609 1585 195091948
710 1512 406530732
1535 977 1
1331 1540 29581388
1469 583 1
1445 509 403161276
140 410 125031149
1104 1588 1
1681 1014 277903370
1668 1655 144951272
625 813 1
657 838 104467804
1465 1191 1
1808 1353 1
550 1584 1
1826 16 257403681
1860 254 1
397 32 203455210
1011 1241 1
927 322 511065367
389 578 16174247
988 1648 1
1012 1074 211071400
1304 1757 32403038
913 112 145230203
1334 638 102119464
1332 1626 1
1428 214 1
829 1408 1
1705 94 1
1732 1338 45720879
399 1052 333222651
767 227 1
1948 1325 161971271
1950 195 201076633
1964 263 147152450
1638 910 1
1747 1308 53645761
184 846 1
1201 1873 128138107
703 552 170163825
1565 87 1
1138 1863 1
1560 548 867298978
120 1269 226809590
1088 1915 547961357
1854 403 97684950
1680 596 336337704
845 453 1
1180 337 456198666
944 1300 1
1598 901 1
376 1848 14117371
225 1282 171160637
1828 90 207860476
1196 1769 1
1922 637 36939617
24 1004 1
81 1018 4533098
1181 945 100966133
1160 80 1
780 251 1
212 108 922125157
1614 839 847163161
1467 692 218540227
1246 1733 1
409 1943 223550003
995 1591 283300236
288 986 209042850
1889 1869 91767
983 1238 1
507 478 123858297
550 948 1
371 625 1
903 878 630323981
291 1140 1
1068 1897 42629326
1985 245 1
1061 382 1
127 1731 73318944
1246 611 1
1974 451 99754025
546 73 160681565
1472 931 1
1113 1360 1
884 1600 1
324 98 144746769
172 76 1
1723 1704 1
577 726 1
761 258 30870919
687 334 1
893 1439 1
1469 902 1
1534 39 1
830 1971 169757215
847 783 1
459 229 1
172 1756 1
413 1183 1
799 651 1
1220 667 1
767 1213 1
1369 1577 129622987
885 1799 1
932 1680 156166203
56 924 159858192
1983 1915 11502454
376 1002 835863385
1094 1677 241341583
366 1096 101701695
1947 788 1
742 282 228412155
1816 451 215186464
1678 164 1
244 436 49368235
845 1723 1
326 438 489861921
424 528 1
548 144 229894343
819 1498 235599706
728 1266 174421811
666 723 1
1469 1513 1
294 1948 58366147
1295 312 183366654
44 321 17941813
1623 156 99860136
618 1967 1
2000 237 1
1246 111 1
1584 221 1
1145 22 1
1505 1461 418748588
379 266 1
739 95 185304048
1770 128 1
1246 1670 1
858 903 69302916
1627 613 189447693
971 205 218176973
1365 1222 159259703
993 1566 289167214
38 1319 1
65 31 218607106
1494 1291 748008715
287 1510 19389101
1164 1836 1
234 1227 1
153 744 362171165
1182 972 139724012
1484 1610 1
550 587 1
774 831 113
915 24 1
710 1453 181332157
290 556 250139432
1309 1571 1
1942 1954 45397083
143 912 1
559 335 96429167
658 1085 58244183
1679 502 97007378
717 1106 327607813
1082 740 1
498 1499 1
1281 528 1
415 1196 1
1141 822 77317376
1992 249 143206352
1399 1478 172503650
1962 1957 1
1603 401 1
712 1160 1
637 58 185084047
180 1059 206527248
1845 520 18443543
1227 20 1
178 588 1
1018 1820 149974811
1370 1003 228850349
134 1001 287455936
1959 1449 416489776
1510 1492 115254578
746 800 189
280 1720 1
564 1110 1
348 180 1235731
113 1073 17421588
1815 235 1
885 396 1
1584 1605 1
449 731 366164097
1082 1313 1
1161 363 360616554
1397 1714 1
599 1990 1
455 1198 231595329
1840 991 105691629
666 899 1
32 585 35619940
1885 1331 96277191
363 1270 194889470
1534 499 1
388 487 1
116 735 1
414 934 1
1926 581 1
71 3 1
845 1442 1
1272 471 1
988 1705 1
1269 375 3473313
915 1004 1
611 1423 1
656 526 1
1218 1845 203733036
1695 1779 1
1929 64 122845381
1244 698 211068691
972 1763 232046959
579 1725 131985624
1582 1037 186429246
1255 1364 79297417
1017 682 1
1595 69 246273558
1298 1913 200373414
1943 1490 320036463
619 443 1
134 109 124867258
226 127 812468135
104 1414 1
379 1111 15677271
1240 447 76800382
1784 1521 309064350
1204 852 1
159 69 346743296
592 1868 63074827
160 103 1
670 438 111423906
1993 1006 350822631
1469 1908 1
944 663 1
767 1374 1
88 1972 562802956
1091 1795 189595907
893 1032 1
1704 1867 1
70 594 1
369 65 342490851
239 1534 1
1538 698 362034092
98 1405 369908414
447 1824 125911758
512 1016 1
329 1746 539402276
1675 791 16983931
1813 1546 1
1287 318 364520362
532 1938 1
1063 849 1
782 733 170112104
675 1446 348613741
480 1854 164302344
1892 287 247910947
1575 1088 149477027
1325 316 39074685
1391 1672 1
1441 947 1
1733 957 1
1846 88 14820245
1042 382 1
1802 1676 139448633
1001 1903 238533556
1808 300 1
621 1099 1
527 758 1
1171 595 1
6 1644 213102009
727 1738 247991644
1501 1237 1
1362 471 1
1886 27 1
568 768 231683347
234 20 1
917 32 26500302
738 1608 330009983
1659 1292 430804159
390 484 558444853
1498 1711 168761888
836 547 147381282
976 1194 1
748 1572 284858063
1495 481 545213616
1063 577 1
1599 1124 91567144
281 56 59346502
515 1179 235687526
1808 1853 1
702 1250 125424913
106 1791 300452839
947 268 1
971 1825 866489052
1318 514 605664329
1819 431 92724050
88 200 119782031
1090 1523 128794453
1166 1527 1
821 1443 433584031
745 670 840277350
74 1386 1
374 1130 1
209 1324 1
1796 1842 1
627 655 392819430
1581 614 1
835 213 1
789 1298 173334189
1065 1161 55807712
17 1612 216070683
296 1627 74712769
459 653 1
335 1373 73907753
1803 1898 1
1211 1786 1
1886 524 1
1363 1743 1
688 587 1
1513 902 1
1677 832 460474354
598 599 1
372 84 352602703
896 1155 1
1474 73 828483805
1300 1814 1
370 434 1
210 1307 191666392
1689 1212 163267746
292 1258 457936104
1484 896 1
1291 536 236899835
615 343 1
111 489 1
1808 1772 1
1512 1133 80207124
209 1476 1
520 1858 269660673
93 926 105632718
1031 116 1
433 1514 959621935
1752 6 317912044
1989 771 1
536 860 36777468
1200 1856 1
1852 572 703574449
685 267 1
1361 1077 1
640 1210 242272481
339 1753 1
198 1177 1
53 859 1
1337 78 147696976
913 1223 390225694
611 532 1
849 590 1
1001 26 11415330
300 371 1
398 719 110336600
1817 129 16999954
1397 1178 1
553 1158 1
1380 440 1
1874 671 262067507
233 894 1
1855 280 1
1211 930 1
1074 493 329822774
1978 472 1
1111 1575 279719400
1268 1470 1
1186 1240 331199402
1578 974 9327943
1789 549 1
1162 159 203583791
1956 2 1
1375 679 994028088
1638 521 1
1579 1583 1
490 863 94786518
1039 283 31745301
644 215 1
776 623 259997062
498 1813 1
757 667 1
1563 618 1
474 1136 1
485 1468 1
871 389 108368610
685 1144 1
683 675 257777474
1439 1069 1
1220 757 1
488 803 58408790
1829 1028 67282025
138 1205 1
648 1803 1
563 1852 74735630
174 524 1
573 1143 1
1435 418 420171460
95 742 184191829
699 1658 257234212
1086 1026 260203521
558 1344 1
1531 1356 216637951
454 1242 13
1353 1321 1
767 1263 1
1067 149 1
1418 1616 1
85 650 1
313 303 217758382
480 403 261987297
1220 1947 1
726 849 1
1647 1457 1
1032 1184 1
1780 1713 170278743
1974 199 346430158
298 1469 1
1447 137 1
1365 161 157373370
255 1802 138228351
1571 990 1
981 15 1
1833 1208 1
194 519 1
487 1918 1
564 862 1
1791 665 387639319
1411 323 92597720
1808 988 1
1959 123 241301189
209 367 1
598 1770 1
829 158 1
63 62 1
405 125 317523377
1089 126 1
209 767 1
677 557 59690666
1660 610 1
616 879 123054729
377 145 1
1952 1564 15323425
634 1731 651514181
1827 1817 114380133
937 1254 1
1222 730 167137991
909 1267 1
1083 786 1
156 530 29501391
1397 900 1
1475 1904 271064661
615 1361 1
1754 445 1
258 1375 15943116
981 241 1
1746 488 187845026
1356 1561 487365054
621 235 1
991 244 207510382
1664 1812 1
432 92 1
414 626 1
950 1782 310804562
937 1063 1
885 1341 1
915 1617 1
984 1337 421211188
1833 1860 1
1514 960 746263430
129 579 154827206
921 1979 1
1641 710 176971634
184 280 1
1664 184 1
209 1142 1
93 480 135740981
671 1337 196424053
172 465 1
795 1790 159523133
435 297 238404220
622 234 1
527 1032 1
1245 1959 203623010
345 1701 1797
477 1710 309996795
973 1407 271527458
388 1768 1
579 409 66563241
633 186 206717009
306 1556 1
1169 1679 268106360
517 1579 1
297 366 379468225
1299 505 182638464
982 1896 123930917
553 393 1
1808 1609 1
1625 1445 731621496
1801 1207 858321078
1768 194 1
518 664 1
708 593 1
463 1470 1
150 444 360328
497 1862 983515293
736 500 900816264
1472 880 1
135 1332 1
1273 1875 208670183
1952 1118 588485
98 695 76985567
926 1854 194410608
664 802 1
535 1551 1
110 1935 1
96 864 1
66 136 1
1602 1079 112730942
1507 1839 63429231
1366 1777 693049145
1538 1244 150965366
1945 1930 1
958 1129 209023467
567 576 132955732
861 491 1
520 1170 132563530
1104 513 1
29 1346 2
1741 1531 320996405
1153 157 15564202
1755 793 10720344
1833 850 1
481 965 49140391
1397 1070 1
1739 75 1
1615 380 217589458
1898 1460 1
896 1610 1
1499 33 1
1808 734 1
840 1893 1
1332 828 1
1521 1608 210570584
1332 1866 1
1418 207 1
1366 686 66635299
141 1895 1
1252 678 40237755
1732 428 251190122
746 831 435
1424 971 248096677
617 1107 244339556
1349 1327 136538489
526 864 1
366 467 305892280
576 1624 641110225
1727 281 218285950
1745 1607 1
1190 879 172743554
284 1845 24413727
441 1072 677334110
1093 152 777533348
268 1692 1
1432 844 145635439
883 1328 60448946
1540 1139 158767046
11 1950 376057022
1792 949 88416751
1200 1214 1
400 1385 156964088
902 606 1
1646 1146 628617114
343 300 1
938 1703 1
1384 1806 188663226
674 237 1
688 429 1
167 551 413704473
345 1847 974
209 1774 1
795 1150 453759013
151 1294 26558605
605 921 1
792 195 49187593
804 71 1
1146 1037 503989098
1156 1663 525820459
822 993 165343657
442 1555 310022431
686 1777 164321413
1825 1602 25725078
1012 1251 4715904
829 1071 1
551 1266 293420632
1104 53 1
1379 1488 1
582 313 148945347
1989 121 1
846 1571 1
115 106 182014127
1716 857 1
248 4 1
323 877 76430428
410 561 2636304
231 932 137760037
343 925 1
1391 1609 1
1249 343 1
1933 333 1
1108 812 108228333
1863 1684 1
1286 1542 224309843
1315 830 242019985
1104 54 1
1875 1834 98069110
1355 1844 844057649
573 1276 1
1951 1217 1
14 1087 81570381
23 1064 1
435 455 196068930
1428 1136 1
524 1279 1
1125 184 1
439 1727 39694045
264 570 1
1989 915 1
1904 249 523150379
684 850 1
121 43 1
101 760 353776386
1505 153 226676925
1190 616 49688807
263 586 350308765
68 1263 1
100 187 661020938
1003 567 109989199
454 61 6757
1227 1070 1
1443 511 930772707
1895 826 1
272 426 22887016
896 1810 1
751 1632 1
1379 110 1
249 379 229336721
1588 395 1
1844 1413 149437241
698 1650 121148315
1790 1150 140751846
939 475 852289501
796 1387 1
523 74 1
526 842 1
575 48 152829535
1867 1835 1
1946 408 1
45 1953 1
1071 615 1
1035 1327 773827815
73 787 470040312
53 374 1
1859 1829 676331515
1077 1926 1
601 1766 1
494 29 3
1594 1297 167609873
704 1406 29079890
1563 1320 1
831 800 247
821 253 153192125
1773 1168 741840035
835 588 1
97 716 140792965
1907 1659 384595982
35 1851 1
86 977 1
1728 761 216770808
549 1884 1
600 1251 247817382
829 1622 1
1588 804 1
144 818 980287110
714 1029 338153260
1276 1775 1
1748 236 108577124
1809 223 163151668
1489 251 1
1043 565 194345986
941 1336 742309870
396 463 1
1441 1559 1
1045 126 1
1851 571 1
850 898 1
1166 1063 1
1015 1261 173811250
594 729 1
751 1281 1
411 104 1
1142 798 1
1636 1425 1
624 665 180201486
915 1536 1
139 1273 271872954
1063 1254 1
1043 888 356883600
843 1641 450523125
1246 1216 1
1916 1005 248643088
263 836 223762580
613 711 97092851
1610 1947 1
85 1606 1
181 1009 192411027
1547 1850 239569902
110 1312 1
1381 1085 152937769
1914 1445 4521914
510 1047 748346824
524 622 1
1397 1092 1
498 1984 1
1851 388 1
1206 348 148061443
962 1415 1
1885 1540 317297105
1290 1836 1
1394 999 1
532 169 1
945 1190 166643941
1764 137 1
752 1289 1
1698 1218 218015764
1729 1428 1
1024 1708 345871463
723 425 1
426 748 230896810
639 1288 390557958
25 1760 1
1032 1034 1
848 1844 202426287
780 604 1
362 1366 34516132
195 592 19159016
1756 1112 1
371 1353 1
749 651 1
1302 67 862275355
975 1156 886700364
300 1648 1
1958 115 178620011
209 295 1
1092 1667 1
28 1088 461929563
1124 290 243373902
1289 1117 1
844 810 461061857
1782 1970 36935888
1007 272 536353028
544 886 997420587
268 49 1
951 91 1
1593 779 148909295
454 1348 37644
141 847 1
546 1771 581801676
182 1039 188507470
297 1198 189260038
36 1896 68215062
1367 396 1
13 1493 1
1139 376 340946115
1592 1134 808316520
415 265 1
949 812 329172178
1446 1752 239193432
170 876 1
438 1264 129262645
740 1313 1
683 210 192732195
1073 1524 95449694
1829 1047 291660075
968 1048 1
601 206 1
861 1099 1
601 1944 1
1309 301 1
542 1586 5967099
1813 1219 1
1803 383 1
179 1667 1
454 345 12249
1813 571 1
1721 719 860199559
1029 476 415165721
483 1424 439742448
1679 247 134302619
723 1204 1
678 146 203091951
1371 566 221739650
628 1127 1
1988 1982 200672397
536 1400 981828000
1400 1899 976581439
664 1174 1
1851 866 1
1258 156 422871847
1463 1245 211217850
1200 1924 1
172 377 1
503 1154 1
283 325 180396687
1616 201 1
995 1118 609808
1955 1887 46955987
940 1418 1
1608 871 216093715
712 598 1
241 1861 1
433 1994 236571198
209 183 1
517 1583 1
1349 640 480257514
217 620 1
1621 1623 715345659
1680 766 234793358
1048 1678 1
863 669 235265501
279 774 1474
664 1485 1
533 1805 96547779
1005 1103 996908838
907 1180 273761172
922 1274 1
513 202 1
782 1255 539892229
7 259 1
894 261 1
838 1846 227510796
385 405 223721957
274 1968 102950156
625 1329 1
1317 817 548199569
1493 35 1
1164 1020 1
1813 1205 1
1747 175 255005871
281 924 219204717
758 34 1
1404 851 235618083
1933 1230 1
1693 1802 5809795
346 1674 36980867
1588 374 1
234 900 1
1370 567 608530097
1010 869 1
403 1269 227510535
74 413 1
1030 1995 1
1015 942 273707078
1650 855 226957475
305 134 162240835
1805 1988 663209604
354 1790 821997463
351 788 1
1395 478 345137774
1452 752 1
1152 1817 159831301
141 1694 1
829 219 1
1707 541 178978574
709 1071 1
494 1930 2
981 1310 1
234 407 1
1588 1130 1
177 1668 336646871
769 1929 354113236
74 574 1
1968 789 20236550
1171 847 1
1134 192 39461226
1705 1238 1
338 1548 1
970 1539 94409183
719 1299 941981004
615 338 1
1606 461 1
302 938 1
138 1036 1
1714 179 1
932 766 390959695
1469 1166 1
70 1420 1
459 132 1
558 1248 1
479 1848 828349190
1813 487 1
723 809 1
615 5 1
1517 1398 190204942
1150 399 745883805
1879 1 1
631 168 246636826
1441 1692 1
716 44 22609693
603 572 200983742
285 890 1
564 1754 1
1735 304 11315800
313 919 376310597
389 1181 135773245
1454 182 53587857
20 456 1
1886 865 1
1282 1308 127420577
486 1511 146031850
1588 3 1
1881 253 672991923
552 887 48391594
1664 1309 1
45 601 1
720 312 199697984
1950 792 151889017
1107 659 240357981
1933 1962 1
732 994 1
829 1489 1
1045 404 1
1723 1912 1
1813 1393 1
112 1223 244995438
43 1232 1
875 1498 399223582
358 1066 1
309 1957 1
1115 337 249163056
388 138 1
377 270 1
1608 1323 187476139
1184 666 1
861 619 1
322 916 643319338
1793 1097 344048619
902 1049 1
389 945 236739393
187 1639 985359838
1397 1227 1
135 1067 1
347 815 2215001
1771 787 98286997
1478 1538 27380793
497 212 58507437
481 1920 1
85 694 1
791 1153 866206823
1398 348 372264626
915 262 1
829 1978 1
1862 673 921219994
400 582 17787026
1561 1780 259899699
979 1902 1
926 480 30108262
648 751 1
1332 1067 1
429 276 1
757 1883 1
172 1164 1
712 1502 1
711 1645 214121341
641 1604 39787189
416 1887 340481887
817 1663 61750029
1548 1730 1
1925 1168 838832396
1335 1950 197351775
527 1437 1
1744 966 97994840
1494 1496 12510904
1969 14 166109630
1477 1673 1
752 829 1
1757 953 679997393
145 814 1
1723 626 1
1689 1811 100591695
1006 1507 38678673
209 1745 1
845 558 1
1892 1510 267300104
1637 1530 192575693
691 159 373979715
918 1295 217476910
215 1849 1
768 165 87213877
879 1727 96308338
863 1570 272983115
257 390 752113642
1741 418 198688063
40 225 4230922
1261 942 99895827
338 904 1
1663 433 516946853
1739 1767 1
27 178 1
959 1839 58121893
605 459 1
1631 762 226964575
1008 250 1
179 1225 1
1362 470 1
705 961 1
1714 1056 1
64 1338 633733528
219 1683 1
1962 224 1
1966 324 38827429
487 1393 1
1405 772 737648953
1588 981 1
102 776 674308505
819 1711 404361699
662 772 66720441
228 1140 1
1835 1247 1
1598 453 1
1186 1910 89438538
1051 1300 1
1309 1794 1
1184 1437 1
1445 591 231183614
466 274 328676751
675 1307 126621112
857 750 1
1808 209 1
145 1877 1
565 1646 722973549
512 298 1
500 754 886242018
744 1018 223460142
282 1520 272211837
122 1993 151671419
1196 1306 1
1585 1578 40588543
1256 668 402414987
484 1996 191589931
1170 1858 137096859
182 283 364954986
1962 861 1
467 449 167491144
696 1257 72329829
1104 1654 1
1838 1940 1
1813 35 1
1022 1937 159623295
269 1645 164473348
336 1743 1
973 1631 243395150
94 808 1
527 893 1
1813 553 1
1989 554 1
826 1241 1
1129 1494 273135864
473 1147 966587031
1294 232 44148328
321 186 787634660
1499 393 1
1350 1050 1
1877 1101 1
25 1550 1
144 1717 137066321
540 1941 1
1596 384 234
471 525 1
135 1226 1
16 1458 255211877
1515 469 44470859
1334 255 834113571
300 988 1
1833 264 1
247 360 218262252
454 279 394
1848 1002 185564009
1351 1778 1
728 755 321037756
1150 1557 17403489
1806 1954 270063194
337 1874 67239516
829 1683 1
1103 1211 931367634
986 118 154390644
1167 331 344384029
329 1709 3047986
454 1596 9
1268 1799 1
723 1196 1
1627 711 286540656
45 1766 1
1637 905 391913859
479 376 2868443
1280 1229 248055916
731 1335 347146136
930 308 1
310 302 1
1378 1012 309448014
117 1625 127162647
1762 1677 582177888
1989 951 1
58 1163 8518755
629 891 1
209 227 1
454 1563 4
1046 135 1
1292 1500 45242414
827 1749 793370305
405 770 230596349
567 643 263981276
125 420 79613972
867 883 209647951
1051 944 1
1106 1742 138526615
1246 1750 1
894 154 1
454 618 3
82 1898 1
257 1024 137743861
49 1559 1
15 1310 1
1078 1162 178144276
1699 538 910810635
1328 431 106959391
1310 1807 1
594 929 1
124 1532 291730107
779 1792 60050689
607 1342 586103844
1537 722 1
1978 1249 1
57 464 1
651 215 1
341 1351 1
141 569 1
1067 336 1
51 963 1
993 713 106601697
174 1886 1
565 888 104290627
1053 1008 1
1297 542 217938124
532 1131 1
1506 1630 197632284
1257 1278 219554655
275 116 1
1229 347 381162995
1289 961 1
895 1106 157707843
52 763 146410711
298 1041 1
261 173 1
1054 832 123438592
597 1640 220594821
1656 1232 1
319 1444 211489966
1453 1133 305405700
767 1949 1
1853 1142 1
388 1918 1
1734 1044 1
668 731 125960562
83 1403 1
845 790 1
681 1357 22434106
1899 1721 890721908
1038 1671 178710291
1392 749 1
885 1183 1
610 386 1
1380 518 1
1832 1657 117365230
458 1370 494735049
1629 1289 1
526 1576 1
1108 1826 142739499
1886 622 1
1588 1821 1
1426 1504 51742853
1371 59 19026666
602 1823 167231778
1262 1365 59817203
12 1349 712057880
1557 399 225787522
226 634 15752341
56 1395 197733768
507 699 365385100
1270 607 125931006
1674 1093 64629820
890 63 1
1590 1539 623809653
1292 1474 839409702
1573 774 72
1438 1696 1
752 1051 1
1636 680 1
1604 1552 24521215
225 1450 120248841
172 39 1
965 872 103566891
1208 604 1
736 827 218444172
632 330 287227406
741 452 1
1774 148 1
180 397 520897073
825 1368 39087506
1406 844 399471354
199 1793 68820342
343 1808 1
1387 1697 1
1711 825 151492604
336 8 1
1956 89 1
595 1284 1
168 1937 754456267
1908 573 1
1996 326 988351440
271 537 1
1804 1969 186773524
871 1181 244141869
751 1508 1
1407 762 198832266
706 1015 683725326
1962 309 1
1589 134 27115375
553 1058 1
223 1315 146408774
1485 802 1
1960 192 897452943
459 1462 1
1933 224 1
305 1589 135125450
1510 1068 333561015
1261 1157 205622350
229 1462 1
1757 55 218268419
829 1601 1
919 1038 209735290
1855 495 1
647 563 228023231
488 486 108170041
1508 1632 1
1121 511 180778031
1303 1429 45451803
1947 1673 1
1554 858 896390061
620 828 1
195 1868 82233868
1033 319 10828700
1827 129 131380313
1459 261 1
1045 1438 1
846 990 1
890 79 1
1025 1537 1
1118 454 269311
1397 47 1
1644 1655 79464061
239 356 1
1848 1736 446691178
829 611 1
492 502 326097840
986 1599 129306319
1593 1792 208960057
1352 764 1
318 90 1475041
1272 525 1
342 940 1
590 1729 1
680 1192 1
456 1209 1
1067 1718 1
336 485 1
436 497 68558027
766 596 101544211
556 639 314049327
445 370 1
560 190 1
847 595 1
970 702 335855183
904 1985 1
1603 1046 1
454 1889 208243
378 951 1
636 1752 168963964
114 1706 1
634 127 16877326
1362 72 1
1087 1199 36795220
1871 1179 110571354
492 1679 229090428
1439 884 1
73 1771 210535748
1200 1651 1
1504 231 164446810
1490 515 312775698
1953 1863 1
470 1451 1
1472 1457 1
1507 959 5307027
1453 1512 225198479
1886 340 1
445 141 1
482 723 1
234 1936 1
430 1047 42042622
1165 657 38667460
538 1963 110583081
1120 1095 1
1634 1560 198277720
654 736 239188914
428 795 625209346
981 1821 1
711 269 49647879
1835 732 1
801 560 1
1253 1257 291846617
916 785 70343371
239 240 1
1153 369 167626789
289 1835 1
935 110 1
413 1509 1
68 767 1
725 1294 544249250
343 1737 1
861 203 1
732 1340 1
454 1701 10452
1364 727 123263789
1394 1010 1
1397 407 1
1530 905 199337898
1461 233 1
669 632 148186977
1953 1138 1
1954 1585 227857981
754 332 140665617
761 1375 145461177
532 1057 1
1230 86 1
1258 1623 104708198
506 1530 397190673
1591 1006 175857613
121 1110 1
1634 365 667658413
953 1065 412109258
1988 575 746592134
924 507 259155028
1961 347 249155284
1723 1778 1
905 1958 7774468
1440 515 204924493
949 1108 220943768
1096 467 204190571
896 143 1
700 54 1
1865 1688 1
1380 1053 1
417 1372 201982627
111 457 1
1099 1465 1
1257 987 1
41 1043 64891650
246 77 260147419
1074 907 175383496
1046 1226 1
1278 236 751287626
1714 460 1
184 1812 1
346 1093 769440898
687 339 1
196 724 1
74 890 1
316 41 233658106
2000 674 1
33 1382 1
227 1919 1
937 1276 1
1250 1621 615905123
1789 598 1
375 315 239835477
1133 597 277657942
1395 507 221279451
585 1925 19227776
899 1214 1
637 1163 193602844
1676 1562 141676262
1013 995 188204104
665 1698 143467695
1958 442 258172216
901 1409 1
454 1265 28
109 26 174004009
1595 1590 418583170
1565 628 1
422 1491 1
209 722 1
172 1975 1
1456 952 250304238
1474 546 122729853
889 1560 606998223
1862 1873 663815768
1544 452 1
42 378 1
453 833 1
1725 1943 158127619
1894 756 1
177 6 189031858
1989 775 1
288 1642 190609066
631 1022 869980140
937 1166 1
839 1801 233658330
896 912 1
1137 759 200011808
830 544 201355684
1325 41 927854950
1337 107 809000806
10 208 643868005
623 1961 322542974
4 1545 1
721 649 1
1379 1638 1
1544 741 1
1246 1685 1
1139 479 54516072
1282 1747 73774564
1931 1640 250898086
280 422 1
1653 1065 57978903
1301 1496 381661320
371 554 1
1472 1419 1
1303 559 54753015
189 1532 4473291
1255 727 475128275
1615 1433 434305015
1514 458 101234134
1332 1718 1
1433 444 53302735
749 799 1
1546 13 1
1472 1647 1
1752 177 128879973
1914 591 819254982
1440 1871 330040664
1876 1316 1
1623 530 419769671
757 1114 1
1168 1417 189561446
896 715 1
1441 49 1
1163 1384 43772191
260 605 1
94 1649 1
283 483 533855990
1531 714 119364680
1643 506 179628638
845 1774 1
1978 615 1
1947 351 1
120 375 230282909
1585 974 49916536
72 1451 1
885 204 1
727 50 639714534
1296 182 676310593
19 1328 267684737
11 1335 178705226
1686 1899 20159788
1450 1747 124686361
264 1939 1
896 660 1
364 400 148227923
194 680 1
1040 10 100946323
1704 289 1
1144 267 1
760 1453 213807293
615 1249 1
1608 389 324462338
1630 1795 71246691
1898 383 1
839 1890 868273289
928 1350 1
1092 1714 1
1490 1440 107850970
1628 737 1
7 1917 1
1577 820 192839953
442 106 102461921
1655 1330 163006879
364 582 166015236
1617 176 1
1546 468 1
564 141 1
699 311 189245715
872 181 142254609
1067 1363 1
1520 843 50723002
89 1813 1
340 629 1
1813 1058 1
1009 350 54709605
1977 886 217551675
837 38 1
814 57 1
998 527 1
1063 707 1
153 1461 192071504
1062 551 245098677
1702 1139 79076695
897 345 3559
412 84 229455292
396 1268 1
1211 1500 865784009
1226 1574 1
1882 97 356110745
318 1505 151818461
1463 1959 414840861
1831 1587 289013567
1969 1087 758187735
295 1377 1
187 322 192987461
1586 954 243363251
1030 712 1
729 967 1
1540 1702 3388025
1293 166 214678139
652 635 1
1358 1390 270293360
1046 1332 1
772 1798 190658636
127 1404 337504622
210 675 65045072
856 1864 163867706
1344 1442 1
899 1200 1
52 423 396515224
331 1434 102273016
1319 299 1
1652 1773 222111214
123 1449 175188584
607 1909 197060952
553 1499 1
470 72 1
239 676 1
89 1501 1
787 1906 143160029
586 547 20835096
1364 1738 966829337
1719 1366 334291644
956 1818 1
298 213 1
1244 1650 332217042
744 81 218926882
698 855 348105827
976 540 1
76 1031 1
887 323 661114075
605 1979 1
209 414 1
1591 1507 214536595
1380 664 1
113 1524 593340633
1646 1878 23743209
515 1871 125115935
596 522 206521111
978 1955 490398465
1708 1996 890365049
584 1855 1
1034 1439 1
1045 338 1
1878 1582 286081165
1800 1520 210787259
1500 546 632277569
303 1038 368287506
1031 1 1
454 1573 1938
732 1765 1
1030 1789 1
557 1148 665042538
1575 1983 948385074
1907 1103 31564304
1044 869 1
1694 1895 1
200 1972 14508958
893 1069 1
337 984 104519895
1172 36 111849014
49 349 1
874 1434 290960205
315 1784 18634946
1429 559 9301037
1543 704 112353629
109 1001 162588666
328 1231 182921902
382 1021 1
1700 928 1
1808 1391 1
1368 1627 171852068
1053 248 1
897 1847 2584
79 142 1
750 976 1
1337 991 754856761
444 1589 332810243
2000 111 1
767 1188 1
1565 648 1
1342 100 975759379
1390 655 217265885
1776 634 579332385
1865 2000 1
1528 779 260992874
1831 679 193390105
777 1633 33072885
51 1189 1
1332 1472 1
1106 1277 101880344
946 1260 1
1379 910 1
1456 363 74144144
1414 361 1
1731 851 602017009
46 1751 1
796 933 1
390 1708 63086766
1270 1909 644341186
1705 1430 1
1534 1796 1
1529 1040 149152174
1733 532 1
1529 10 909794898
374 395 1
191 1486 1
1385 303 227526956
1805 427 175650570
1402 1373 38617397
1492 1068 218306379
785 612 345894775
1335 792 349240814
1853 1354 1
1671 385 57174733
350 978 185789666
117 1914 658028580
888 1878 842887755
345 1573 10312
7 985 1
1967 23 1
550 147 1
1200 1203 1
805 1504 68035253
1945 503 1
1466 246 39067329
469 1473 651799238
689 461 1
1610 1220 1
1565 342 1
1911 965 875969408
837 1343 1
1277 1742 36646262
498 1284 1
379 28 938046455
1110 1656 1
603 17 553023659
1880 1987 1
1520 101 291966332
712 687 1
275 1030 1
658 435 227975721
691 1162 170395922
1175 1905 47933779
1336 319 168912830
1090 1137 455494020
1654 202 1
574 1386 1
540 1380 1
690 659 157638439
1728 258 390159739
733 1364 627389637
232 293 408361395
247 1286 179893597
924 1395 37875552
1970 1466 200499607
89 1546 1
143 642 1
356 1376 1
947 920 1
1662 1336 63454297
1989 989 1
613 269 146740843
1524 704 942392136
211 805 167797568
1271 937 1
357 394 114230055
25 1046 1
988 60 1
1886 629 1
1044 1394 1
1590 970 62494713
184 584 1
826 1011 1
759 1675 156163505
1989 1193 1
295 1880 1
531 1829 229726783
388 194 1
362 686 527562278
639 1722 153028092
209 1607 1
1639 916 6389279
194 1636 1
80 1753 1
1894 276 1
1978 1077 1
847 498 1
107 1840 142464583
1890 1207 48605604
150 305 198045120
1180 1115 207035606
1231 654 167822145
469 1554 228985768
1853 543 1
573 37 1
197 1145 1
712 1533 1
1567 99 1
1795 238 738400565
1568 65 143532848
246 1149 17383298
141 1019 1
1850 782 179598803
666 1603 1
672 501 147184345
1362 1272 1
688 1894 1
1876 472 1
692 1141 134337700
336 1363 1
573 1267 1
760 710 32475041
615 1808 1
1020 1879 1
1113 1109 1
1962 1691 1
861 605 1
836 586 126546160
1250 292 22182208
179 460 1
591 1592 342027656
184 550 1
1198 366 190208175
1231 736 407011060
995 1952 1198293
1200 9 1
1539 1250 771148949
1707 52 428754468
1660 370 1
1157 824 147472300
1266 1421 206928818
498 553 1
485 271 1
1824 1152 101920791
779 992 122237982
1181 1190 267610090
1447 174 1
808 1965 1
1286 360 38368618
1052 647 104609517
1391 1497 1
942 1157 105726521
1561 476 168680654
1560 365 51443754
1751 1927 1
1495 1911 187602615
91 196 1
141 1171 1
1723 218 1
1024 390 86906488
53 402 1
882 1329 1
162 678 182791414
944 1814 1
1611 1781 508771827
454 1870 80
1196 1204 1
564 445 1
1649 808 1
1705 60 1
797 932 197050799
1811 1615 219059845
666 482 1
339 80 1
1063 590 1
837 906 1
861 443 1
1037 1881 88840573
513 1423 1
421 1471 633088527
39 885 1
780 1489 1
213 1041 1
573 114 1
743 1467 244235752
1031 1020 1
1410 333 1
403 120 700940
1558 1368 123734990
1765 1340 1
1042 1061 1
1933 1410 1
1749 754 19841137
845 946 1
773 1458 140812583
292 1621 123988272
1996 745 104544544
184 948 1
393 33 1
1357 40 149678849
105 1695 1
383 1460 1
1541 645 235794944
184 147 1
1555 1791 92892328
1718 217 1
28 1575 94069444
1570 1027 304457793
241 15 1
1503 40 35856951
1263 1374 1
1869 747 11124
829 1236 1
591 509 166013231
420 1175 108646810
1717 818 156544709
815 171 127288223
599 1884 1
1330 1910 164257534
183 1283 1
1416 1849 1
504 1317 472797551
1989 1197 1
1234 810 62283162
148 1401 1
1242 18 6
844 1234 51758583
385 770 454318602
886 531 537709341
1361 1838 1
1618 1519 168723098
982 36 55715842
1473 858 219778309
1172 982 56133160
1008 1322 1
330 263 244764547
1763 602 10717030
419 635 1
890 142 1
573 909 1
454 1123 3
81 1820 154508072
277 925 1
937 1908 1
1123 1346 1
1087 1318 840815033
431 681 106921707
688 756 1
118 1124 66482818
95 529 393976777
976 718 1
781 223 711465429
1960 1134 214461893
198 450 1
1253 696 119568578
1843 1618 884825991
1813 1501 1
749 656 1
1458 739 42289062
672 753 424254056
1947 1477 1
282 1800 61424489
1872 637 273010080
326 670 18750845
1092 179 1
1909 1342 237124688
84 1195 270349941
673 1201 211734538
381 492 151420233
485 46 1
509 1960 286408336
191 1173 1
1664 721 1
738 1521 119439388
1163 1806 232435461
742 529 209784862
777 504 342901326
652 51 1
928 1050 1
998 893 1
1513 606 1
976 1941 1
1723 1113 1
1620 466 67725702
684 1448 1
874 331 188686987
1810 1155 1
1208 780 1
1425 1192 1
648 1362 1
1655 1186 237825874
1048 164 1
814 464 1
1705 983 1
4 1083 1
1883 1114 1
1214 1833 1
1333 1757 424537943
220 918 68242184
958 1301 677672488
1711 1558 66845121
1521 871 426664311
1318 1681 2473563
719 1081 167190395
1905 1479 42132123
508 329 62700252
306 914 1
669 1570 37717596
1888 1948 246621894
947 964 1
13 1215 1
666 1760 1
1853 798 1
1873 1620 220388681
555 105 1
731 11 168440890
1372 874 265393207
755 1421 60312872
1899 1787 193522652
154 1901 1
1434 1239 185139739
21 933 1
1298 701 62342444
835 1469 1
1206 180 249045963
192 1776 112843292
1066 1751 1
216 1783 427904756
1075 1665 1
899 9 1
984 671 224787127
209 1283 1
1224 1805 317033400
980 1989 1
1375 1831 56001705
517 1901 1
564 121 1
626 1109 1
454 897 15806
1457 1419 1
1358 627 94739816
1792 992 62187219
1829 510 799021503
1855 550 1
1853 209 1
1452 935 1
1631 1407 28132052
238 441 16195410
1580 1153 185851550
25 135 1
357 1832 166354905
1933 448 1
1005 1907 1215546
1978 1838 1
1049 1345 1
769 1572 110506818
1694 1144 1
812 1826 34511088
550 688 1
413 1830 1
1278 1748 214454201
564 1171 1
712 1724 1
1705 1649 1
1882 1311 165377113
484 745 718269862
851 777 108038431
388 1082 1
1060 555 1
952 607 441946799
1722 823 256129028
1658 1169 281545171
473 1148 161844430
529 282 18627206
1886 512 1
1833 254 1
388 83 1
445 862 1
1435 1741 221483380
996 1604 218407760
1526 1440 333402274
611 1588 1
1975 240 1
1097 1297 7696167
509 1592 84406675
412 1399 439074514
171 1662 344700726
1266 755 146615943
527 34 1
775 564 1
1588 402 1
1633 975 623876953
602 856 56150555
27 512 1
1264 966 334475014
1818 527 1
377 1877 1
847 1956 1
763 423 199122731
1729 214 1
315 738 208259907
1824 1827 147371958
712 128 1
423 706 138418216
1624 1086 112509199
1618 273 866495891
1700 1392 1
628 87 1
1658 381 169140838
1642 1599 147740104
885 574 1
1069 1600 1
1986 1100 1
766 1900 296755261
1104 700 1
1157 1427 233307364
141 170 1
1086 1843 223068023
1388 1303 113550926
1833 191 1
793 1487 619155003
1976 1642 427243602
1120 1102 1
1566 761 907782721
355 266 1
1123 923 1
209 1912 1
24 176 1
141 1981 1
415 1769 1
666 1550 1
1281 424 1
200 1296 204477435
1911 481 79161550
554 775 1
1171 1981 1
1989 42 1
1487 1463 900009772
646 1541 339190484
827 500 244876872
413 320 1
1704 183 1
697 1882 199618866
1613 813 1
122 1564 26814178
1650 1872 296024129
1169 492 39015899
107 991 248156213
1294 387 457381992
1926 979 1
1547 782 993402413
1176 971 842435255
406 284 253814132
458 960 68046698
238 437 806532875
589 1758 1
862 252 1
1361 1316 1
1760 870 1
209 790 1
323 346 891200286
1696 1089 1
887 1411 152541682
730 568 8123877
1946 841 1
350 416 568357889
1379 935 1
812 1275 102834639
1735 257 309020573
524 340 1
1046 259 1
1123 1945 1
596 1900 195210914
1356 1029 240879988
358 46 1
1389 368 1
516 796 1
330 1964 97612074
1981 569 1
1820 1365 183159547
381 1169 112404302
1873 466 288114384
1682 432 1
934 230 1
1844 630 990956331
865 27 1
573 1775 1
1897 216 178139747
883 1819 74684286
580 1699 182126821
131 24 1
1457 1822 1
1638 172 1
234 1209 1
165 1388 126259551
1239 683 216230938
1629 1986 1
1597 1506 154475545
287 1492 134643736
1291 860 391832411
1644 1330 242471157
371 1321 1
998 1818 1
1200 278 1
209 1553 1
1427 717 141814726
1478 1244 178346193
894 1084 1
1000 373 23146666
84 1399 209619192
197 1703 1
1998 1189 1
248 353 1
937 1527 1
51 1998 1
79 534 1
309 796 1
1808 543 1
1019 170 1
1060 1376 1
168 1022 166440690
1819 681 199646001
643 1624 71011149
796 21 1
325 483 146775391
833 1248 1
1441 964 1
568 165 318897395
1781 848 855055063
1734 1472 1
1920 1946 1
31 162 193680024
622 1397 1
239 1975 1
1149 77 242764052
1003 576 936546590
749 526 1
1076 1625 340476193
1989 91 1
787 1735 407047157
981 160 1
1557 1973 363604704
770 125 86926731
752 709 1
1978 1361 1
1828 318 206385279
1203 1651 1
1359 152 204211872
1269 315 243308797
762 1000 16511521
1078 691 7748353
1228 243 39
1373 646 223686307
1251 1074 206355488
374 816 1
558 833 1
1487 1959 977685451
234 327 1
74 320 1
652 1551 1
1275 773 303479422
1640 875 126628982
508 1709 290986621
1930 503 1
53 1565 1
119 1455 1
1889 747 80643
1497 1672 1
1833 708 1
148 807 1
550 1605 1
1783 1782 119555659
696 1278 848810054
502 247 37295206
1235 139 419314888
141 876 1
172 1534 1
513 614 1
104 163 1
627 1390 175553514
753 1005 440766490
1518 7 1
426 769 405322856
239 1177 1
829 709 1
793 1841 23404156
1723 1351 1
1837 1481 221254881
558 104 1
454 243 2
550 1221 1
65 162 412287133
1449 1334 231340928
115 442 79551934
365 548 186459136
569 1759 1
1223 287 421474213
25 401 1
477 556 171939511
1077 1788 1
1753 693 1
1323 578 120811953
1548 1985 1
1774 295 1
815 941 341410205
1622 1857 1
1030 735 1
1461 894 1
1727 56 277632474
32 1925 54847717
1690 1502 1
1297 1586 223905347
1321 1613 1
937 37 1
1466 1149 56450695
1234 1333 346081123
646 139 229730455
948 1584 1
595 498 1
1446 636 70229257
1820 1262 123342179
1754 1660 1
885 1268 1
1290 1431 1
36 1105 172274892
1768 1726 1
1754 42 1
1419 854 1
1994 458 784736254
221 1441 1
1464 908 1
472 291 1
1211 1292 244022335
729 1396 1
875 819 163623772
1211 1352 1
30 1567 1
1385 313 9768284
825 296 136226804
768 1388 213473600
255 1693 113692014
550 1422 1
1072 1885 218723938
1321 649 1
530 1293 71233272
423 1923 228714006
572 17 244645660
513 1581 1
554 771 1
306 1666 1
1376 1934 1
1094 1054 884843406
570 1939 1
666 1712 1
1027 1964 190851070
1406 1432 210564336
408 806 1
188 927 396378261
1196 852 1
347 171 258314101
638 255 174848334
1061 1021 1
154 517 1
453 558 1
1104 804 1
425 899 1
1348 61 30888
94 1965 1
307 1091 216650009
418 1531 122308324
1096 1256 209470261
1479 1013 288664674
343 1482 1
360 1597 408208193
1044 30 1
430 1078 386750841
530 166 449794342
416 1955 237443110
780 1452 1
1933 694 1
172 1842 1
1432 1234 594080245
1211 764 1
1044 1098 1
1165 838 143135265
1936 1455 1
481 872 445323513
388 740 1
418 714 241673023
1273 645 73381836
221 947 1
948 1441 1
511 541 272807790
304 1024 960465451
1872 1922 236070423
1878 1146 59110521
1573 384 1697
389 1323 136986200
1997 1767 1
1065 1456 482697570
339 693 1
234 47 1
1200 1833 1
1621 1258 244902317
1321 1664 1
652 419 1
1321 496 1
1808 5 1
615 1447 1
1002 1736 44301066
1657 1643 4753252
1063 1729 1
204 1830 1
1305 308 1
1059 397 839704
1422 495 1
1044 1010 1
1208 1452 1
1295 1715 389874559
1832 1643 122118746
1079 1966 123507825
44 633 424980663
1762 1094 127096
1896 490 171639464
399 1973 16629232
462 987 1
131 915 1
1174 955 1
1700 749 1
1035 1349 193803702
476 1713 261497789
295 1987 1
404 1853 1
447 1152 227832772
1989 131 1
1109 1360 1
511 1707 64788859
1803 82 1
175 1631 271261311
1826 1275 68323472
610 1339 1
748 769 40186938
780 829 1
1475 475 98162138
1588 342 1
1716 1953 1
1791 624 207437557
39 523 1
6 1668 147614799
752 1629 1
1709 1746 221012856
1964 836 370915054
1481 1253 135385309
752 1379 1
1948 316 620944323
529 1800 80051783
1006 959 43986010
754 1090 811792238
608 122 324204282
513 700 1
1081 505 757712419
1243 537 1
763 706 860701173
481 1946 1
998 1320 1
1304 55 436342477
181 350 742765174
881 897 6541
482 415 1
1855 422 1
121 1656 1
1170 364 319568010
1632 1281 1
1430 983 1
531 1028 363116537
1496 536 966586843
1105 490 67579633
1972 1296 145558883
1812 584 1
885 1367 1
592 1182 93570714
794 1398 1768548
1211 1347 1
24 1536 1
1211 1119 1
904 245 1
1691 861 1
1649 1430 1
798 1354 1
1813 1036 1
1107 690 82719352
1722 1288 237529715
1200 1712 1
1482 1764 1
1241 1483 1
587 429 1
1787 1721 55459577
1469 937 1
209 892 1
289 1247 1
513 1132 1
74 885 1
1327 1210 938124542
446 441 338882894
723 265 1
455 297 42335280
1913 743 40258062
258 1831 826368167
1781 1355 147006956
1148 1147 71185340
1946 1480 1
776 1280 202476411
1117 130 1
1588 1565 1
342 1418 1
454 494 6
526 96 1
1563 1967 1
1235 646 189584252
1942 609 78163115
486 873 351020759
1742 982 236738044
234 1397 1
25 870 1
810 1304 474555961
1866 1647 1
1330 1186 74818777
74 63 1
1246 2000 1
320 1509 1
437 1072 226331236
19 883 207235550
26 1435 341034577
437 1885 822660742
485 358 1
974 913 147999440
273 996 74679561
406 1218 74494824
1289 1893 1
1572 64 235314041
1835 1765 1
626 1113 1
1625 1914 230035313
723 415 1
1858 400 330699075
1077 581 1
624 1698 323669458
439 281 257980016
718 1194 1
712 334 1
549 1017 1
514 1014 10458904
545 784 1
1549 173 1
1060 1934 1
1951 922 1
930 1119 1
1877 270 1
916 1412 648417381
1754 997 1
1682 1387 1
1147 552 853272112
307 1506 137366898
1381 658 94693579
1134 1776 795975905
212 1862 53674522
1289 705 1
1566 1728 116404903
544 1977 176194446
1813 468 1
476 1780 91219021
1530 1958 207112635
154 1084 1
594 1202 1
1449 638 788609716
414 230 1
752 1408 1
1357 1503 113821651
1879 1997 1
504 975 99281380
1563 998 1
1362 751 1
1723 414 1
1694 685 1
1611 1116 193014309
600 1012 243101471
811 1120 1
67 839 137318530
752 136 1
1079 324 264101233
670 1264 429145990
927 187 18397082
1814 663 1
1664 1125 1
1164 523 1
1597 307 17108606
1402 1235 72719451
1813 1851 1
877 346 47775721
1594 1097 159913584
1645 1974 247625662
48 1577 234945866
1909 188 897820174
388 1636 1
1690 687 1
1748 958 746671938
231 1680 293926373
1293 167 875782824
810 1333 170655620
1982 575 177093412
1060 1695 1
460 1056 1
1246 1865 1
1808 1598 1
557 473 119848422
1413 1529 248391569
253 1443 209107474
428 354 109914293
1311 97 190733630
780 1860 1
804 310 1
1391 1544 1
929 729 1
739 742 369495962
467 1256 5279675
549 599 1
4 911 1
952 1270 348870
367 218 1
801 190 1
1554 1473 75232228
1980 1053 1
605 1700 1
965 181 363556571
239 198 1
1989 724 1
1723 589 1
328 654 350744047
186 781 469665972
1628 1865 1
647 1852 433337147
1954 609 32765985
1970 246 239567003
1387 652 1
1207 1699 802906605
1444 391 116235663
328 1669
