1000
1 2
3 2
4 1
5 4
2 6
2 7
4 8
9 5
6 10
2 11
12 10
2 13
12 14
15 5
16 12
17 1
18 15
14 19
20 10
21 17
22 15
23 13
18 24
11 25
12 26
4 27
28 7
29 2
19 30
31 23
32 9
33 11
29 34
35 30
28 36
37 34
38 3
34 39
40 20
41 27
42 37
43 7
37 44
45 29
31 46
47 25
46 48
49 19
42 50
51 25
52 47
26 53
54 21
21 55
56 28
36 57
51 58
59 35
51 60
61 8
44 62
63 14
10 64
64 65
66 28
67 64
29 68
17 69
35 70
71 57
72 63
73 46
22 74
71 75
26 76
30 77
25 78
79 63
66 80
58 81
26 82
83 58
9 84
85 64
86 7
87 35
88 49
42 89
73 90
32 91
66 92
31 93
94 25
95 84
96 40
41 97
11 98
99 33
100 56
101 30
102 30
96 103
3 104
103 105
106 83
107 98
108 48
109 28
23 110
111 26
112 29
102 113
105 114
39 115
93 116
31 117
15 118
119 10
28 120
121 30
54 122
123 120
94 124
116 125
126 68
47 127
6 128
129 8
85 130
131 21
132 18
133 60
134 13
122 135
136 115
137 117
138 23
139 28
140 114
131 141
73 142
142 143
144 109
145 103
140 146
56 147
148 89
149 96
150 6
131 151
152 65
86 153
154 145
155 113
156 27
157 154
129 158
88 159
154 160
92 161
82 162
161 163
164 128
7 165
166 136
167 41
157 168
9 169
104 170
162 171
76 172
120 173
5 174
111 175
125 176
174 177
77 178
179 88
28 180
181 133
103 182
77 183
184 77
185 100
32 186
187 139
188 150
189 41
175 190
191 58
19 192
193 165
194 96
195 33
196 1
83 197
198 13
199 131
200 119
201 193
146 202
145 203
139 204
33 205
206 142
207 128
208 169
42 209
210 8
155 211
212 146
213 192
214 133
26 215
191 216
217 7
218 158
219 73
43 220
221 197
222 198
114 223
17 224
225 4
226 195
11 227
228 182
193 229
57 230
99 231
232 153
233 39
234 142
235 173
163 236
76 237
147 238
239 176
128 240
241 235
242 6
243 194
244 212
245 221
246 206
224 247
60 248
192 249
16 250
251 182
252 132
253 47
148 254
16 255
56 256
151 257
258 27
175 259
14 260
96 261
19 262
13 263
264 19
74 265
266 222
267 33
75 268
253 269
166 270
205 271
89 272
273 17
86 274
275 130
276 134
18 277
73 278
279 29
128 280
62 281
38 282
36 283
284 160
285 246
81 286
287 234
288 172
32 289
290 271
291 175
292 97
293 52
294 92
295 294
296 156
186 297
249 298
92 299
300 99
301 90
302 117
201 303
287 304
173 305
262 306
307 53
308 249
73 309
310 134
34 311
312 233
313 152
233 314
315 41
261 316
238 317
318 40
319 137
120 320
321 287
322 63
323 321
285 324
113 325
30 326
285 327
135 328
329 272
330 243
331 286
144 332
277 333
334 153
195 335
81 336
286 337
338 33
339 19
340 181
341 45
342 340
343 304
337 344
345 177
173 346
100 347
194 348
349 175
44 350
351 57
352 115
353 338
135 354
355 204
131 356
357 96
72 358
359 154
360 294
361 315
140 362
153 363
364 95
365 161
366 82
38 367
317 368
369 68
370 289
371 271
121 372
314 373
374 111
349 375
271 376
222 377
286 378
379 206
36 380
262 381
382 160
155 383
384 379
123 385
386 138
176 387
388 80
276 389
80 390
93 391
54 392
131 393
394 216
395 371
286 396
354 397
398 287
399 208
400 15
401 255
402 118
403 237
404 400
285 405
238 406
120 407
86 408
409 9
410 86
411 353
412 296
237 413
114 414
4 415
34 416
417 281
145 418
309 419
420 65
253 421
300 422
96 423
424 195
425 152
426 191
427 107
428 130
172 429
387 430
431 121
432 340
433 96
414 434
52 435
391 436
437 68
438 283
439 72
440 313
305 441
399 442
443 127
444 236
419 445
340 446
447 382
206 448
236 449
344 450
451 52
310 452
453 23
102 454
157 455
216 456
457 195
458 456
459 370
460 261
276 461
358 462
8 463
455 464
390 465
456 466
467 175
468 366
469 50
470 276
318 471
472 418
473 414
474 12
475 137
279 476
265 477
363 478
55 479
292 480
53 481
482 379
396 483
302 484
485 123
34 486
440 487
233 488
138 489
490 151
491 84
492 66
333 493
494 371
98 495
319 496
321 497
498 151
499 83
500 217
172 501
488 502
47 503
455 504
505 424
132 506
507 148
508 156
96 509
44 510
145 511
512 306
434 513
514 179
107 515
516 470
140 517
518 422
519 455
514 520
424 521
63 522
406 523
524 430
407 525
526 373
527 311
528 149
241 529
507 530
73 531
301 532
91 533
47 534
36 535
536 395
537 352
61 538
452 539
540 494
45 541
279 542
543 415
544 138
293 545
546 340
547 100
235 548
394 549
409 550
551 351
58 552
154 553
554 397
555 129
174 556
557 163
126 558
559 90
560 421
55 561
562 53
130 563
290 564
565 364
204 566
567 315
568 444
569 37
464 570
571 546
362 572
573 139
574 79
575 574
349 576
397 577
15 578
579 405
580 111
581 513
582 186
65 583
584 443
521 585
555 586
441 587
588 383
367 589
41 590
591 353
592 525
354 593
594 18
69 595
596 526
354 597
598 263
589 599
228 600
599 601
470 602
158 603
64 604
335 605
167 606
607 227
608 208
107 609
228 610
314 611
442 612
414 613
614 237
615 469
616 32
617 558
618 558
619 246
293 620
621 113
94 622
623 532
624 68
625 306
626 176
492 627
628 385
629 501
630 148
538 631
288 632
583 633
492 634
635 404
381 636
637 315
638 370
586 639
640 572
641 574
642 177
472 643
100 644
645 336
271 646
647 65
172 648
48 649
506 650
36 651
652 353
353 653
490 654
508 655
83 656
599 657
658 148
659 367
581 660
154 661
384 662
663 155
189 664
665 219
666 115
667 665
668 143
669 577
603 670
671 87
672 91
550 673
674 670
675 586
133 676
677 567
492 678
679 28
517 680
681 320
583 682
72 683
355 684
545 685
686 111
108 687
688 316
689 338
690 666
643 691
692 366
220 693
694 581
695 296
696 540
697 445
198 698
190 699
700 36
701 68
6 702
703 633
664 704
705 323
382 706
13 707
4 708
709 348
710 528
711 707
712 62
204 713
495 714
181 715
440 716
143 717
411 718
719 300
663 720
402 721
665 722
723 432
724 310
479 725
105 726
727 225
728 670
196 729
730 184
731 523
521 732
733 349
204 734
735 590
736 329
737 245
180 738
739 469
740 380
741 17
742 729
743 550
744 282
318 745
477 746
291 747
262 748
594 749
750 368
751 424
752 547
407 753
186 754
91 755
445 756
567 757
132 758
759 270
213 760
729 761
83 762
763 358
116 764
765 66
482 766
741 767
768 485
769 285
698 770
754 771
772 69
773 56
55 774
775 571
776 221
69 777
778 588
779 175
223 780
666 781
289 782
162 783
784 600
33 785
786 510
787 587
535 788
585 789
459 790
339 791
792 438
66 793
793 794
795 604
796 749
797 257
178 798
95 799
544 800
801 602
169 802
488 803
504 804
764 805
806 435
455 807
808 418
665 809
349 810
811 524
812 329
813 271
279 814
610 815
13 816
33 817
818 47
819 212
639 820
821 431
121 822
823 366
824 210
513 825
740 826
306 827
828 708
409 829
830 486
831 638
832 28
833 76
265 834
590 835
836 245
254 837
137 838
839 13
739 840
771 841
842 568
764 843
607 844
845 406
846 304
638 847
13 848
694 849
206 850
851 592
193 852
299 853
830 854
384 855
760 856
566 857
374 858
859 6
285 860
861 362
78 862
450 863
535 864
308 865
866 531
739 867
868 688
736 869
870 767
299 871
761 872
873 306
30 874
615 875
876 245
877 214
878 530
741 879
880 94
881 224
33 882
184 883
884 4
885 717
886 246
887 113
571 888
889 175
314 890
891 826
892 416
605 893
894 353
1 895
896 570
849 897
318 898
675 899
900 220
901 532
902 50
903 353
904 628
718 905
906 283
907 20
319 908
527 909
760 910
911 379
912 133
527 913
638 914
433 915
673 916
917 103
452 918
919 533
342 920
446 921
922 656
441 923
924 854
161 925
926 721
927 672
928 442
929 803
930 281
931 386
932 923
297 933
934 489
935 596
936 891
937 15
938 616
939 579
940 12
218 941
23 942
943 896
494 944
945 692
334 946
947 399
948 129
899 949
950 55
951 273
172 952
953 330
360 954
866 955
210 956
957 258
935 958
959 916
960 31
961 42
956 962
89 963
964 75
644 965
966 869
967 766
177 968
254 969
970 4
971 292
972 528
973 857
974 931
459 975
976 785
397 977
978 743
872 979
91 980
764 981
234 982
983 20
984 968
985 667
986 74
587 987
911 988
989 140
885 990
991 772
992 639
678 993
242 994
995 71
996 694
767 997
651 998
999 662
802 1000
90
426 1
205 1
413 1
46 62
245 2
995 1
133 10
317 3
762 1
931 1
533 2
874 1
881 1
988 1
590 1
561 1
598 1
164 1
622 1
816 1
335 2
138 8
165 1
512 1
847 1
738 1
656 2
352 1
53 4
421 2
361 1
274 1
134 11
302 1
388 1
501 2
710 1
62 3
971 1
65 12
51 43
792 1
444 1
822 1
299 1
934 1
710 1
469 4
865 1
850 1
647 1
445 3
460 1
886 1
769 1
607 2
536 1
365 1
352 1
626 1
347 1
839 1
222 2
625 1
816 1
353 5
71 3
920 1
488 3
346 1
45 2
163 7
116 11
503 1
805 1
734 1
812 1
225 2
984 1
846 1
827 1
898 1
372 1
663 1
585 1
419 3
720 1
219 6
960 1
104 2
31
499 67
346 3
431 20
26 34
822 33
236 87
394 27
349 24
693 18
801 44
432 86
696 8
754 97
193 21
820 7
72 22
562 91
53 51
524 65
957 80
62 65
524 0
829 35
954 12
683 76
158 89
293 99
777 61
843 31
661 0
639 80
