15
300 109 96
206 262
163 280
238 137
228 153
271 103
194 125
245 220
72 151
247 109
95 18
176 272
65 67
66 8
223 77
139 100
257 270
193 156
57 40
26 4
152 102
62 69
173 168
297 161
258 20
180 181
199 34
22 284
198 16
121 197
240 45
84 299
47 104
296 96
214 201
171 266
71 150
164 149
252 293
212 190
101 43
192 53
73 54
273 216
246 208
145 147
269 265
94 148
154 282
117 286
278 294
291 17
91 128
256 203
288 276
179 222
230 11
290 106
178 59
1 61
235 35
51 142
243 157
135 29
177 119
49 2
211 7
188 120
244 129
233 167
268 237
138 74
254 218
215 213
70 112
80 185
52 88
217 136
263 260
250 295
36 183
108 236
127 32
3 255
134 234
19 202
175 9
160 83
281 114
10 64
42 105
60 289
232 146
90 123
277 143
87 275
30 31
170 155
224 113
141 79
76 221
239 55
144 196
132 131
229 140
122 110
13 162
126 58
75 191
251 172
253 26
194 202
90 125
17 240
245 161
156 228
130 183
173 19
30 224
177 265
216 37
117 87
94 217
295 269
165 122
133 187
91 6
251 68
118 35
300 264
159 42
98 292
198 78
203 12
47 70
230 67
205 287
63 39
192 103
225 174
9 200
207 34
164 222
213 170
18 21
45 289
259 116
158 176
53 195
246 16
267 239
206 105
44 25
85 235
14 27
191 296
248 20
141 96
169 281
221 24
252 266
242 128
50 181
29 212
79 171
238 210
4 54
121 65
80 278
148 273
215 83
270 243
234 291
223 36
151 7
277 294
104 76
102 92
168 99
120 247
254 146
279 134
263 201
137 62
49 256
208 52
111 15
48 199
140 73
268 290
59 119
108 136
285 82
84 283
189 209
114 220
31 33
261 232
226 175
157 166
10 218
182 152
144 109
231 40
97 51
299 113
