1000 2000 2000
925 290
3 290
950 3
992 3
147 925
982 950
656 925
875 950
333 950
64 925
581 3
970 3
596 925
402 656
375 982
329 992
241 333
504 992
681 581
169 3
86 925
521 290
884 681
951 992
384 329
289 875
668 3
390 884
325 925
485 875
539 951
965 951
971 290
661 289
865 875
141 884
129 970
351 390
749 950
793 290
93 329
153 749
565 147
639 147
803 141
313 147
855 971
27 504
868 681
807 3
362 868
930 970
429 504
435 539
626 27
690 351
726 402
727 690
346 362
945 951
193 865
80 27
416 129
162 3
272 793
136 241
794 656
637 375
828 656
205 153
623 193
481 661
266 290
720 596
778 485
836 925
464 626
546 325
937 793
71 778
750 485
148 803
6 333
138 80
632 241
430 6
987 690
956 266
959 865
584 266
862 313
719 970
151 668
63 565
604 416
635 690
974 959
293 726
177 430
376 793
28 937
544 727
752 604
254 992
755 959
675 937
107 148
235 376
2 937
683 162
631 750
557 793
699 435
128 293
373 868
573 325
598 138
501 930
223 266
418 598
92 965
838 177
740 485
217 27
673 223
245 971
998 2
200 153
923 481
458 435
593 956
161 683
915 293
784 362
44 481
174 752
144 598
334 699
482 836
647 128
419 174
26 836
365 416
567 334
655 334
609 80
454 138
595 28
525 293
157 482
877 217
864 673
909 293
120 784
363 26
85 161
763 128
526 525
677 609
707 604
518 200
41 673
283 223
610 750
380 909
733 380
933 675
516 609
943 501
711 974
20 85
580 482
947 595
529 144
657 283
700 750
75 464
894 283
455 784
534 283
811 733
805 610
505 719
317 235
140 683
900 987
531 458
550 245
776 943
448 419
310 140
892 784
256 595
798 107
477 256
232 647
110 310
341 573
91 85
279 501
592 419
953 128
242 526
171 254
716 223
405 174
253 609
165 998
540 798
431 419
471 915
764 894
517 900
392 915
949 798
984 592
344 516
222 157
831 110
340 20
421 477
503 947
969 256
664 317
427 984
39 380
648 763
257 831
187 517
227 91
722 253
766 120
239 91
337 421
989 174
132 949
919 171
744 595
999 283
396 648
295 363
833 75
321 344
887 531
498 864
286 242
890 227
996 20
224 120
741 20
634 448
22 864
385 831
772 540
839 283
678 505
754 337
553 657
247 805
782 798
701 187
576 222
437 610
220 239
523 634
368 996
100 634
558 257
469 100
519 469
194 368
538 242
809 517
87 257
413 984
603 431
499 171
16 295
795 242
693 469
267 634
879 100
942 776
400 942
184 469
164 892
251 701
601 942
619 100
33 257
924 576
407 222
883 619
62 716
910 340
311 969
135 385
506 405
447 311
536 87
848 839
324 766
669 517
948 421
473 996
343 16
653 754
48 754
651 239
263 969
515 33
152 48
552 224
494 653
143 879
275 741
665 999
777 651
822 324
40 400
264 413
562 833
4 311
790 653
650 132
56 324
213 538
489 257
876 407
502 499
614 343
676 407
615 924
15 924
620 634
94 693
316 558
679 833
946 87
954 651
284 498
490 772
994 15
433 368
703 40
882 143
756 62
767 679
936 519
783 924
186 490
845 263
281 385
588 264
781 267
149 669
907 267
450 489
493 679
14 777
817 135
328 343
991 552
30 213
815 783
867 693
530 493
104 530
758 822
355 936
83 936
209 619
37 40
670 135
597 615
769 493
118 777
674 562
160 815
897 48
195 135
449 552
717 186
170 703
537 924
133 275
508 537
214 328
204 845
751 449
122 936
339 209
456 502
409 845
305 991
121 536
901 777
119 121
869 717
746 936
641 669
428 676
287 195
908 948
629 213
60 790
804 936
175 703
383 160
491 876
607 152
512 650
23 530
940 908
704 30
105 758
134 449
932 449
799 281
484 799
206 186
800 607
459 122
101 703
32 175
308 940
386 186
732 746
570 308
261 409
425 119
221 14
357 674
689 339
282 570
786 449
935 32
685 530
612 932
628 597
54 897
846 869
583 357
197 104
667 383
824 118
422 355
861 800
31 670
902 32
680 37
352 908
917 641
585 667
911 134
268 746
212 101
82 817
705 449
159 607
404 422
271 512
605 629
636 134
672 60
814 118
545 786
130 352
972 629
735 261
652 133
660 130
913 585
9 861
410 383
708 383
66 512
881 456
509 410
243 352
843 308
231 605
791 800
775 221
312 206
398 212
926 583
291 221
496 312
608 607
349 605
207 708
278 636
579 197
734 512
358 804
918 509
488 197
874 312
893 652
483 911
480 804
453 814
353 66
870 799
335 491
309 243
1 130
240 902
139 9
825 704
250 459
265 386
237 545
980 480
849 82
646 583
921 212
249 849
125 935
986 278
181 825
878 708
43 545
183 352
432 893
820 66
372 628
591 921
238 921
382 660
827 372
47 911
467 861
347 628
226 268
507 579
246 139
688 705
359 197
873 775
113 825
393 181
81 347
773 480
236 82
709 480
621 207
663 621
423 660
366 870
792 918
826 709
126 921
866 130
127 636
166 708
939 47
112 398
420 125
65 127
69 250
156 826
155 734
146 291
415 843
762 347
318 467
111 621
706 432
801 65
397 125
742 420
666 825
662 918
730 483
79 358
67 663
73 312
258 734
524 398
739 825
123 309
627 432
52 238
269 709
297 483
304 155
124 265
560 366
985 372
787 183
117 918
108 73
21 69
76 1
976 591
446 488
42 985
912 126
872 393
760 773
219 249
966 117
178 591
255 236
747 183
381 966
952 921
434 249
5 124
18 146
158 297
785 912
371 709
192 255
68 124
511 76
53 347
116 866
658 446
462 126
394 112
497 511
401 393
616 434
260 826
259 742
963 730
960 76
528 801
642 113
326 762
770 236
571 111
813 760
77 366
578 528
338 952
922 69
348 773
411 259
555 952
654 158
964 326
510 117
779 434
336 730
167 326
55 259
810 123
444 166
465 922
582 146
10 401
691 55
564 116
543 10
551 79
847 69
547 964
424 348
594 255
330 462
979 912
12 73
871 21
461 666
851 336
389 304
25 381
360 627
364 25
89 966
599 260
163 258
715 871
618 68
973 551
563 163
168 560
36 259
885 371
369 547
520 108
532 922
898 715
625 770
460 616
114 532
7 810
38 42
11 616
731 547
589 168
840 973
967 952
225 219
863 424
931 18
533 510
748 461
8 338
50 460
88 336
150 348
332 779
180 642
857 364
196 979
452 528
600 964
988 326
968 497
856 326
659 625
84 36
590 582
812 963
575 616
835 810
687 7
19 594
145 625
978 654
306 332
990 8
475 369
438 225
696 360
294 847
17 810
736 88
938 180
72 411
587 389
216 543
713 967
90 691
322 17
889 306
487 564
303 938
541 36
895 460
201 871
442 533
574 487
457 90
46 150
806 216
406 7
191 460
645 25
102 715
188 847
602 201
229 659
472 461
842 871
569 898
106 46
115 687
189 36
527 168
745 196
208 863
702 322
230 835
860 36
904 812
412 452
320 102
354 406
172 715
103 618
426 978
832 191
633 659
403 520
729 306
395 475
899 457
854 84
439 172
561 988
513 460
59 904
977 8
929 633
98 645
941 412
768 856
886 412
695 748
474 332
350 842
514 395
61 354
997 600
710 115
823 889
796 895
374 472
738 106
934 895
302 796
718 216
97 115
24 17
896 306
638 899
723 208
728 46
606 587
834 541
436 374
468 929
957 834
753 322
478 832
686 302
466 696
743 46
190 302
891 90
859 561
443 514
234 929
182 374
797 443
479 889
274 806
858 443
548 191
958 322
29 895
233 574
789 738
983 103
771 98
45 806
142 229
586 426
327 771
880 710
837 442
345 208
96 899
721 45
981 406
640 190
920 837
273 771
961 728
617 513
577 961
852 633
684 899
202 858
210 142
624 577
808 852
35 103
95 834
367 586
903 859
535 859
315 443
927 743
995 903
816 771
780 96
301 172
296 210
818 439
244 640
698 796
379 350
58 468
694 202
252 439
298 244
74 561
319 190
697 202
470 98
1000 45
331 640
613 686
649 694
622 466
342 983
399 723
211 995
270 45
198 983
361 342
993 436
556 198
199 556
78 29
285 367
277 274
500 29
176 548
109 58
492 797
408 577
905 492
179 29
476 613
131 880
218 74
853 606
280 210
314 837
356 837
829 182
916 920
725 361
463 408
370 725
215 920
821 993
542 301
228 927
844 829
154 821
486 176
850 844
203 345
724 228
137 218
441 228
300 29
292 1000
682 821
643 694
387 649
765 45
714 285
759 96
572 577
830 927
757 981
323 961
819 1000
248 624
712 35
962 323
445 962
417 500
761 441
559 712
906 765
307 684
888 712
70 995
568 649
262 244
554 486
388 356
788 568
975 388
692 962
802 441
841 203
928 993
378 58
671 270
566 78
774 319
440 697
34 566
391 841
299 199
276 361
57 712
611 712
522 694
173 819
955 830
13 955
944 314
414 975
914 314
51 944
49 829
644 276
377 109
99 414
737 955
288 49
451 788
185 905
495 554
549 285
630 51
100 580
799 597
337 242
267 16
978 812
605 212
27 539
639 925
63 868
972 214
553 540
592 373
999 529
713 163
546 656
484 815
287 104
793 141
550 631
566 765
182 633
108 117
57 70
951 884
56 473
805 655
79 621
912 507
761 244
952 304
920 633
935 104
316 924
755 384
642 627
699 429
650 693
968 88
525 223
811 454
710 736
841 361
324 523
915 584
343 795
892 317
882 651
372 881
140 877
949 448
866 159
366 278
614 795
325 884
644 692
525 752
533 364
883 267
658 116
265 212
550 223
256 752
816 345
313 596
871 446
937 661
754 648
689 101
254 974
133 815
898 36
244 301
755 635
119 882
747 181
968 582
152 343
756 523
927 45
815 620
866 359
935 425
342 622
787 124
500 35
6 205
538 337
14 48
907 669
55 963
378 905
400 295
195 674
951 241
901 597
326 123
278 398
385 892
293 637
332 533
155 81
470 274
658 21
705 751
138 241
550 811
639 93
917 287
524 393
566 993
335 212
958 190
902 54
557 485
535 957
15 413
247 534
435 333
43 352
339 882
170 33
435 241
826 249
550 752
526 673
284 100
357 133
782 919
6 793
576 634
657 647
594 116
435 950
977 854
389 381
378 441
120 987
197 133
79 155
926 791
649 182
288 441
791 846
996 91
299 199
172 599
556 342
759 131
12 111
52 870
132 471
730 608
99 819
613 45
698 59
697 296
354 904
670 209
287 195
433 48
212 105
657 544
885 952
51 131
299 387
705 104
271 30
579 197
760 111
129 147
385 996
105 489
38 964
243 917
101 676
473 879
108 739
3 925
421 838
114 10
830 682
866 130
960 952
872 985
335 352
741 222
162 129
426 587
628 490
500 816
413 700
790 910
815 817
199 270
30 615
477 256
965 384
704 56
547 401
442 145
907 536
149 281
957 696
863 36
541 779
746 328
525 71
47 197
394 79
559 535
632 623
138 313
120 974
939 231
351 169
989 764
782 516
184 321
743 768
706 291
284 669
967 847
157 755
144 690
152 999
589 178
397 874
199 858
911 31
700 128
452 578
602 89
849 545
823 354
398 175
327 201
979 67
70 215
371 297
234 17
972 282
31 685
567 937
384 147
403 8
402 290
671 559
695 602
499 900
992 950
887 405
233 479
563 258
306 84
708 751
538 321
297 918
89 10
776 580
625 979
623 884
270 273
213 4
308 867
868 153
536 407
20 138
403 180
49 649
525 501
207 496
706 791
899 687
202 834
323 684
989 157
292 399
149 437
664 421
709 591
809 503
405 235
406 871
105 502
223 956
747 382
148 384
50 511
624 395
998 727
799 134
842 625
844 301
668 681
61 687
335 278
433 263
40 969
157 750
442 696
461 330
221 597
297 318
793 384
95 860
132 517
681 3
884 169
50 461
631 138
412 563
608 846
296 718
703 311
811 915
251 392
605 404
58 29
538 664
832 452
853 131
234 738
455 937
130 122
219 250
144 639
295 132
501 720
835 389
283 544
526 26
48 184
948 400
751 954
571 347
31 105
600 779
503 953
370 808
987 464
249 282
174 138
48 910
85 481
94 368
396 648
4 722
424 326
717 473
710 150
135 949
922 166
95 233
809 171
426 840
87 887
104 669
130 133
258 183
910 949
925 290
731 5
523 943
353 398
848 368
164 469
216 885
278 32
472 589
192 21
359 372
873 820
267 795
181 312
577 904
84 77
884 521
969 740
884 169
569 978
810 616
782 110
875 147
780 350
508 876
609 807
164 321
82 629
45 895
264 239
469 576
561 600
84 89
916 797
84 68
693 368
12 444
881 824
132 242
7 18
369 371
50 551
877 151
524 921
812 715
11 369
316 94
231 869
882 40
622 957
802 697
840 89
507 652
691 578
926 352
790 744
213 227
992 290
162 169
916 176
533 898
551 555
823 90
5 663
707 557
378 818
234 729
669 184
773 652
205 855
756 385
975 486
947 373
713 967
880 395
946 22
187 503
550 529
554 280
807 485
491 777
763 828
812 196
445 35
405 20
123 382
243 32
763 418
176 927
366 335
206 867
112 870
278 60
815 14
765 342
109 981
218 694
485 504
426 475
876 678
158 801
281 56
333 147
347 986
599 446
452 167
905 808
349 628
216 25
319 97
468 98
75 733
991 186
388 323
546 656
408 244
283 909
173 417
24 886
312 607
295 344
174 376
256 151
611 440
16 405
450 701
410 352
852 638
745 90
535 718
490 15
374 395
759 301
515 184
107 884
247 947
860 36
460 564
21 921
920 439
524 688
653 664
971 992
617 354
384 875
58 98
170 14
850 211
589 715
599 594
316 286
250 398
636 935
15 634
802 307
681 656
954 538
594 747
956 970
979 872
751 954
558 253
861 767
770 706
238 231
577 190
691 53
49 522
714 682
507 685
27 290
275 100
217 390
698 367
527 968
660 339
248 379
723 812
309 31
149 558
267 340
394 112
849 240
365 930
752 836
47 358
12 872
346 435
235 254
559 361
649 694
595 44
467 159
147 290
95 586
46 460
320 7
118 665
659 260
25 578
129 504
314 548
463 274
588 552
924 648
974 749
951 169
563 511
300 176
408 97
17 590
766 711
986 917
776 593
184 16
437 247
790 883
280 190
156 181
547 192
443 957
914 356
274 889
562 601
726 868
270 233
627 662
676 152
662 866
866 621
106 12
888 712
159 607
939 986
13 566
553 766
137 995
733 655
677 956
229 871
355 502
875 290
615 33
600 7
819 74
54 221
328 437
996 999
734 23
543 964
671 361
747 415
439 968
984 516
798 550
449 703
347 861
714 296
264 22
171 157
969 91
868 855
886 306
684 617
167 258
228 905
221 119
83 281
754 811
482 923
810 77
837 834
53 178
710 426
666 335
752 375
838 481
923 245
710 854
609 266
986 453
738 457
925 290
93 375
115 294
678 716
707 573
445 649
835 336
567 458
190 478
870 488
691 779
736 594
896 895
179 301
543 73
496 629
607 491
101 119
1 799
886 527
696 600
31 54
436 527
779 338
363 177
568 962
965 992
339 620
887 279
630 408
325 504
480 585
515 220
285 834
24 904
117 730
246 268
111 226
867 653
715 55
902 409
406 452
33 678
60 679
992 3
417 370
838 720
826 917
389 116
158 663
925 290
384 241
790 910
929 731
401 124
180 381
890 664
670 615
757 643
319 45
107 362
870 206
273 859
811 598
937 384
438 687
724 961
385 716
41 647
814 357
355 14
488 685
791 629
716 798
668 384
949 740
620 676
499 75
740 430
530 883
715 739
751 324
772 833
538 39
318 126
394 878
909 727
24 442
521 581
624 320
559 248
95 957
532 269
139 358
442 659
503 458
349 735
376 937
95 728
923 153
814 60
651 883
680 907
754 892
237 261
630 476
747 415
368 776
271 689
701 741
254 435
563 330
644 34
964 985
891 46
41 254
761 905
620 413
111 893
58 244
744 677
691 53
759 300
448 223
40 295
522 441
426 306
389 411
426 114
182 729
390 3
583 781
809 953
837 743
275 321
526 346
530 30
943 120
804 751
493 164
408 319
856 885
815 4
158 872
230 541
830 556
152 996
686 191
795 550
961 586
448 584
817 538
533 389
962 292
748 851
638 978
11 114
972 206
320 978
678 722
963 511
278 282
610 637
225 381
894 864
780 941
746 790
217 6
70 853
667 214
814 869
691 966
176 797
89 976
822 494
496 383
609 915
724 463
307 757
489 506
950 290
524 870
18 125
141 64
457 475
638 702
755 27
28 945
16 558
710 103
226 312
722 595
690 351
529 217
179 983
938 555
822 143
139 32
155 660
246 545
304 801
805 933
873 335
799 121
517 310
693 505
42 246
605 209
18 801
811 909
284 519
325 375
529 752
249 660
359 243
783 502
729 527
648 91
115 898
245 430
64 3
171 505
24 97
818 753
10 5
644 109
117 878
172 150
735 935
185 568
632 950
84 715
5 921
187 657
576 580
718 513
520 434
978 167
748 11
262 492
839 833
947 464
800 746
860 145
386 783
267 140
718 17
419 604
439 426
335 404
623 333
354 180
99 199
768 857
105 994
947 937
281 316
640 478
813 960
376 162
440 905
76 1
603 344
842 472
912 939
336 663
499 257
196 594
776 947
807 351
334 626
409 653
459 83
940 641
268 570
327 479
329 596
319 74
707 151
107 778
704 946
308 433
699 631
173 70
904 46
684 721
117 240
315 202
893 159
763 584
324 194
55 922
223 6
278 636
398 846
817 536
944 916
518 707
685 769
395 633
910 227
670 343
246 612
309 31
24 406
830 927
111 43
55 497
754 526
592 380
615 989
878 1
831 334
90 330
214 670
799 512
497 219
671 698
198 443
780 983
829 478
23 777
906 445
632 690
117 347
986 31
244 929
986 9
469 503
777 701
556 274
672 101
343 503
527 438
750 351
377 211
758 665
661 668
542 780
802 315
829 684
63 384
114 163
243 339
147 290
799 450
552 33
45 686
140 161
481 868
934 61
424 511
865 86
841 198
923 930
730 127
693 253
386 14
620 437
439 745
640 199
929 754
930 943
28 305
312 715
916 105
642 859
810 943
824 720
629 967
40 552
128 28
112 696
648 191
943 593
304 609
992 46
283 324
268 531
982 523
762 996
865 431
926 864
566 16
400 112
193 608
443 665
218 881
181 713
557 815
288 863
194 630
511 289
252 944
355 820
826 629
149 404
940 791
329 469
131 759
434 274
658 198
183 301
495 977
793 293
607 442
640 553
640 779
219 137
39 773
249 901
382 423
265 349
608 121
630 506
796 172
508 246
972 146
223 436
214 420
928 171
803 319
762 489
794 598
751 651
243 689
524 778
96 133
580 385
154 491
406 674
980 385
129 809
608 269
536 601
552 780
613 218
654 604
12 382
521 41
550 142
226 570
167 349
668 139
288 769
497 899
97 284
567 952
350 166
44 43
683 333
489 827
803 271
433 816
534 135
267 175
372 516
760 806
901 731
781 115
221 109
525 617
700 115
387 856
682 700
247 816
191 575
71 409
381 275
746 447
482 421
854 650
204 935
367 729
418 218
657 537
902 75
296 516
643 271
656 711
124 205
546 181
5 4
473 9
18 934
605 599
289 640
197 162
685 354
965 620
543 252
164 544
303 873
873 774
89 359
701 151
759 169
411 29
950 157
978 498
472 66
407 373
908 608
995 888
974 963
750 668
633 395
524 306
534 342
68 254
772 689
516 133
290 337
482 598
381 970
721 562
611 758
319 944
4 777
228 565
661 225
19 174
315 677
664 426
140 32
967 347
291 189
467 233
928 467
276 705
427 761
520 113
164 47
894 380
751 983
84 482
150 597
653 657
768 18
654 678
570 805
894 526
277 14
156 782
383 706
885 832
254 284
197 867
287 873
142 958
695 706
742 177
499 380
644 135
334 364
899 88
864 346
707 394
913 190
652 768
466 587
31 491
142 851
666 106
652 883
781 462
630 165
547 432
943 433
490 842
469 581
402 512
341 607
944 52
44 927
677 828
562 239
388 242
657 762
750 286
530 824
673 8
591 673
686 126
144 176
312 821
354 631
899 954
642 750
276 410
491 201
107 109
4 438
358 75
167 578
141 691
87 403
18 387
669 286
567 719
891 689
40 296
109 339
596 488
91 293
447 889
886 990
378 904
198 337
533 625
183 347
298 222
951 411
524 329
936 117
529 50
878 440
210 731
357 772
571 514
486 987
41 371
459 849
767 789
274 479
58 229
569 722
517 832
711 451
774 779
651 437
384 584
822 395
315 316
282 477
365 496
599 352
651 418
901 643
867 770
93 796
31 782
751 301
793 891
632 4
689 803
534 814
707 914
14 783
137 491
557 517
25 686
92 333
967 619
54 983
760 629
530 1000
998 382
63 905
745 389
462 369
782 539
165 847
17 668
718 832
480 666
915 600
987 240
899 131
866 6
598 650
913 984
291 523
97 317
756 682
618 771
121 65
134 78
669 739
256 296
536 433
976 703
667 424
835 825
962 686
509 71
737 857
633 300
294 800
510 104
516 534
669 983
751 804
496 306
543 214
752 989
782 876
486 367
833 483
12 751
216 497
758 318
554 754
486 308
291 339
52 760
306 252
837 679
257 234
214 676
195 810
819 167
717 664
18 445
265 165
54 752
920 584
804 794
789 729
4 232
358 814
27 203
351 291
720 635
655 307
6 454
547 895
875 201
309 966
157 2
470 703
608 275
411 406
21 275
633 832
961 740
635 8
242 313
169 759
171 264
291 640
453 669
409 709
933 800
648 892
125 42
728 748
729 518
830 418
525 130
579 633
427 961
519 271
596 946
295 881
764 67
44 360
399 681
108 499
314 118
968 812
275 421
124 627
889 665
119 734
762 447
171 130
462 27
22 217
513 307
301 536
754 892
274 449
136 490
12 606
363 397
899 6
396 320
916 843
159 421
46 468
700 523
957 430
917 119
937 936
773 735
940 231
968 207
188 215
407 548
657 198
431 388
398 999
196 269
570 189
968 302
771 449
738 346
715 681
840 194
363 359
696 787
674 165
170 192
421 675
633 3
926 548
914 490
726 481
287 874
364 915
841 230
840 477
772 666
20 362
845 951
994 58
438 602
864 607
457 293
723 880
482 97
385 235
293 306
100 704
498 721
67 668
520 537
844 508
98 523
327 632
437 187
638 752
178 983
464 904
203 530
777 65
642 679
547 208
700 608
423 439
381 164
142 468
615 268
36 769
735 882
965 721
949 787
712 412
963 527
682 958
347 631
989 434
677 783
562 401
329 46
849 950
984 946
354 672
23 903
512 719
301 710
417 934
750 235
5 464
177 982
429 226
274 229
959 77
944 358
22 566
738 459
266 934
586 373
221 171
799 896
54 4
304 97
6 571
74 686
766 552
482 1
412 552
238 581
614 682
335 534
661 239
636 848
947 924
657 322
7 888
724 428
228 663
349 846
243 774
807 765
246 236
773 993
477 75
62 491
923 736
423 498
854 529
514 707
793 945
790 608
74 402
543 742
515 39
437 143
337 178
289 497
113 37
513 897
80 862
295 813
601 972
415 504
205 425
972 157
85 384
913 153
785 11
905 99
667 803
328 666
80 244
557 879
338 485
663 107
828 211
862 549
268 355
356 203
776 807
75 38
843 777
669 12
992 326
27 931
903 806
433 735
481 907
971 604
29 909
913 184
392 267
580 579
822 243
375 494
761 479
747 140
945 776
459 976
871 605
895 555
570 621
28 581
877 54
961 602
794 729
744 496
473 589
504 751
609 654
404 57
53 507
271 278
823 920
2 571
912 190
770 654
798 212
427 833
794 832
589 612
89 168
327 785
150 740
858 576
270 899
99 182
386 2
503 748
371 77
838 244
54 218
654 535
908 267
183 417
135 838
886 52
62 190
400 752
65 180
629 947
152 558
940 669
687 738
88 7
721 713
515 273
571 435
285 546
292 256
654 284
69 75
398 837
829 994
516 211
990 439
957 892
460 621
285 874
515 359
896 453
1000 43
131 31
165 949
769 314
874 242
650 656
28 751
451 773
259 422
628 66
224 921
473 501
388 920
274 542
968 591
317 504
242 145
295 729
518 312
56 728
427 574
816 320
132 594
952 388
28 87
961 701
605 249
438 48
234 433
738 972
392 680
432 167
929 449
724 319
310 615
390 525
327 243
666 471
635 455
545 606
795 12
355 860
616 474
536 438
208 634
818 92
2 208
495 366
244 542
799 177
710 77
709 458
40 276
766 936
548 227
81 430
32 952
616 281
495 364
826 739
744 402
974 651
156 189
519 112
251 585
413 772
198 256
282 565
177 250
804 995
541 323
304 636
194 571
237 173
539 443
270 198
565 761
887 547
704 229
67 5
671 434
441 590
669 975
707 640
96 914
470 463
469 102
116 216
791 632
760 900
707 408
970 400
791 704
345 124
879 816
369 670
283 832
308 787
616 606
932 20
992 346
936 940
364 980
62 150
560 796
425 346
382 615
270 124
789 216
471 796
645 937
945 344
411 920
227 756
965 855
363 122
623 93
4 586
731 877
10 663
532 798
379 129
797 183
169 835
108 592
682 981
25 734
912 657
853 26
216 918
976 448
744 856
681 53
403 673
97 104
388 803
120 108
445 591
625 567
639 157
69 176
196 829
696 719
423 278
432 970
71 89
193 742
197 596
664 695
248 434
596 764
365 326
962 250
156 128
530 270
982 336
791 939
760 487
742 199
969 642
993 900
810 516
628 243
776 279
455 832
981 412
336 613
77 515
804 889
798 420
771 910
481 654
196 169
196 774
12 534
620 841
487 366
326 345
231 457
620 438
192 129
38 485
143 87
534 930
414 331
189 361
787 991
864 159
372 865
13 358
532 761
765 751
753 147
850 795
553 188
260 673
200 86
249 308
384 958
314 54
791 665
622 462
217 445
449 386
649 319
696 257
147 356
817 400
822 373
143 674
183 763
516 482
899 388
754 364
899 66
349 863
783 955
500 975
735 69
883 39
664 357
760 56
496 28
974 157
847 463
617 657
812 396
196 471
903 938
459 479
238 812
185 366
672 887
271 461
962 988
16 392
974 250
970 744
424 974
144 352
857 989
118 194
321 50
681 641
79 832
566 28
539 575
816 835
330 372
705 551
229 960
357 985
475 839
272 274
139 781
369 363
901 823
676 484
641 940
686 227
394 327
442 858
147 726
442 729
916 379
494 407
837 849
802 300
382 268
643 258
260 183
545 781
169 614
572 825
513 289
366 349
348 145
602 466
579 679
976 142
820 450
653 804
106 859
510 204
869 727
185 237
750 268
592 981
523 303
502 800
776 334
994 255
113 789
948 351
553 542
889 935
130 679
208 562
595 415
152 886
14 208
812 750
266 397
675 930
614 144
671 738
968 222
665 30
607 798
327 168
65 729
86 254
848 738
941 317
900 108
224 845
838 936
49 151
412 164
518 3
372 15
577 198
411 984
406 98
779 213
497 444
612 195
710 320
338 590
466 999
83 533
514 821
445 841
179 443
781 397
113 85
180 765
650 616
159 512
896 873
988 579
198 520
791 672
733 348
922 888
800 176
6 688
513 309
321 538
213 475
168 486
941 893
219 688
701 546
966 322
749 455
313 888
358 476
404 674
968 944
682 369
68 418
412 235
93 711
69 8
482 648
470 970
262 304
806 591
971 820
206 105
483 82
86 627
10 861
927 451
148 19
846 657
796 171
523 984
290 478
84 762
229 179
37 799
165 142
949 575
594 449
436 15
856 853
871 847
644 427
608 648
750 524
193 768
630 94
211 274
419 663
614 287
147 755
339 279
237 112
570 7
902 334
635 685
256 433
449 599
411 471
652 109
854 619
297 904
469 203
743 767
593 269
672 70
984 531
726 414
254 263
353 567
345 567
347 138
68 105
609 411
563 760
500 78
793 806
608 793
796 491
658 368
534 529
136 158
78 31
337 577
861 688
865 848
59 535
104 696
230 11
570 902
983 203
337 524
78 234
354 122
77 708
399 471
873 423
227 823
604 806
352 172
57 965
112 668
834 489
87 776
623 470
972 977
172 193
979 603
513 592
795 74
878 97
102 959
387 172
136 782
542 984
819 320
997 992
325 691
423 230
495 879
96 312
208 339
977 654
401 721
493 194
996 101
952 693
305 235
641 635
801 969
103 946
876 391
522 34
210 399
778 103
45 228
807 403
26 915
189 378
115 274
488 284
761 113
885 60
425 434
183 282
615 881
938 390
853 360
870 170
507 483
126 246
333 95
349 43
780 171
49 893
451 574
817 546
554 289
385 544
149 73
674 365
432 877
663 816
730 968
709 594
31 389
674 91
816 251
36 335
574 181
982 897
219 715
353 664
52 994
30 67
598 343
407 215
778 732
742 910
321 717
430 930
703 930
558 703
432 753
919 469
425 667
605 253
421 520
338 698
144 461
345 776
4 413
310 880
176 436
776 466
131 344
114 88
467 600
272 451
872 958
914 895
376 118
963 86
281 392
954 176
315 211
219 403
666 843
62 349
348 492
288 4
330 322
891 208
674 951
943 847
323 193
438 892
901 784
580 983
534 364
582 867
301 337
451 886
831 132
970 453
582 343
12 293
776 620
357 294
325 920
472 613
930 395
867 353
6 296
24 135
551 647
990 479
263 26
20 625
22 613
781 573
848 102
843 313
974 587
782 935
78 881
853 560
274 927
699 915
746 180
30 701
188 817
288 43
791 118
29 752
426 898
777 309
22 830
375 862
88 968
300 348
912 959
345 364
194 961
734 183
277 906
976 607
541 473
265 822
109 912
976 304
883 674
53 596
948 86
435 40
478 889
783 233
467 698
866 276
67 989
366 64
818 686
146 924
36 824
194 42
857 235
404 110
441 893
444 545
175 470
68 563
596 936
981 225
17 377
495 122
772 529
629 389
691 481
299 924
393 145
786 155
459 65
509 46
268 199
336 156
12 238
224 818
291 264
646 345
629 454
380 468
810 874
893 728
519 497
686 36
647 329
708 343
362 233
894 996
616 437
399 964
86 226
597 90
341 981
452 711
742 994
950 486
759 848
661 126
328 948
380 38
682 268
866 748
349 789
463 732
886 113
6 838
212 256
645 845
92 706
917 297
204 516
192 749
861 835
131 283
777 954
964 495
930 557
146 907
431 318
32 446
906 345
288 93
349 139
733 150
745 17
349 183
111 106
855 954
347 999
166 263
902 978
817 436
869 166
569 719
642 429
416 201
381 268
557 386
140 736
538 489
676 804
530 133
535 986
690 502
232 266
696 444
181 305
712 284
197 1000
374 117
849 583
232 146
294 506
820 494
166 861
174 119
16 36
368 379
902 234
179 671
21 708
99 596
451 243
661 134
526 614
874 759
554 415
569 248
891 155
201 395
683 488
901 416
883 521
668 682
227 785
447 69
158 356
201 35
922 79
485 890
72 591
492 203
832 608
923 21
978 742
70 651
250 318
759 859
289 200
778 153
496 479
964 745
806 879
405 474
630 490
806 926
249 577
856 400
768 15
249 176
86 301
396 468
769 976
329 529
661 385
716 631
519 995
70 721
524 997
663 396
78 444
565 375
445 196
20 687
20 721
645 943
338 24
959 300
980 713
250 187
659 404
607 18
718 779
473 607
969 707
857 619
185 159
160 303
123 436
857 366
381 460
862 155
205 706
594 912
209 507
412 975
894 670
467 781
977 419
42 533
328 967
713 23
504 990
619 771
116 954
9 78
806 376
298 21
292 118
921 863
536 21
125 228
161 72
336 808
877 690
587 96
708 921
264 399
536 731
442 163
526 791
779 671
416 607
23 688
562 348
185 945
50 164
404 249
147 763
697 814
201 759
649 378
920 723
432 6
439 987
6 41
757 753
63 364
390 432
982 887
31 769
137 964
795 46
406 610
117 811
551 495
738 547
380 29
251 930
891 895
492 442
877 577
835 756
679 35
457 920
779 450
473 829
810 988
242 696
880 113
405 825
888 894
384 839
112 397
679 117
397 445
188 555
326 725
200 903
97 262
939 659
380 732
392 789
318 251
890 705
110 182
472 671
495 19
774 980
6 304
671 557
247 142
573 852
215 64
932 173
597 285
210 104
866 149
726 363
527 302
927 148
46 822
36 590
502 958
138 374
542 417
797 38
455 694
439 60
101 894
320 153
176 81
708 794
13 381
7 310
697 992
44 989
935 17
300 269
401 629
928 240
771 296
837 372
658 929
800 565
921 970
192 801
242 997
431 1000
927 281
716 472
32 112
416 575
268 678
558 581
765 790
102 280
411 366
503 988
687 782
99 461
501 906
19 964
795 644
474 288
596 240
870 206
464 703
307 866
724 15
964 324
982 320
852 482
822 541
583 306
727 288
548 179
562 1
41 892
975 58
392 480
41 686
695 550
858 546
173 212
450 967
948 879
833 237
808 422
464 90
388 782
247 518
722 175
27 231
372 629
48 647
158 250
282 757
427 416
199 520
245 694
762 71
467 319
240 415
748 248
411 790
713 508
456 279
837 970
862 697
491 157
87 844
474 69
804 346
750 827
572 552
351 133
377 63
832 467
445 932
124 164
638 780
795 923
734 193
735 694
143 853
753 72
444 320
372 635
333 801
165 558
345 177
312 424
490 290
59 243
648 936
152 153
261 787
273 297
42 521
884 461
149 44
842 383
141 288
693 474
437 398
681 995
177 13
782 184
661 526
587 838
488 178
797 17
285 396
594 464
97 842
244 637
525 484
381 912
98 665
752 217
999 46
760 608
911 720
697 365
824 315
268 353
833 140
904 572
954 123
328 327
86 464
918 213
311 757
988 693
936 373
253 384
468 680
774 878
679 428
751 370
745 380
515 438
235 487
170 8
731 750
627 341
681 136
668 301
349 364
623 831
541 61
176 569
481 958
424 3
899 865
209 981
245 267
492 618
904 262
90 489
463 705
56 971
82 966
935 42
617 351
111 285
423 464
897 130
290 207
864 997
588 341
664 895
421 673
60 813
843 590
12 118
448 318
954 691
851 331
362 709
767 877
191 884
640 675
83 343
112 442
195 148
590 284
977 334
395 952
624 110
49 730
893 936
630 491
893 667
79 931
598 60
268 441
137 234
380 846
648 494
31 972
106 392
234 950
602 854
727 528
373 149
190 386
721 839
530 242
274 403
231 126
31 574
17 483
256 10
807 876
760 254
626 640
294 170
399 1000
200 526
689 911
748 42
541 480
872 478
349 384
40 923
701 530
142 717
264 326
256 403
251 45
698 901
106 778
829 55
281 808
154 984
443 61
889 177
215 715
840 226
962 852
222 452
929 541
324 331
877 675
531 538
976 567
471 436
176 997
532 541
444 576
843 755
761 188
209 175
100 831
147 802
365 780
336 366
2 176
157 517
58 125
627 379
126 394
620 157
464 820
425 562
943 543
624 927
526 970
422 712
895 567
929 580
114 299
983 760
102 276
65 959
734 844
945 562
58 335
330 931
546 490
700 89
433 586
183 531
807 812
459 171
738 964
21 933
951 895
241 486
212 238
111 124
451 979
252 29
210 739
717 235
354 283
13 355
224 162
289 485
839 9
931 336
800 660
451 726
85 673
155 671
93 452
200 37
491 220
576 287
71 79
423 206
677 849
468 549
192 451
832 848
970 522
281 99
357 941
402 808
436 394
92 676
515 691
390 24
992 955
43 487
945 414
640 820
494 53
125 208
31 833
987 788
745 485
851 826
266 321
498 263
694 470
987 44
79 871
62 521
533 93
556 547
812 494
157 199
146 868
31 722
847 647
45 612
702 433
149 777
64 271
484 522
951 377
337 775
736 402
578 895
257 835
587 351
139 491
416 820
485 149
392 743
13 607
525 820
334 367
314 203
624 519
58 101
169 28
930 335
195 891
758 727
109 93
598 755
321 915
336 787
575 291
300 706
258 225
116 632
71 894
157 62
474 216
611 321
541 650
402 885
746 342
151 533
819 726
378 500
979 908
401 352
236 150
770 837
713 717
900 411
708 179
402 626
375 521
979 382
671 875
895 917
425 727
282 779
834 881
321 782
67 498
421 455
629 243
557 666
890 581
707 169
451 705
328 689
