100 200 200
9 34
57 9
67 57
100 9
4 67
79 9
96 9
11 34
8 67
35 4
59 9
81 57
52 4
48 34
5 81
90 57
69 5
97 35
37 4
65 9
66 52
53 9
87 96
83 87
94 65
1 97
61 5
70 69
78 66
47 1
30 67
88 70
2 88
36 37
20 59
73 9
77 81
63 9
80 1
17 87
84 78
95 73
99 52
91 88
33 2
3 94
10 57
98 84
6 1
7 87
62 99
31 79
23 9
55 20
16 80
64 78
58 30
43 91
93 98
44 63
46 91
26 30
19 35
32 62
38 67
71 59
54 63
24 83
72 46
42 66
41 36
75 52
68 46
22 1
76 23
18 16
49 36
51 11
14 18
29 57
12 71
40 81
13 20
92 77
21 73
45 7
39 43
28 93
15 4
25 2
86 69
60 15
27 7
89 27
50 37
56 38
74 7
85 88
82 97
44 23
6 94
89 83
20 47
11 34
71 30
25 62
70 97
33 70
65 9
86 18
5 9
40 43
33 63
12 71
86 68
9 34
35 11
40 6
91 47
47 65
56 67
80 30
97 79
12 3
1 35
77 97
82 83
88 70
6 30
45 11
97 57
97 9
83 66
25 46
31 63
50 1
68 8
63 37
19 52
84 79
73 70
83 96
44 59
28 70
47 8
33 65
84 69
65 9
45 41
22 20
56 81
79 4
55 78
31 77
71 98
62 17
71 55
49 8
33 47
41 30
93 31
53 4
30 100
44 20
85 62
83 57
44 11
48 79
12 87
61 9
56 18
23 100
89 64
41 10
64 53
18 79
70 5
3 87
64 79
69 34
71 95
57 34
2 1
22 52
3 1
14 48
66 90
72 66
94 59
100 57
51 90
28 22
79 100
51 3
87 59
50 58
56 51
44 6
10 79
16 35
47 11
31 49
82 76
41 18
87 46
86 38
63 68
28 95
53 36
75 65
66 56
100 35
29 71
28 60
97 68
1 54
4 18
65 38
33 38
17 57
47 94
82 100
49 52
2 42
64 67
70 78
32 62
33 9
91 3
48 64
48 63
81 20
11 64
93 89
47 59
17 68
87 50
94 32
35 58
18 7
70 64
82 1
22 23
85 61
92 67
27 100
88 53
61 28
66 43
44 4
18 56
62 65
47 58
56 22
70 48
68 6
88 12
47 18
18 51
83 6
15 70
8 4
19 98
75 27
58 95
28 24
4 1
44 53
82 100
15 27
63 73
58 83
82 32
62 1
43 44
68 75
68 11
10 80
14 53
30 70
30 27
28 74
36 91
4 19
91 73
39 82
54 22
72 29
58 89
97 32
98 30
72 100
25 14
5 28
36 75
100 12
76 17
77 7
59 85
7 26
64 90
42 50
82 99
33 82
14 54
54 39
30 36
2 37
93 34
46 78
84 48
13 65
100 29
67 78
82 90
23 41
16 31
18 4
30 69
85 15
65 55
68 55
22 49
4 59
53 66
59 78
99 90
16 26
61 85
71 89
98 76
19 25
30 17
86 94
95 1
100 50
34 16
23 45
85 41
6 25
37 19
30 60
79 93
1 89
69 75
34 83
73 19
51 33
52 2
81 21
99 3
41 19
7 17
93 100
75 61
47 79
56 99
67 82
14 12
81 66
22 64
68 42
54 15
45 32
52 31
7 99
89 23
45 15
51 11
46 20
68 35
34 72
38 32
35 38
15 45
55 36
28 27
51 33
8 84
76 66
77 2
51 30
64 61
89 65
13 80
75 89
8 65
37 22
70 23
81 62
78 75
73 35
98 83
9 3
46 76
75 67
17 2
21 38
87 64
12 54
