1000 4000 4000
912 7
890 912
148 912
303 890
966 303
252 303
957 890
305 252
944 252
356 966
939 148
424 356
93 303
645 252
744 424
982 645
267 424
862 424
642 939
58 939
575 267
578 267
540 58
619 645
592 267
357 267
618 58
344 642
259 344
864 344
611 618
458 344
947 592
754 947
241 618
606 864
294 458
953 864
840 611
464 864
546 947
734 546
361 241
198 464
346 198
629 546
661 294
13 840
883 361
50 198
866 346
10 50
809 10
900 661
228 346
35 10
283 35
222 228
761 809
677 900
899 866
321 761
446 899
243 761
604 321
502 677
740 222
376 446
36 502
428 376
112 899
49 446
915 36
468 376
419 915
300 49
371 915
515 112
513 300
484 915
260 112
185 371
284 484
654 513
917 300
891 300
264 917
747 284
143 284
534 747
552 260
743 747
950 284
350 891
358 950
706 534
247 743
103 552
8 743
114 358
849 103
579 114
483 950
935 849
822 706
29 822
19 849
147 849
304 19
542 147
757 935
442 29
212 29
738 304
398 29
800 738
325 19
389 147
886 398
853 212
472 442
486 738
718 398
963 718
626 886
366 853
476 325
164 476
296 476
420 486
496 420
835 366
297 366
787 835
154 297
485 496
2 496
111 164
444 420
302 2
880 485
65 302
884 65
610 880
330 2
219 880
405 884
131 884
732 884
315 884
369 880
307 315
658 315
572 405
529 307
969 405
139 131
817 369
152 315
180 315
878 369
872 139
434 658
313 878
178 817
501 178
956 139
926 817
748 313
902 178
448 313
653 902
466 902
384 926
498 902
586 384
646 926
881 498
889 646
962 384
415 448
652 653
553 646
507 553
760 652
44 889
753 889
625 553
140 652
739 553
92 739
859 553
37 140
441 859
952 441
150 140
980 140
109 150
355 37
795 441
689 92
742 441
244 689
909 109
48 742
685 980
801 980
640 48
644 685
860 801
480 689
824 742
215 640
715 215
903 480
940 860
435 644
523 903
332 215
562 523
316 562
551 215
904 715
449 562
585 551
322 585
717 435
417 322
834 322
237 585
633 717
239 417
173 239
431 239
196 431
176 239
951 431
201 417
916 951
136 237
254 239
242 173
539 916
965 431
816 254
794 136
5 254
329 136
914 916
580 794
57 254
763 794
372 816
668 57
745 816
855 329
138 329
438 745
253 438
896 253
991 253
603 138
736 991
699 736
974 138
597 736
583 974
631 438
407 583
863 991
68 407
543 736
193 597
590 863
695 193
549 597
293 695
906 543
511 293
870 543
924 549
989 924
461 549
16 906
192 549
819 192
263 870
614 16
210 989
162 819
510 263
481 614
781 614
28 210
66 162
24 28
217 481
144 481
632 481
812 510
362 66
691 812
191 144
413 691
887 66
600 191
756 812
637 691
104 812
440 600
15 637
996 691
209 996
167 104
437 887
26 15
213 637
704 437
676 213
843 704
605 843
72 704
311 167
151 213
337 676
119 605
79 119
221 72
564 151
599 221
493 599
473 337
898 221
276 221
277 119
901 221
961 599
659 473
373 493
990 373
861 493
971 373
680 276
14 277
491 373
465 971
459 990
720 990
478 14
76 971
288 971
684 478
541 684
678 465
323 478
806 323
38 678
621 678
87 678
281 621
803 806
833 281
80 281
155 38
666 87
457 281
792 457
675 87
550 666
174 80
556 550
566 155
489 666
20 550
708 556
418 675
318 174
954 489
913 556
206 556
639 206
52 954
984 639
942 318
471 954
234 206
851 942
524 851
399 52
319 851
638 639
364 851
693 364
158 942
694 638
558 319
948 524
759 158
799 638
751 948
876 759
499 948
882 948
518 694
617 694
278 499
650 499
216 650
830 518
705 499
123 882
879 216
395 216
838 650
197 216
602 197
270 123
584 879
71 838
815 705
268 270
922 268
34 270
545 71
75 584
184 922
811 71
729 184
767 71
285 184
159 729
770 811
725 34
12 729
932 767
766 725
776 767
509 729
615 285
214 615
764 770
202 776
741 764
495 615
456 615
735 495
460 202
910 460
765 495
780 214
188 765
992 765
568 188
475 460
850 460
133 475
451 765
98 475
433 780
526 780
946 850
334 451
256 850
298 256
73 133
106 73
778 433
67 73
588 73
396 256
730 106
724 730
60 588
394 73
897 588
363 724
261 778
847 60
714 724
474 363
135 363
721 714
336 261
182 721
32 721
41 135
949 847
784 182
149 32
142 32
945 135
977 784
56 142
393 977
426 784
504 393
425 393
641 977
710 142
688 504
651 56
248 977
273 426
657 688
930 425
40 248
317 273
487 651
567 710
275 317
380 651
528 487
728 930
183 657
306 487
557 40
807 275
928 528
919 183
941 183
69 528
408 941
782 69
70 306
450 69
436 557
113 782
347 113
522 919
195 408
265 195
99 522
367 99
187 367
200 187
595 195
512 99
873 367
189 99
516 187
527 367
497 512
846 189
786 846
289 516
955 873
291 497
469 527
589 291
591 289
46 591
238 497
525 786
312 291
682 589
309 312
791 591
508 525
923 309
975 508
42 46
854 682
308 682
17 791
768 682
655 791
519 975
907 923
292 308
295 292
808 295
443 295
236 17
672 236
875 236
365 875
885 365
27 808
937 443
416 808
411 365
339 875
505 937
387 875
55 875
115 55
245 885
90 505
342 416
869 505
494 55
670 339
18 494
752 670
348 494
964 494
687 869
410 348
4 410
470 670
521 18
378 410
299 410
406 752
429 470
620 378
82 470
731 470
622 470
169 470
447 521
400 169
517 731
137 620
810 429
477 731
246 810
967 517
533 967
755 400
908 477
894 755
30 967
223 810
613 223
514 908
722 533
997 722
282 30
377 894
203 377
988 997
172 722
888 377
577 514
857 377
844 888
1000 857
382 282
936 577
374 888
814 172
733 374
397 936
22 857
664 814
707 733
432 733
95 664
404 936
287 22
841 432
161 664
126 664
624 161
712 404
607 624
343 712
23 404
286 607
702 607
987 343
636 286
274 126
272 23
279 702
170 274
375 636
700 272
194 286
981 636
648 375
134 170
124 279
54 981
186 279
669 648
280 134
320 648
353 124
503 280
852 669
805 134
867 186
839 503
62 669
454 867
777 503
716 805
823 852
656 867
686 867
959 839
383 656
401 959
667 777
775 667
993 716
250 959
452 959
453 959
746 452
865 959
771 775
118 401
403 250
635 993
101 452
594 635
168 635
84 746
829 403
97 829
994 771
33 101
479 84
47 994
345 479
848 84
153 84
905 479
86 829
175 905
612 848
229 612
813 345
121 612
643 175
820 848
679 643
918 813
31 643
692 229
927 820
409 643
233 820
683 643
938 927
696 679
354 938
349 927
224 349
94 224
130 683
141 354
225 938
877 130
207 349
258 224
596 141
333 94
110 207
368 258
921 110
826 877
970 110
271 333
179 110
163 333
798 970
783 970
301 163
379 368
681 826
427 970
574 970
649 798
488 783
231 488
856 783
102 231
157 379
871 231
818 856
825 818
64 649
439 102
492 825
251 492
445 818
976 445
555 64
211 555
697 818
985 976
554 439
81 554
785 554
762 445
156 445
218 785
335 985
360 156
831 985
779 218
500 360
381 218
128 500
181 156
328 360
660 181
616 779
561 779
892 616
628 561
973 128
11 660
25 660
536 660
832 25
96 536
351 536
341 11
943 892
63 11
986 96
958 832
983 341
53 341
240 63
531 240
532 63
709 958
85 958
968 53
788 53
665 958
999 709
146 53
338 532
421 968
205 665
391 421
43 999
750 338
232 338
331 665
6 331
737 232
837 391
960 737
530 960
774 837
120 530
160 737
571 737
582 837
423 120
122 774
392 122
804 160
226 160
796 582
91 392
166 796
726 423
998 796
789 804
895 789
132 166
647 91
105 132
177 647
490 132
690 998
129 105
842 789
663 132
199 177
482 177
979 482
576 482
925 129
772 925
560 979
145 199
462 842
227 560
920 560
893 462
581 560
703 576
978 772
117 978
711 978
88 703
386 703
74 117
388 117
467 88
538 581
327 74
911 538
727 386
537 327
671 88
257 538
171 257
77 911
3 911
520 77
402 77
290 3
758 402
249 257
719 671
593 77
108 249
45 520
874 402
204 290
995 290
559 593
609 108
506 719
430 108
107 559
630 430
802 559
220 874
59 107
793 630
127 609
749 630
934 107
662 793
535 59
570 59
370 934
412 370
324 570
544 412
723 570
931 934
569 370
623 535
314 370
89 370
673 370
9 324
836 89
385 836
608 9
587 9
573 314
340 573
100 608
61 385
547 587
208 340
359 385
414 573
352 61
563 352
235 340
827 563
674 61
845 674
422 235
165 563
255 359
463 674
1 463
51 563
828 235
190 255
933 1
634 845
929 828
78 828
821 929
797 463
455 51
773 821
39 634
266 929
125 773
627 634
116 78
548 455
858 773
83 125
262 548
565 266
269 266
390 266
769 269
701 548
230 565
713 769
698 769
326 230
310 262
21 769
790 701
868 390
598 698
601 698
972 868
561 360
498 956
831 762
623 931
16 924
516 189
899 10
399 851
43 968
653 902
442 542
13 734
8 706
191 812
91 226
777 503
774 837
190 674
442 579
844 857
419 468
67 433
389 147
931 749
137 406
929 165
104 637
502 446
445 818
393 142
676 26
387 875
920 576
58 744
378 752
900 866
8 247
113 450
380 930
726 582
254 136
389 147
810 731
297 296
729 811
544 324
512 195
650 799
692 175
696 927
614 461
146 85
529 219
475 460
60 588
781 162
234 318
596 258
578 645
757 19
393 784
615 12
261 67
650 499
524 206
561 181
721 261
557 380
587 673
289 189
490 998
692 121
446 900
222 900
772 663
103 552
996 104
928 487
736 745
638 984
719 520
806 465
903 640
763 914
900 13
867 280
618 862
408 807
884 787
486 389
126 287
4 348
46 527
703 576
947 618
707 382
195 70
108 77
785 492
853 398
422 208
194 279
577 282
742 109
788 709
288 861
114 706
495 764
38 720
86 829
984 418
691 28
737 331
265 450
322 316
115 55
429 378
989 293
902 313
847 67
402 911
310 262
235 547
975 791
918 86
604 446
206 318
651 977
365 672
66 210
919 567
419 36
875 655
803 806
239 417
355 150
79 311
494 411
201 173
769 83
433 850
468 376
905 345
511 193
546 294
130 224
471 708
904 215
374 844
594 101
127 793
197 879
61 9
151 676
372 965
55 885
341 628
652 415
187 113
287 814
334 850
32 182
652 415
248 688
987 23
3 77
760 962
630 609
986 11
360 335
989 924
977 41
974 736
910 764
724 396
320 194
640 109
29 579
10 734
908 137
174 833
129 789
699 736
881 748
459 971
48 952
108 719
672 295
208 385
769 262
899 866
125 797
131 405
682 289
444 496
688 945
305 148
701 858
996 104
83 39
759 693
617 882
191 632
654 284
827 235
965 176
1 235
850 568
920 227
821 828
586 498
815 395
137 622
645 303
547 9
52 206
34 922
311 605
679 121
562 860
365 907
780 456
846 187
278 948
586 448
73 133
783 970
339 236
818 871
307 219
478 14
399 234
903 640
718 398
619 982
165 235
971 961
339 365
965 539
292 17
282 514
640 48
914 965
796 160
882 948
185 49
957 252
929 422
620 4
583 603
349 918
618 578
910 509
10 629
215 860
468 36
355 859
849 706
282 514
290 671
319 206
576 177
433 451
659 276
575 93
532 983
151 843
277 221
716 503
396 106
546 464
758 257
632 210
955 595
585 523
195 347
600 691
845 414
593 402
406 348
991 668
683 918
416 885
729 815
307 315
96 628
535 802
668 763
680 961
831 360
764 159
378 964
110 141
295 308
673 89
965 539
527 595
711 462
590 631
587 673
666 621
240 943
792 38
302 835
979 842
516 265
191 217
424 356
215 860
33 101
28 614
339 27
77 537
127 506
999 709
375 343
447 169
402 671
187 347
700 375
736 668
218 555
161 664
620 429
145 576
246 810
185 468
648 981
958 943
31 86
424 957
887 413
697 439
488 179
904 551
466 926
984 708
819 192
619 982
961 276
631 974
337 151
916 196
90 339
316 215
881 926
774 232
407 253
57 914
318 566
490 998
147 822
891 260
580 539
195 436
946 98
523 824
886 212
486 472
744 305
899 809
527 367
716 852
43 788
510 989
780 764
716 839
438 138
252 890
598 769
989 549
395 705
250 823
736 138
138 372
65 485
912 7
605 704
437 440
622 470
786 516
753 44
201 431
413 217
451 568
394 67
701 83
930 504
690 647
952 140
926 434
522 919
451 910
388 88
259 58
635 452
144 217
339 672
258 877
875 768
790 701
378 470
562 860
695 974
114 358
80 833
259 642
212 757
727 911
352 340
108 520
522 941
972 790
983 351
67 106
871 681
75 584
277 473
454 669
108 77
118 865
510 461
572 131
1 827
193 543
162 614
802 630
849 706
200 265
396 106
165 414
809 661
981 636
16 511
401 716
315 610
957 966
699 896
762 985
597 699
785 985
216 650
133 910
441 140
562 903
587 569
250 656
424 252
277 473
671 388
122 737
290 520
93 966
606 259
850 188
351 973
399 206
633 417
354 938
948 558
232 999
470 348
389 757
192 870
702 23
654 513
950 891
801 48
68 736
566 457
53 341
989 293
590 597
957 912
567 40
236 768
318 566
387 875
596 258
212 935
928 557
795 355
644 685
221 119
434 152
115 27
357 540
231 427
659 221
204 45
924 549
131 405
62 320
72 26
625 553
188 780
412 59
564 605
823 62
866 50
138 57
114 552
881 653
977 945
895 796
424 890
487 273
62 839
75 545
10 883
343 126
482 129
537 88
139 732
836 723
12 767
165 352
27 907
225 141
359 385
502 321
600 24
934 430
925 979
140 889
728 40
619 982
415 498
645 356
595 187
749 802
859 507
214 12
16 989
468 740
905 848
854 312
96 892
617 948
315 405
686 656
389 147
372 965
798 826
807 487
364 942
740 446
846 512
41 336
168 403
532 240
74 227
555 976
878 572
36 376
493 72
322 562
450 782
134 375
519 508
542 822
535 802
560 199
579 950
63 351
163 368
319 984
798 826
13 734
825 649
883 661
165 352
812 162
921 141
520 727
295 655
187 99
488 427
456 202
144 66
381 335
683 820
168 118
774 737
832 328
637 191
558 524
580 136
748 956
74 227
594 118
821 463
119 72
481 989
76 861
307 65
957 966
577 514
608 569
454 805
40 651
960 391
720 680
66 263
460 214
4 752
216 882
390 266
538 581
390 269
219 111
387 27
666 38
501 878
19 579
296 853
335 762
112 376
542 849
507 553
545 270
714 60
621 806
418 550
637 362
60 106
339 875
715 215
159 34
416 885
542 935
991 896
644 48
386 920
286 607
323 459
972 790
720 861
421 85
30 810
873 367
769 116
182 261
179 258
1 235
845 359
138 745
527 595
139 307
950 284
718 886
910 460
966 912
956 434
226 120
742 37
554 492
529 315
463 165
399 524
331 391
580 254
114 103
848 829
588 334
730 946
770 729
186 124
788 958
106 946
584 216
105 895
809 629
773 797
360 985
284 260
696 918
733 172
482 690
831 156
320 280
253 138
145 560
555 818
474 394
808 519
573 385
89 570
823 353
53 536
662 749
526 188
678 76
484 515
276 337
898 119
540 58
28 614
876 799
307 732
892 779
210 614
323 465
506 108
362 144
478 720
352 573
367 450
140 652
618 862
129 726
637 144
536 11
996 104
47 84
557 317
330 610
518 694
131 880
454 62
798 333
515 36
180 307
472 442
688 56
211 445
922 815
535 793
657 504
330 111
447 169
575 744
926 956
421 999
907 508
512 265
635 403
991 668
827 563
901 599
831 697
281 87
994 771
763 242
796 582
76 990
253 372
727 911
178 313
696 409
298 433
829 865
474 261
918 612
563 414
507 889
419 36
985 492
55 387
405 65
125 797
930 425
476 963
699 138
934 802
590 699
567 710
488 301
25 628
219 485
219 330
787 297
6 146
960 331
803 541
317 641
316 215
264 513
934 749
121 153
300 36
388 88
734 754
952 37
245 387
812 781
266 78
190 828
93 305
783 826
116 455
421 665
291 289
898 151
928 275
232 665
124 375
791 682
811 34
375 636
164 963
538 74
629 361
986 351
576 842
139 405
194 700
805 852
622 82
158 471
484 112
675 155
276 337
626 389
52 318
144 481
360 697
375 279
911 327
159 285
111 485
110 596
52 954
895 796
752 869
28 210
881 646
53 96
503 353
332 435
238 589
589 291
118 250
589 289
404 936
333 258
101 452
433 451
160 120
263 192
976 439
897 588
899 900
39 78
653 448
322 435
67 526
953 294
657 426
872 139
644 685
507 498
52 954
309 955
6 43
342 55
337 437
407 597
737 338
772 690
228 661
82 429
737 421
816 196
734 953
919 183
164 476
581 925
452 775
636 23
378 687
411 875
389 212
560 199
621 38
983 943
725 811
969 315
571 120
811 71
164 486
305 890
626 853
456 766
702 607
664 857
817 969
202 764
464 754
713 83
387 672
729 71
994 84
366 800
782 306
317 273
602 278
985 439
301 921
847 588
121 153
598 868
142 41
955 512
401 454
663 842
388 117
850 735
90 55
904 940
565 858
240 958
100 836
614 511
324 535
895 998
712 624
158 319
980 739
799 319
871 574
903 685
487 317
50 546
966 912
689 859
867 852
976 102
753 44
421 85
522 408
715 480
309 238
695 68
820 121
211 439
45 108
60 256
303 148
8 143
841 95
454 503
44 415
820 643
674 235
151 213
959 867
452 993
938 683
986 832
559 995
458 618
565 125
130 938
811 545
589 497
546 611
613 810
71 705
108 290
87 288
46 591
656 805
336 60
636 712
2 496
544 412
903 801
177 998
454 320
940 860
723 662
376 502
16 906
565 773
112 36
223 137
18 55
974 736
411 875
70 928
399 984
531 240
579 743
173 239
833 323
175 97
206 954
860 795
699 603
633 417
924 193
436 807
244 795
46 469
751 558
380 273
552 534
433 98
86 479
327 386
56 182
133 475
729 34
180 817
967 137
378 687
658 610
511 543
871 574
723 749
975 238
923 589
5 816
31 918
656 777
858 455
45 758
772 663
837 205
167 209
243 321
141 938
109 980
803 87
226 582
309 312
341 96
591 846
548 116
46 786
738 822
647 132
302 787
891 260
624 664
218 81
555 64
817 658
823 716
296 963
22 733
443 17
771 993
555 492
798 368
713 769
640 109
563 61
723 544
143 185
36 899
875 236
42 791
441 92
646 653
32 261
98 188
836 623
708 792
166 91
880 496
957 148
343 287
213 167
809 629
846 187
801 689
490 177
698 713
503 134
254 951
524 851
117 145
752 869
513 371
991 438
762 985
489 666
612 905
729 811
517 622
751 638
937 295
609 559
364 234
538 388
967 477
755 400
393 784
293 193
509 770
617 882
387 875
357 267
507 646
454 669
460 764
742 150
433 98
908 755
56 949
527 189
337 843
492 871
290 537
435 715
703 581
671 386
818 488
853 542
89 370
196 239
938 927
974 699
70 408
80 541
450 306
554 492
92 625
632 144
786 595
656 823
794 539
206 174
226 571
711 227
864 619
428 446
373 961
51 165
671 537
301 970
865 667
65 111
347 69
902 434
924 193
122 960
752 342
1 165
589 786
345 479
146 999
58 93
160 774
197 216
4 494
747 284
432 664
609 874
594 453
912 7
421 146
32 182
846 200
422 827
564 676
122 530
168 594
739 760
922 838
172 282
139 131
287 95
458 540
654 260
657 651
344 642
909 355
291 527
676 26
790 269
159 729
737 6
965 176
535 59
676 104
659 961
160 232
1 422
373 659
574 427
629 546
409 121
56 142
317 651
914 965
112 604
893 462
472 325
806 76
311 209
687 18
361 546
282 997
516 99
348 752
228 629
645 424
305 252
622 406
898 564
45 719
101 453
69 380
530 232
846 497
739 44
185 515
281 806
160 232
533 622
171 467
112 243
543 863
491 659
485 835
123 705
825 818
634 933
131 219
88 978
936 172
151 213
877 349
223 30
666 803
360 554
596 94
873 187
709 532
412 662
826 258
420 164
655 791
300 112
354 679
553 889
15 413
422 674
39 933
208 340
999 983
133 460
666 833
768 17
840 241
275 688
129 647
110 333
347 113
947 357
748 313
618 575
453 686
658 330
704 167
609 995
72 26
324 662
683 31
270 602
210 461
605 213
502 677
403 746
270 123
761 809
633 316
298 133
675 457
696 820
257 538
343 126
375 702
227 979
941 807
772 490
274 607
206 913
93 148
366 626
128 218
340 623
248 504
537 388
953 294
782 69
614 924
684 720
36 243
27 365
759 693
685 150
811 75
62 839
610 787
318 566
235 61
142 41
570 934
962 498
302 2
481 210
394 588
252 966
849 358
580 965
147 935
754 618
809 661
225 224
610 302
594 118
923 46
462 199
319 639
451 910
623 544
838 216
524 234
762 555
676 213
722 223
617 759
155 833
473 79
430 108
813 229
369 880
703 462
423 960
284 419
931 370
370 793
806 678
873 195
677 761
552 284
484 49
373 901
85 53
699 991
739 507
508 525
537 74
363 60
909 441
118 746
766 932
848 345
767 75
581 893
95 382
460 456
87 806
778 334
822 935
788 968
398 738
767 34
780 765
168 403
281 541
316 480
403 118
289 873
86 479
675 281
879 650
373 277
403 452
951 176
832 25
792 621
782 919
519 508
618 58
42 923
229 47
46 846
994 97
138 914
578 267
880 787
229 175
411 937
109 952
911 467
875 672
700 279
975 309
249 77
580 136
142 949
16 293
26 15
708 20
263 293
895 998
615 770
870 193
619 744
481 461
782 69
326 390
97 635
101 746
247 358
133 910
583 253
860 801
571 331
340 673
90 411
117 581
587 314
939 912
112 740
625 553
768 308
166 91
985 492
372 329
61 100
11 628
529 315
974 855
10 346
333 224
762 555
520 327
427 163
528 40
802 559
217 66
411 937
705 830
88 703
762 251
882 499
703 925
729 922
62 280
769 125
660 128
825 818
859 140
889 748
575 982
908 810
17 508
368 141
70 928
862 305
465 961
964 348
541 76
487 248
37 760
178 434
852 503
512 200
735 766
756 217
417 332
419 36
67 946
442 483
830 278
327 711
526 780
385 569
829 118
997 613
171 671
246 447
57 965
246 137
112 740
924 293
774 960
123 882
757 483
84 101
700 23
514 967
461 590
651 710
164 853
888 203
358 534
627 797
70 557
967 400
398 757
129 105
408 928
529 307
996 756
710 393
178 180
949 721
484 371
52 954
615 509
229 479
207 94
60 298
663 789
263 989
166 392
706 358
905 153
529 330
607 841
180 658
620 429
297 366
747 515
54 279
969 369
855 580
881 926
949 474
559 108
852 280
106 298
773 821
511 407
351 96
57 242
130 409
976 102
234 471
338 240
737 6
736 438
343 841
364 319
600 632
275 567
892 561
783 970
600 887
222 35
463 422
66 510
691 24
566 666
347 70
584 395
169 622
166 122
51 165
862 93
252 890
953 606
789 392
847 724
417 449
719 171
716 503
791 238
391 968
17 312
29 103
208 836
193 631
778 526
958 832
477 400
925 129
853 325
278 751
441 753
378 348
791 309
727 117
299 521
282 997
769 565
273 710
317 930
170 23
488 179
229 153
101 993
381 785
169 622
749 802
91 392
17 854
879 705
927 918
428 677
29 579
698 565
648 274
334 133
158 364
959 777
850 910
867 503
388 117
247 950
295 854
14 971
214 932
283 883
930 504
752 342
912 7
342 937
636 161
519 508
543 631
181 779
971 898
169 622
612 175
782 919
320 981
168 865
158 234
256 98
792 155
155 87
799 638
41 714
80 323
398 29
21 230
756 691
611 344
153 345
338 968
690 166
727 538
532 983
339 937
684 680
190 422
939 305
181 762
683 679
781 481
210 819
6 232
524 206
5 916
6 43
91 804
520 257
772 925
464 458
434 529
500 762
669 54
706 143
539 176
691 217
558 524
46 497
628 128
617 948
291 516
476 718
931 570
127 793
987 624
24 819
44 760
40 657
999 788
702 287
482 177
517 169
244 109
474 714
328 779
702 286
455 929
572 732
392 774
836 544
360 762
107 609
676 213
69 183
103 143
861 990
847 363
428 446
934 220
203 223
813 345
123 499
289 873
578 424
360 81
51 845
558 693
487 710
334 850
771 250
463 674
686 839
304 8
417 316
66 614
731 410
623 723
286 23
202 764
856 681
366 718
258 877
823 503
181 128
758 290
514 533
49 740
672 655
596 207
316 215
333 141
589 846
435 215
50 346
131 610
529 315
234 942
254 239
247 950
602 650
456 615
173 717
720 373
696 683
597 699
183 40
222 900
322 585
736 253
397 814
418 20
166 392
52 913
225 130
75 34
701 858
213 104
724 298
170 987
593 249
159 184
396 588
849 552
821 51
367 265
394 67
41 32
87 541
644 742
639 556
272 987
641 393
356 957
637 632
819 192
529 219
45 3
563 100
333 596
650 799
635 453
443 295
699 253
808 42
58 424
635 453
745 580
415 586
356 305
480 742
644 685
348 115
986 96
231 798
691 812
440 637
908 447
549 68
843 213
756 191
202 776
652 415
770 159
124 274
981 194
22 382
774 232
106 298
14 861
391 85
439 856
418 675
763 329
208 836
125 821
981 170
184 922
550 281
854 238
175 97
826 225
459 659
151 676
912 7
26 637
600 632
243 222
476 886
361 464
59 995
48 909
345 47
307 315
267 944
34 922
636 624
538 388
677 35
595 187
641 142
280 700
411 875
922 815
2 297
897 73
272 987
379 301
30 755
356 957
354 692
13 629
908 533
114 247
844 172
257 538
870 906
116 797
523 824
940 860
108 520
10 50
174 803
584 123
521 18
703 462
370 59
304 483
743 891
16 590
41 474
329 201
499 158
138 668
590 631
629 361
707 22
245 411
176 173
46 291
310 698
640 795
581 576
860 48
802 107
532 341
461 924
128 762
866 361
306 380
917 260
277 898
487 688
430 593
495 615
201 239
580 539
540 58
323 465
408 919
521 410
628 500
86 47
497 200
170 274
673 314
893 920
54 134
669 124
622 4
773 933
290 537
708 457
509 770
403 775
133 780
992 495
422 235
64 856
59 204
811 71
370 59
413 362
246 137
883 361
669 54
382 988
929 255
283 661
36 677
418 550
753 652
322 523
320 54
235 340
898 151
47 168
866 198
260 112
90 115
878 572
513 371
826 596
194 279
325 757
420 296
912 7
206 20
264 484
221 79
624 287
880 297
352 547
60 256
614 924
374 382
165 563
687 90
409 918
977 32
850 910
594 452
202 615
175 86
383 959
847 60
943 341
559 204
813 905
365 292
852 353
569 370
108 3
612 345
67 433
562 715
231 574
117 145
672 655
510 819
207 141
249 758
558 694
847 897
347 408
609 758
15 362
532 63
348 752
581 920
876 558
873 195
192 906
396 778
717 585
195 69
601 21
81 492
354 938
327 386
405 302
306 528
528 567
711 581
512 195
606 458
499 158
265 436
357 982
934 430
686 777
391 338
824 480
359 836
633 904
714 724
580 5
419 740
311 437
604 283
511 293
414 547
356 957
473 119
323 76
334 850
115 27
944 148
436 408
269 83
870 590
733 814
68 974
719 249
623 544
205 338
459 659
534 484
751 158
634 463
219 330
576 490
373 898
179 271
372 5
268 197
86 479
821 78
400 406
593 402
875 236
357 267
303 890
272 343
300 502
28 781
645 93
696 683
24 819
902 180
491 373
384 178
571 331
175 848
737 205
556 457
73 850
480 644
77 388
265 782
233 927
727 911
916 176
168 746
90 245
938 820
842 132
772 482
939 148
716 62
270 602
284 915
525 469
404 936
808 907
775 656
439 818
553 415
449 904
764 770
329 916
575 267
513 419
308 309
458 619
237 322
952 441
101 403
944 890
501 817
139 131
147 579
709 63
519 508
883 13
802 506
743 264
936 857
587 9
956 152
283 50
222 228
251 492
520 671
354 409
705 751
785 697
115 416
911 327
878 572
881 448
573 608
691 28
306 183
192 293
185 915
954 20
897 73
478 14
805 320
855 763
658 884
272 343
759 524
373 961
547 587
555 157
607 707
19 8
553 889
367 113
679 643
940 480
186 648
203 282
886 757
806 459
676 996
940 480
48 742
956 313
152 969
269 858
534 143
378 687
468 112
291 527
46 591
217 210
564 311
142 784
329 794
274 126
185 260
749 506
588 433
987 161
692 31
323 76
850 568
653 926
813 848
547 608
62 669
128 360
8 143
392 837
750 665
156 976
541 14
323 541
1000 844
387 416
262 773
112 428
6 338
244 37
532 943
303 7
141 683
313 180
606 864
1 235
510 263
265 782
424 252
648 700
850 780
524 942
325 147
47 994
521 752
868 390
530 43
134 170
708 792
930 504
734 294
68 736
523 640
289 200
497 595
234 318
724 67
716 839
12 545
607 624
118 746
853 738
92 753
69 183
620 429
42 46
512 595
168 746
50 546
983 536
46 527
145 979
231 798
775 823
388 581
322 562
214 12
380 40
556 803
558 851
79 676
699 736
591 527
163 110
694 364
366 472
187 265
580 136
260 515
30 908
138 745
668 794
348 245
660 779
52 489
869 115
127 609
919 380
102 379
119 605
667 62
757 19
562 480
270 879
430 45
571 120
827 547
730 298
75 584
361 464
788 986
206 913
293 407
155 806
38 323
600 24
510 162
92 625
469 955
135 474
873 347
97 403
44 415
67 98
450 782
882 751
474 261
942 318
570 749
835 718
224 696
597 253
726 571
320 981
552 654
946 568
408 183
648 700
582 837
833 806
453 250
739 753
463 165
691 632
278 799
754 618
716 454
276 898
928 528
136 173
206 556
125 39
437 167
766 932
307 610
650 799
474 363
254 136
379 970
926 313
860 689
343 161
59 430
404 95
716 503
986 63
400 429
362 217
778 106
176 417
618 58
668 794
668 580
197 617
279 286
104 887
14 277
498 653
35 809
883 734
735 456
113 782
959 716
338 531
996 600
722 533
54 134
923 46
606 611
360 697
693 319
165 352
22 1000
722 514
684 680
423 120
837 737
323 684
945 784
29 579
371 376
444 496
898 119
778 451
176 417
31 121
6 750
89 570
903 824
921 258
924 543
130 224
529 369
297 476
403 746
208 836
402 3
723 535
831 81
419 502
68 597
365 295
391 999
445 856
704 209
952 739
925 177
797 1
202 932
762 81
29 706
946 133
605 843
9 723
829 84
419 915
203 282
3 671
292 768
227 663
339 416
73 451
28 263
82 406
43 421
347 928
202 776
653 872
78 463
455 929
889 748
72 26
837 331
974 896
268 815
501 817
496 164
892 831
251 818
809 10
665 85
257 538
482 663
663 690
738 29
294 606
919 807
322 585
995 758
610 880
675 666
247 706
738 19
598 868
220 995
48 355
448 902
455 634
548 78
985 251
312 589
73 334
835 718
797 929
365 907
802 430
885 443
367 99
469 497
546 840
773 78
15 191
316 940
692 643
689 37
955 595
383 656
343 607
969 572
567 248
905 994
327 88
425 393
433 188
992 765
456 202
151 26
62 186
124 274
470 18
255 422
531 958
496 366
638 942
77 538
131 444
218 976
214 725
116 125
599 311
937 875
362 481
135 474
969 369
43 85
233 121
881 926
533 622
506 249
490 91
52 639
483 706
509 932
240 986
735 766
559 719
503 981
267 356
659 961
62 839
149 721
417 717
591 786
711 227
122 582
633 417
740 321
283 228
993 401
178 817
240 986
885 808
484 419
642 93
685 742
857 722
495 12
922 395
233 692
391 999
795 441
56 977
986 351
408 941
366 853
515 371
310 698
584 270
4 964
582 331
119 605
458 864
334 98
738 757
20 792
985 445
827 359
243 35
870 906
299 470
918 813
112 604
947 357
696 31
825 818
308 791
937 672
175 153
461 924
635 771
170 272
481 192
976 102
833 281
394 730
473 151
738 212
826 596
641 504
875 808
795 739
235 61
688 426
674 208
438 668
282 223
117 145
343 404
867 503
956 872
236 308
957 148
418 489
563 340
797 463
951 834
332 860
276 898
323 541
883 661
208 9
989 511
733 374
909 244
498 748
676 15
944 912
15 756
191 24
379 163
895 998
781 16
941 528
155 38
629 546
628 181
466 926
927 820
720 990
858 773
927 612
283 809
291 512
614 870
930 248
521 752
911 978
956 139
605 15
724 73
333 141
622 429
437 996
178 180
778 298
548 797
848 84
640 355
689 441
330 610
712 287
99 113
910 764
398 542
539 136
505 885
338 532
729 184
874 290
752 55
317 651
684 465
218 156
603 855
828 463
201 633
752 387
389 325
337 437
783 368
613 908
703 920
536 616
527 595
510 16
320 280
40 651
866 734
201 173
951 196
591 497
992 456
430 45
406 521
462 576
916 201
722 246
936 844
264 284
760 652
10 883
345 47
731 406
447 622
984 418
727 538
35 13
587 569
42 508
395 650
28 192
101 452
964 670
209 191
568 765
705 876
608 931
930 651
109 859
53 351
524 52
36 604
185 371
955 527
111 496
999 968
311 437
46 846
102 231
759 524
233 927
436 782
789 91
533 967
942 418
73 98
481 510
862 944
107 430
489 675
835 626
914 242
179 368
699 603
719 290
866 734
826 141
951 196
447 429
845 61
383 656
626 886
739 507
454 62
437 167
242 201
690 647
943 892
301 970
994 101
539 254
139 131
238 786
987 702
551 316
97 829
134 700
998 226
524 851
324 793
362 24
821 929
370 220
488 798
502 35
346 294
617 518
56 142
239 834
654 484
972 230
190 255
983 25
556 550
461 511
93 356
646 653
399 913
221 605
933 845
819 293
425 56
165 359
935 114
490 177
238 497
727 538
517 299
261 730
474 394
411 27
186 124
601 868
129 690
439 231
292 519
357 619
453 250
613 810
44 586
404 374
968 532
767 811
388 581
461 590
337 72
680 990
157 427
720 459
494 387
486 853
128 218
36 740
817 572
146 85
449 904
801 909
651 56
940 640
990 901
629 606
88 145
863 736
710 425
494 55
740 502
515 300
69 728
471 318
345 994
935 350
424 252
914 539
259 578
580 539
80 87
999 709
400 429
42 525
605 15
107 506
241 259
801 244
697 825
750 43
448 434
58 424
952 44
654 513
330 111
527 187
768 309
681 163
526 992
292 975
537 727
613 967
593 719
555 871
89 324
481 192
533 967
278 751
520 3
543 736
535 793
212 542
404 936
139 315
871 649
533 810
143 264
650 882
688 504
199 105
66 162
888 514
619 744
778 98
137 620
724 778
107 995
183 487
119 337
325 738
755 533
578 744
643 345
673 412
23 287
239 834
706 743
783 970
203 377
887 144
485 420
145 199
63 341
710 977
952 140
674 827
59 559
657 426
5 201
734 947
310 262
114 552
333 349
547 673
726 392
425 426
709 958
461 695
317 641
888 377
647 789
120 530
573 9
529 307
195 436
105 166
987 161
125 634
854 508
727 538
250 959
94 692
398 147
434 152
227 925
576 842
837 6
917 654
31 229
465 971
947 540
118 401
266 455
522 919
793 430
521 348
914 965
243 677
732 219
949 135
694 524
618 540
852 648
920 462
220 995
300 502
99 450
875 768
951 633
285 34
362 28
185 260
951 417
878 139
615 285
121 47
641 393
944 912
778 98
292 923
461 590
94 224
967 810
619 578
201 431
528 40
751 759
737 331
614 870
540 575
993 383
858 548
53 96
193 407
165 359
462 663
63 628
122 530
809 629
516 265
272 274
850 780
597 138
268 602
784 182
804 530
377 722
121 153
185 260
366 886
699 438
424 303
700 23
13 734
440 413
906 631
35 809
787 626
891 300
181 779
822 849
57 794
243 283
146 788
552 260
347 919
241 754
180 152
120 960
285 268
481 819
836 673
350 743
975 591
386 117
911 74
991 253
455 1
978 703
944 252
686 62
779 360
568 495
603 668
560 663
514 755
781 614
733 936
227 199
47 594
723 127
356 305
602 197
675 4
408 922
316 519
292 299
905 935
258 332
57 182
496 746
10 771
257 84
732 16
712 306
748 342
653 766
455 656
18 791
47 618
134 26
998 344
21 638
734 397
508 419
672 143
577 592
449 875
495 402
436 539
52 790
492 634
616 189
253 328
782 194
274 86
357 546
356 972
195 401
333 250
594 221
301 932
556 142
717 719
122 176
608 40
782 609
257 479
649 786
943 499
15 146
269 342
917 734
233 563
502 476
782 969
923 572
175 887
832 513
272 929
638 817
512 491
291 541
836 394
453 848
383 725
40 602
974 906
384 865
878 565
630 266
93 276
819 217
384 998
963 630
19 970
614 16
33 302
908 74
241 443
400 546
944 534
153 996
981 617
656 546
669 49
992 570
796 777
578 343
770 345
668 268
1 848
63 831
995 902
833 49
162 839
818 863
715 582
568 964
866 764
446 175
548 670
962 897
115 433
844 635
899 20
583 279
350 347
937 959
897 148
680 999
1000 458
591 43
210 589
208 374
857 563
20 668
721 691
337 893
557 639
104 7
162 276
654 687
203 499
576 125
178 793
906 631
147 90
930 858
206 457
757 483
21 393
433 137
111 449
929 956
622 793
68 344
9 652
825 578
558 462
607 77
159 622
283 117
158 173
377 765
27 917
207 785
765 700
719 919
73 548
573 70
11 981
758 58
531 915
467 397
316 947
409 842
724 833
442 312
72 893
67 667
166 480
196 737
598 689
595 178
279 614
342 532
363 39
143 966
989 262
833 103
17 757
883 296
51 116
773 196
414 117
206 406
678 765
7 32
142 786
466 610
143 149
771 667
635 320
505 453
322 106
292 388
40 305
758 545
525 603
827 748
445 499
627 430
717 548
950 23
514 713
640 300
615 84
325 361
566 149
907 382
905 902
787 153
769 715
936 831
305 621
210 904
62 845
807 675
287 427
638 97
712 126
69 999
777 217
159 468
694 491
193 986
661 429
911 546
582 657
849 400
249 745
951 359
993 615
24 123
540 955
383 965
615 203
782 107
331 816
498 478
256 539
573 340
554 110
200 391
121 638
72 667
14 678
548 413
111 664
285 261
445 269
762 81
751 512
413 879
485 57
82 275
22 987
627 325
312 175
85 599
676 727
875 872
347 383
916 478
866 996
598 110
553 584
584 122
264 843
683 935
225 681
401 531
496 386
911 882
400 284
574 920
267 814
374 997
683 253
29 48
437 527
374 727
314 93
995 663
135 801
976 900
375 64
654 3
639 41
167 941
614 190
977 53
589 963
968 908
390 518
222 930
133 191
745 236
384 167
688 12
404 693
680 674
37 491
184 377
235 390
163 19
861 796
359 358
625 656
16 553
106 451
564 669
332 659
676 974
865 5
624 970
538 757
117 170
920 683
201 333
196 205
496 583
136 863
21 285
907 245
677 308
327 608
100 272
119 620
445 772
195 464
95 395
398 132
676 814
289 428
651 111
866 64
170 119
897 721
387 167
376 286
710 335
629 801
435 907
147 594
255 194
569 200
154 693
69 18
141 412
578 782
654 680
943 548
938 787
783 597
931 644
323 649
886 131
593 374
81 880
263 535
151 364
436 525
980 213
256 419
112 862
472 495
865 559
239 416
259 446
265 578
954 773
343 194
15 213
836 359
794 462
395 680
578 656
68 754
388 574
880 558
409 236
793 576
717 318
792 581
662 401
349 909
593 354
366 647
825 15
886 215
719 204
937 106
382 605
179 261
836 604
216 806
605 150
589 299
926 36
806 867
837 529
273 97
658 790
258 904
698 247
357 916
703 222
683 42
165 49
540 265
16 8
579 250
525 3
732 367
665 909
73 448
790 120
114 334
309 921
868 310
121 612
883 732
851 279
325 605
229 638
721 533
420 734
864 753
509 336
291 530
601 720
312 822
54 445
771 958
73 544
871 639
905 548
976 984
41 329
655 982
673 422
73 287
977 169
827 716
679 727
684 763
835 199
530 512
486 950
371 947
975 200
200 902
183 927
102 137
863 948
343 882
19 494
647 898
852 36
341 528
312 589
638 419
578 986
475 174
984 975
110 122
60 143
690 198
937 681
908 176
276 918
128 823
590 257
265 992
425 16
103 861
833 72
199 219
72 160
28 930
485 158
237 406
69 657
932 181
688 956
5 516
254 259
173 167
232 126
701 779
890 214
613 746
526 692
345 845
14 655
703 574
825 151
834 325
349 735
682 570
199 466
490 663
515 557
111 200
176 674
155 68
67 254
537 904
337 623
312 242
501 368
876 136
450 870
895 509
356 213
113 629
551 392
773 139
976 120
144 585
592 727
958 822
837 286
278 728
64 739
386 657
824 373
112 184
332 860
539 170
922 664
8 97
541 126
978 804
430 176
112 976
800 119
195 679
172 876
515 640
644 688
123 339
679 723
564 889
113 644
324 877
868 303
69 156
586 626
386 964
870 355
670 776
749 385
391 474
825 728
951 819
306 688
532 323
796 597
400 626
544 189
916 305
328 308
295 112
495 445
281 192
334 787
526 189
82 87
557 931
604 801
394 418
796 30
796 343
242 414
559 205
6 479
918 911
798 682
433 25
765 613
209 439
502 747
511 838
328 380
718 821
410 265
522 204
670 182
225 977
864 626
382 518
595 101
381 498
18 984
713 374
505 346
390 193
624 789
972 186
307 942
267 25
531 384
962 73
887 850
880 732
11 815
485 962
544 312
814 471
57 339
112 223
439 579
936 152
274 51
972 494
546 405
980 481
667 4
148 423
767 357
866 739
695 509
907 341
907 146
998 25
401 528
954 132
111 852
703 744
510 370
542 430
770 290
486 658
34 753
17 278
873 42
170 984
845 198
662 805
263 783
902 155
444 231
440 687
593 732
158 505
243 78
916 822
84 635
581 383
34 86
12 704
490 515
532 824
271 150
959 611
111 322
44 272
25 251
955 629
619 724
313 753
494 312
281 199
430 473
736 805
236 155
752 304
536 514
87 145
819 251
308 728
677 910
476 438
461 43
657 739
835 791
197 96
997 541
621 967
836 289
649 882
63 385
388 753
244 88
379 887
427 972
324 32
369 20
117 151
616 310
576 392
766 635
922 636
140 701
311 387
759 529
351 183
400 205
161 896
849 295
395 664
678 952
335 657
716 141
309 201
338 210
555 25
452 797
579 283
780 903
798 265
628 41
334 719
619 416
600 175
449 402
612 320
790 999
641 510
21 936
522 962
334 255
255 671
935 270
445 728
222 592
10 960
781 323
293 343
879 168
805 619
279 268
671 639
747 631
583 115
426 225
233 891
671 734
351 244
842 108
477 21
602 863
215 607
319 939
654 454
331 257
824 72
279 994
426 343
79 601
307 897
815 899
328 10
658 806
345 980
291 605
639 865
39 541
36 7
142 819
770 855
486 111
945 117
548 64
176 824
158 715
34 673
816 843
935 501
117 303
788 950
84 723
85 492
829 360
530 578
418 58
387 951
336 331
215 834
451 796
695 125
715 997
688 621
190 477
554 88
690 498
509 840
648 58
259 175
899 229
939 702
851 862
273 202
728 31
47 393
685 966
980 450
932 126
630 322
234 603
326 927
241 399
406 294
278 950
3 229
16 951
113 793
944 547
678 351
354 958
553 217
801 42
904 609
619 542
623 706
759 663
864 229
228 656
103 516
813 303
963 611
273 10
100 572
775 211
504 589
22 89
791 492
848 316
117 259
837 520
786 459
615 137
684 338
972 136
650 294
123 672
624 782
781 461
297 1
710 358
951 961
690 255
215 323
222 811
288 56
475 552
815 228
376 800
205 506
952 476
481 593
982 160
121 478
549 316
301 168
335 450
340 917
107 158
67 258
115 35
732 286
416 626
136 541
808 419
630 148
659 514
735 872
980 946
586 916
662 407
630 331
329 523
374 822
118 430
611 166
835 437
320 405
83 11
331 167
192 937
461 129
642 817
813 42
186 291
12 408
406 514
852 97
539 581
879 622
24 904
580 245
586 144
883 968
850 496
932 944
87 239
623 940
541 138
921 205
964 455
982 464
278 245
833 87
748 293
868 44
430 258
491 249
970 929
851 169
500 638
273 554
746 837
346 739
686 957
750 526
669 211
43 903
183 724
902 395
435 876
900 922
375 327
212 418
854 866
625 872
285 472
271 772
445 147
160 318
877 848
489 873
141 988
793 933
884 651
867 40
768 45
685 672
980 870
532 27
235 416
993 424
948 963
438 327
773 852
253 658
192 732
5 265
30 745
701 103
970 604
775 91
645 69
301 550
479 34
202 355
903 723
140 55
463 23
638 404
898 407
774 565
996 119
836 650
540 858
641 429
209 501
782 204
393 471
808 79
46 4
587 693
287 491
475 465
406 262
104 832
377 251
816 416
597 191
7 372
90 338
707 237
514 537
862 62
540 332
791 466
202 19
210 721
898 931
175 650
301 318
977 676
908 238
37 534
33 307
917 588
929 148
312 624
87 643
264 205
208 435
555 158
859 450
883 644
221 802
128 169
108 31
303 649
392 456
544 968
150 168
482 284
29 500
3 406
531 506
598 371
703 292
949 402
307 733
676 768
19 84
193 179
852 974
802 758
852 758
566 827
784 812
748 827
535 613
15 111
472 131
909 265
304 81
840 434
240 699
949 864
826 697
16 377
773 191
664 866
505 447
693 339
294 683
518 816
138 409
321 948
848 597
874 683
791 605
866 892
562 74
449 504
700 347
122 271
354 105
26 938
255 159
448 908
507 426
15 346
525 805
408 547
562 974
58 530
556 201
751 537
785 989
824 201
359 670
349 182
446 544
949 525
321 705
210 420
891 462
338 664
355 716
52 695
226 263
872 285
300 594
642 386
335 478
522 462
752 674
765 926
649 847
239 531
341 387
34 21
668 867
651 584
107 486
523 866
480 209
221 126
812 944
756 511
315 584
869 919
925 732
91 661
248 106
175 685
213 771
980 943
2 215
596 296
237 244
861 421
896 698
415 683
171 333
132 864
922 913
78 803
764 540
929 853
311 346
327 814
826 327
554 944
879 641
696 69
555 390
894 47
549 530
598 426
623 309
328 256
760 840
674 274
692 843
502 234
321 763
963 819
347 560
125 613
532 668
453 911
801 765
436 882
979 410
617 397
791 783
956 885
343 569
264 157
360 121
395 836
314 34
991 808
382 527
800 61
778 567
657 460
405 924
470 154
38 41
935 749
260 332
665 533
684 215
698 482
244 968
907 743
182 286
77 261
809 960
173 218
323 208
633 93
432 53
706 999
511 94
238 951
352 860
405 598
280 996
862 748
800 73
597 660
303 930
660 108
134 248
450 666
383 403
140 773
589 533
745 531
253 37
260 184
770 260
361 431
263 703
346 10
139 3
631 642
212 408
249 452
433 476
802 83
142 725
346 953
736 366
777 543
385 865
75 341
357 69
63 841
976 245
882 185
257 885
256 868
623 155
957 705
354 192
89 155
423 391
218 254
311 442
820 357
630 166
393 308
591 882
648 911
559 446
568 761
918 108
794 592
740 393
864 169
64 652
202 764
763 269
837 702
208 629
819 278
732 111
992 509
631 375
519 743
786 773
646 238
35 394
728 445
328 815
331 413
138 170
729 532
477 942
74 905
810 230
271 125
103 681
831 566
650 949
869 141
900 999
386 248
130 881
253 1000
116 767
403 419
475 325
712 237
766 845
687 604
891 918
150 303
471 608
654 580
32 476
437 393
285 569
291 800
730 80
828 401
240 524
269 710
51 848
44 729
549 341
191 451
526 774
394 94
887 36
599 395
992 988
368 636
143 315
204 901
788 283
795 97
331 823
791 677
568 167
236 337
149 495
800 686
243 831
163 291
319 426
933 689
771 352
123 738
150 492
789 47
350 514
568 503
83 412
228 293
802 585
996 317
403 261
501 508
149 132
941 180
823 658
694 315
529 821
370 891
611 808
59 341
835 32
410 415
245 100
109 535
149 538
249 994
927 274
630 576
124 179
580 166
304 109
20 594
794 104
807 251
765 973
342 633
169 567
50 794
886 667
879 662
771 716
570 952
667 579
693 461
758 595
513 251
711 394
897 673
496 646
512 627
283 998
163 66
229 373
901 435
431 595
384 74
669 118
954 814
279 646
839 933
74 913
523 601
141 35
842 492
478 793
735 974
745 678
463 402
845 360
373 577
291 652
367 993
450 638
725 682
399 155
166 679
819 100
568 411
641 723
414 204
125 29
84 871
325 247
952 54
622 757
884 511
7 12
832 221
693 92
360 352
578 528
892 928
305 439
558 544
120 961
474 827
46 900
605 252
216 115
600 263
208 466
460 172
636 20
193 280
593 43
201 839
79 655
886 341
510 397
831 307
601 125
460 915
130 375
648 339
797 369
303 94
581 439
802 906
703 381
692 441
347 332
504 309
17 376
645 904
86 317
252 258
451 530
973 1000
464 498
785 584
115 508
36 120
993 374
276 580
18 11
951 567
131 136
394 599
226 374
386 853
91 771
753 306
774 228
799 515
762 18
598 767
462 45
408 155
540 925
212 701
197 353
608 975
273 73
319 104
47 515
598 394
881 752
333 910
961 1
674 65
40 917
195 54
627 705
117 478
801 930
508 995
381 986
120 87
114 813
117 994
213 684
264 780
723 20
87 104
881 448
277 400
115 219
853 397
496 608
575 666
194 260
833 361
11 185
292 81
869 11
635 822
364 201
37 375
576 557
469 495
870 545
698 925
569 517
762 16
764 379
194 22
578 938
966 414
804 164
733 223
550 934
348 181
377 216
482 312
428 523
755 161
500 208
346 473
732 741
770 929
176 924
664 614
446 428
488 778
905 425
343 668
457 111
546 128
873 482
170 555
341 570
724 749
932 529
377 404
267 444
298 968
716 517
681 196
721 293
729 595
716 786
57 291
791 996
9 947
737 441
692 721
450 11
812 792
923 17
943 482
989 710
406 183
501 870
14 480
102 380
342 337
472 51
704 394
990 528
458 917
376 719
227 624
965 192
853 942
551 956
974 424
134 114
516 918
569 887
639 196
198 203
90 1000
554 144
712 780
25 790
443 128
632 277
228 849
531 713
910 813
843 977
956 984
611 240
594 135
687 611
920 391
959 165
89 872
965 108
893 301
532 212
863 997
698 496
314 779
32 854
105 52
35 360
440 695
43 122
832 194
653 47
877 744
719 364
117 253
568 455
812 770
69 981
821 996
987 456
890 800
668 543
241 594
10 229
492 721
755 82
130 970
590 528
670 465
773 501
103 321
86 892
149 755
636 580
615 568
425 794
204 595
746 426
484 173
922 401
597 200
552 814
544 740
208 592
429 526
327 927
183 891
641 798
965 553
423 869
293 63
638 355
61 277
1000 244
424 276
230 689
309 794
837 335
476 513
157 183
73 546
921 295
528 893
74 433
905 434
869 272
246 468
698 251
63 490
402 323
794 465
1000 62
500 324
524 693
215 619
981 951
38 858
144 12
597 464
876 74
648 536
599 489
821 598
696 889
762 140
293 392
493 910
190 354
762 82
335 976
194 909
18 744
828 374
114 660
409 669
250 231
464 607
935 41
126 677
765 312
82 117
163 799
706 182
740 147
548 309
76 843
589 372
665 391
517 625
391 73
975 671
596 449
32 507
240 996
883 625
158 456
520 87
199 169
873 203
365 494
626 875
503 493
518 643
922 804
272 76
671 875
570 366
70 802
19 591
278 172
600 6
659 944
29 770
765 803
975 15
857 855
951 192
983 817
28 560
784 876
256 628
836 586
932 113
28 813
115 416
210 161
674 899
124 713
287 264
380 268
604 132
349 34
749 79
548 47
545 498
123 871
928 710
451 685
808 44
268 923
540 454
841 952
819 936
987 592
462 32
548 609
60 30
535 738
213 763
313 925
134 758
500 683
826 74
990 967
234 317
292 349
1000 537
29 846
291 256
824 497
119 155
319 400
908 817
475 460
301 768
663 81
199 23
461 702
518 634
206 877
281 660
508 802
185 974
67 474
680 121
480 299
292 220
721 748
935 983
692 306
127 748
319 290
952 377
824 683
66 480
795 437
206 605
720 689
503 284
121 848
489 190
809 90
394 941
537 396
173 524
813 493
671 925
528 866
965 642
566 881
395 424
33 710
238 892
988 585
223 835
702 473
311 828
450 696
454 948
169 922
741 596
90 357
29 101
812 651
93 194
709 914
731 382
361 632
83 961
864 736
966 758
228 716
867 848
111 9
333 641
486 999
733 407
375 838
435 828
571 855
960 814
975 953
707 340
462 586
750 922
278 103
995 153
900 412
465 592
511 72
577 787
32 312
753 981
549 683
625 634
495 251
90 920
678 533
493 927
343 781
421 261
707 385
342 266
31 298
244 467
308 502
530 142
531 135
657 28
596 132
260 572
421 327
866 645
318 507
946 618
744 162
624 269
104 606
427 443
846 376
129 3
340 202
975 727
199 474
537 295
752 690
256 514
47 258
646 645
548 185
65 805
780 288
50 218
699 326
5 426
414 264
277 180
778 504
374 629
824 580
763 288
585 54
961 480
132 324
500 327
944 22
261 142
994 147
170 43
438 513
533 29
426 827
653 814
309 840
368 579
497 844
362 874
484 318
843 763
626 62
678 775
829 244
607 620
467 380
33 879
253 605
11 509
763 698
111 797
593 468
508 374
287 165
475 622
460 738
482 693
689 788
641 978
555 347
276 448
833 523
942 408
703 233
58 609
604 931
398 456
138 105
839 602
788 549
775 17
550 567
553 107
285 35
896 412
36 605
426 277
588 923
770 631
147 549
761 812
296 395
529 135
676 75
712 643
985 923
920 176
641 713
303 18
686 383
615 82
311 379
228 132
818 398
649 643
808 465
864 528
599 785
989 469
632 457
673 198
824 163
118 205
870 638
515 105
409 96
812 833
635 650
618 153
624 106
929 661
251 618
83 216
505 547
286 462
385 3
145 506
625 848
860 646
971 841
156 571
832 592
344 514
69 165
332 860
631 940
57 971
974 661
219 166
930 390
260 278
526 697
155 657
938 654
827 164
581 883
622 895
71 1000
629 261
891 613
253 182
546 434
251 949
611 970
89 463
682 499
895 256
638 305
202 330
211 34
332 221
975 427
684 163
749 67
288 283
311 620
80 993
539 162
804 68
24 886
63 1
915 168
530 646
570 407
771 213
103 287
329 675
24 393
664 679
197 832
354 884
290 389
222 792
631 179
817 489
185 993
386 814
125 342
306 840
270 493
313 788
405 664
656 30
676 974
32 933
276 666
478 412
102 539
571 177
273 411
837 660
642 810
469 918
415 983
300 570
568 696
774 39
26 866
744 848
48 591
815 937
174 817
409 176
503 139
597 670
561 739
643 455
222 373
875 755
71 632
545 77
4 530
77 856
199 821
631 563
616 989
591 446
914 865
491 30
732 362
433 609
720 393
115 591
193 449
289 649
554 951
23 952
610 636
197 741
86 205
536 730
890 832
463 736
524 541
647 204
42 743
257 771
153 195
11 848
877 385
665 365
304 722
381 951
291 132
537 21
525 704
873 733
999 132
653 604
226 334
72 136
508 658
258 208
760 52
231 119
328 990
326 433
31 562
389 336
867 164
162 864
4 894
902 787
311 722
292 322
772 445
654 510
162 754
926 375
956 694
630 674
594 955
301 830
254 28
782 71
284 216
883 115
211 794
959 423
884 981
728 4
722 363
410 175
275 835
747 695
314 965
278 890
909 1
760 209
905 183
346 326
896 760
360 308
441 317
576 45
259 510
260 968
688 922
189 539
49 260
190 566
25 255
197 889
291 350
59 668
172 70
333 267
532 599
781 876
412 520
976 39
670 774
953 29
710 901
77 667
65 744
881 631
899 264
133 992
521 772
730 391
469 898
536 601
979 233
219 145
810 734
383 557
111 325
297 906
771 198
756 78
869 545
246 274
623 473
23 898
193 991
206 396
420 650
776 936
943 447
436 695
218 732
733 460
25 457
536 120
186 977
664 18
408 599
454 31
83 81
752 520
207 834
747 890
70 913
265 573
205 415
487 693
2 307
951 69
324 790
990 641
604 516
828 270
912 495
94 692
42 483
455 220
960 540
872 224
92 391
526 886
125 901
665 469
158 467
565 718
70 777
42 397
634 656
670 459
181 811
911 437
661 332
647 82
735 548
848 170
645 626
337 223
611 583
726 809
238 963
57 864
895 472
451 318
759 617
814 685
324 689
140 457
373 641
438 901
368 578
396 127
295 664
823 220
624 187
823 661
681 218
453 786
834 55
729 857
750 992
770 948
621 985
866 3
154 655
955 102
424 425
297 264
68 267
563 54
964 897
199 806
930 452
905 224
836 753
263 11
435 235
337 208
156 818
109 14
42 693
970 543
144 150
991 525
20 895
416 767
166 814
311 180
879 186
785 140
362 331
681 846
520 231
150 515
178 89
922 633
112 419
690 8
228 360
13 371
739 291
945 231
257 804
122 499
786 341
493 249
790 755
382 462
228 510
937 750
547 619
261 794
324 714
181 149
292 497
91 719
697 177
136 177
625 497
635 885
27 17
667 747
810 755
421 386
997 656
390 721
314 83
910 359
720 839
638 240
187 43
459 264
320 194
278 258
646 100
998 386
55 915
892 601
831 162
806 475
281 460
787 718
540 52
653 231
970 743
11 70
60 606
117 893
801 567
28 82
298 248
999 667
930 362
555 672
940 560
490 810
206 387
892 333
87 382
739 795
774 799
483 159
189 865
684 316
177 518
269 876
95 979
254 512
413 638
708 613
250 538
604 976
186 607
8 394
942 4
202 532
869 422
342 562
454 114
972 27
942 381
822 994
162 980
760 790
874 89
297 818
846 823
550 354
636 567
775 17
247 116
971 280
952 853
363 53
586 712
975 309
829 497
910 385
678 99
381 724
40 621
122 275
731 585
563 959
622 262
791 189
803 863
276 699
361 125
201 601
286 831
565 738
143 925
404 113
508 748
849 319
821 976
922 25
763 367
184 734
259 617
166 322
402 250
685 702
437 812
254 836
743 914
731 691
832 56
33 83
35 843
497 239
251 670
440 129
34 558
635 430
305 500
873 397
369 178
513 142
669 938
274 296
322 620
794 961
352 604
123 407
944 473
374 611
699 853
258 207
521 210
194 140
194 207
654 173
803 781
766 980
396 742
280 830
645 900
460 235
278 123
138 850
591 120
910 994
409 111
294 330
744 819
173 603
245 918
257 664
41 515
54 840
156 723
720 438
509 10
977 179
958 664
102 537
744 299
891 421
144 2
235 649
93 409
388 266
821 770
175 462
463 327
985 842
360 626
467 235
153 608
764 652
192 764
462 132
680 76
909 99
272 625
772 102
313 508
744 574
541 486
993 324
193 260
949 739
306 407
943 217
860 179
334 161
310 348
509 425
533 477
783 720
509 315
782 724
530 281
332 735
883 12
794 934
845 336
862 779
805 269
6 271
529 634
158 490
661 956
819 174
140 888
977 423
515 381
238 982
484 147
359 176
289 377
982 829
935 755
454 524
8 182
921 730
958 783
839 553
510 777
609 325
311 646
340 473
245 549
338 424
681 82
801 43
746 241
683 676
146 246
682 330
270 606
425 344
260 594
261 918
353 564
101 638
782 611
121 461
194 750
904 480
333 305
698 815
871 709
293 425
837 455
848 466
968 151
201 7
191 572
797 220
260 955
400 806
633 491
645 832
422 565
414 884
766 739
60 272
577 583
243 261
263 833
200 142
544 981
900 752
301 234
999 357
877 922
834 26
916 772
545 922
532 448
737 290
117 712
729 428
587 840
270 651
935 650
93 172
387 194
14 253
924 623
246 80
864 669
415 487
963 527
146 654
267 935
443 681
257 158
905 547
500 543
660 308
838 309
234 850
64 735
738 384
791 874
139 121
64 985
361 148
908 369
137 803
149 758
558 354
410 176
719 244
630 840
311 322
657 794
847 617
975 77
638 579
216 497
458 59
841 447
642 726
249 820
651 558
255 178
196 428
220 871
129 218
415 56
670 376
552 925
665 270
455 116
359 807
200 893
199 115
373 949
278 435
887 673
508 326
571 244
460 767
895 857
259 941
794 224
653 136
696 755
598 36
1 681
591 153
239 215
346 501
343 171
567 952
168 935
796 233
749 862
757 814
679 335
390 167
81 649
457 41
431 371
818 394
29 579
512 20
737 811
939 848
641 164
581 144
435 769
898 32
184 128
815 123
327 812
151 788
404 560
877 375
511 33
855 602
314 937
102 500
280 211
650 667
876 570
279 172
532 163
478 511
121 765
707 302
592 599
860 200
162 880
223 650
477 128
231 373
723 393
857 814
329 543
471 868
185 801
177 39
658 184
841 817
981 397
340 671
376 77
545 794
216 481
572 581
556 916
308 209
381 170
515 830
947 113
985 203
656 269
37 177
96 634
47 481
591 756
286 269
255 244
440 524
639 321
763 414
584 799
217 760
974 234
556 437
865 392
911 161
113 439
959 151
332 955
646 677
34 484
986 534
408 822
242 761
589 367
400 490
480 612
225 423
262 996
291 880
518 550
663 768
850 436
639 89
495 812
612 901
865 988
775 292
603 503
594 326
236 125
545 920
108 373
183 132
723 350
916 63
365 19
561 6
789 345
885 815
819 319
936 639
961 516
759 954
701 523
485 122
771 792
855 952
296 681
939 545
252 47
967 172
52 488
570 953
271 617
782 385
311 275
812 417
719 567
888 945
294 689
167 642
580 522
75 661
314 631
498 701
185 33
5 964
564 646
677 269
821 688
58 897
424 460
62 619
615 738
74 971
403 724
381 102
245 685
301 819
213 178
984 867
254 988
899 691
387 842
878 930
861 996
978 528
504 444
750 501
293 811
763 921
155 81
315 477
741 362
974 35
590 207
41 150
512 630
329 868
310 404
837 529
812 643
269 424
697 616
925 571
239 324
255 498
920 145
254 498
914 600
60 890
659 530
599 630
68 27
837 395
151 450
152 828
832 992
413 792
279 911
576 462
799 523
145 683
456 911
309 668
219 759
542 646
272 351
284 345
127 687
397 436
676 496
448 409
485 226
735 435
1000 781
774 982
409 34
382 461
584 264
267 197
280 855
933 577
260 517
810 649
315 997
832 965
676 820
309 777
593 460
794 773
478 24
214 146
464 778
190 800
742 837
166 656
685 907
99 80
353 294
613 510
721 419
332 896
281 684
137 650
656 1000
97 997
186 419
994 435
95 754
300 83
216 402
415 93
27 215
463 171
460 26
220 18
371 893
214 464
351 55
511 651
793 842
231 838
761 447
189 545
391 362
895 988
890 37
973 318
761 83
772 447
894 892
761 464
466 361
172 350
135 385
784 695
1 994
203 852
787 945
481 575
839 372
904 179
787 433
433 12
488 610
801 521
188 651
280 40
874 628
673 712
580 974
416 741
178 361
238 49
460 526
69 529
575 109
692 445
1000 386
910 220
396 960
758 236
380 901
819 847
578 629
592 4
212 810
288 498
463 477
659 627
963 425
457 178
308 695
723 758
637 374
385 122
920 611
461 266
86 592
588 198
312 804
362 628
753 622
812 523
610 345
574 944
114 303
760 348
803 793
909 841
358 117
822 771
728 366
879 205
486 983
951 264
35 661
864 584
855 86
792 967
268 129
644 339
403 484
653 854
416 525
734 766
619 194
970 355
462 176
228 443
677 293
473 923
396 589
997 8
967 167
264 539
12 745
514 31
455 490
541 399
652 658
111 293
425 878
715 789
157 820
499 296
103 793
435 453
537 442
926 36
146 847
223 214
338 624
597 971
42 477
108 534
176 121
946 655
463 775
107 462
972 56
43 957
141 860
532 851
747 718
984 812
354 580
366 130
340 210
167 139
978 984
344 401
160 578
552 550
1 141
730 646
852 293
512 988
567 909
512 924
928 218
97 349
673 82
582 287
38 972
588 298
876 839
476 688
215 959
566 856
428 461
9 530
249 979
340 962
640 736
674 156
714 596
847 181
42 849
460 346
264 13
996 721
702 333
51 591
223 697
392 350
451 583
237 614
476 851
421 847
164 545
661 206
244 237
129 18
55 313
657 341
445 693
816 666
720 459
448 838
164 429
202 382
260 726
798 127
380 421
469 39
456 807
706 930
400 832
429 248
200 467
870 940
153 498
180 283
662 895
877 160
378 791
279 691
72 239
593 386
113 704
838 354
973 706
690 72
79 261
747 349
821 333
172 496
836 558
791 768
473 612
86 348
105 573
541 720
394 434
60 235
807 687
978 549
592 92
59 133
886 125
31 118
917 635
220 780
214 658
297 542
512 48
977 204
470 177
268 739
110 238
462 107
184 415
905 708
307 148
461 264
180 110
77 968
69 283
295 537
227 933
139 619
440 270
374 102
359 865
591 106
632 543
656 710
651 211
503 39
313 374
452 773
678 804
747 650
754 399
764 930
424 66
95 877
885 598
783 865
155 51
462 589
139 879
602 414
333 768
749 28
314 957
496 455
154 940
804 331
160 389
574 608
426 810
549 749
200 570
121 71
970 636
855 978
512 729
669 561
377 681
828 621
451 571
124 555
1000 136
84 820
257 890
348 192
107 160
179 669
673 632
413 990
550 86
645 667
16 537
106 35
382 781
600 914
96 682
719 63
236 555
489 969
876 253
33 245
657 327
355 786
613 918
631 755
440 681
452 490
258 299
517 623
408 544
798 754
833 389
155 270
505 301
193 962
943 479
833 16
159 890
785 528
202 230
468 823
544 939
378 514
321 49
618 917
690 57
664 601
1000 916
172 276
217 374
937 646
924 704
38 878
593 626
240 727
978 654
553 33
203 653
91 1
172 50
250 219
981 245
315 35
989 992
286 615
567 831
321 502
321 434
690 6
496 307
633 977
861 416
185 515
898 786
341 960
30 844
92 547
207 776
664 185
515 647
730 599
320 85
863 999
319 350
512 630
690 314
339 613
402 431
766 119
613 623
256 402
591 374
988 572
305 457
247 827
267 79
550 562
587 319
263 881
719 416
613 273
883 483
28 102
458 339
601 125
194 854
932 959
237 909
388 704
235 834
752 989
938 870
270 875
525 975
733 425
151 74
356 767
598 701
391 716
451 438
243 910
582 942
690 535
467 293
318 609
649 572
2 136
644 569
869 442
418 263
447 379
463 768
691 719
233 343
843 405
191 507
549 351
634 311
539 952
667 67
772 856
821 60
489 825
741 550
381 894
831 805
910 673
300 991
437 750
68 601
44 279
192 386
924 664
690 803
468 470
408 888
545 482
336 62
696 733
81 801
281 516
312 493
838 464
80 402
500 271
490 637
202 353
389 756
369 726
218 797
168 466
786 168
578 66
182 947
268 731
626 380
882 272
489 8
219 694
842 297
249 413
853 66
595 753
659 731
945 695
508 177
742 219
290 915
452 773
933 991
686 926
692 954
521 822
522 952
565 569
654 708
525 973
523 89
84 536
906 789
846 345
354 304
161 102
225 946
473 755
384 806
750 359
248 744
532 808
323 794
711 757
927 98
247 523
727 28
808 52
184 810
398 218
646 78
50 923
232 271
365 719
390 677
624 251
722 630
980 513
237 305
649 539
38 173
120 778
445 913
783 764
846 351
140 776
305 933
577 321
299 966
814 39
306 588
782 292
129 793
815 633
477 433
799 616
882 617
507 228
483 736
225 179
463 938
25 738
430 816
859 797
447 45
348 555
553 812
901 48
93 237
738 275
181 209
387 678
212 235
443 101
749 669
443 866
323 287
475 388
456 509
136 455
631 281
98 858
255 918
854 519
894 64
150 290
538 208
838 864
294 32
745 882
599 679
376 602
734 189
350 667
216 933
648 777
56 823
113 123
578 426
626 556
964 540
116 705
291 770
169 25
905 38
653 48
483 307
335 648
647 695
317 368
848 506
386 524
797 775
267 603
280 593
474 176
609 339
822 347
230 551
533 41
648 763
862 771
657 159
579 786
809 614
733 73
164 207
332 432
983 907
481 28
214 298
505 732
257 105
950 673
44 1000
521 405
348 104
202 462
971 591
709 891
558 940
306 344
390 200
348 98
205 509
265 708
729 169
26 730
997 770
549 263
764 759
551 201
217 237
29 695
483 568
365 22
436 347
655 479
900 34
407 221
317 762
50 855
623 237
786 182
65 877
912 3
483 410
534 179
610 365
893 155
556 352
841 525
363 290
139 537
421 187
450 760
490 195
776 520
872 99
652 258
946 342
574 810
769 848
347 231
251 192
968 248
375 971
779 687
793 486
600 124
750 650
703 981
563 548
280 947
730 908
659 378
977 975
198 618
981 858
720 674
810 293
946 423
414 183
228 410
867 877
283 639
765 834
952 488
136 680
206 149
816 746
301 779
945 510
141 218
740 540
961 826
516 755
321 889
554 463
263 740
869 282
869 939
68 477
418 246
6 624
702 546
673 65
392 271
407 939
861 109
485 660
237 777
338 825
287 757
310 600
433 941
441 202
565 93
43 993
603 628
782 641
301 544
567 571
841 451
505 598
207 437
323 329
196 206
104 557
966 254
275 187
266 153
649 42
796 488
834 306
93 489
310 585
519 106
72 310
865 131
356 256
828 836
428 440
362 40
154 475
430 291
786 976
280 178
158 939
999 650
727 390
192 307
533 963
370 295
482 143
975 742
435 526
950 783
454 589
336 185
108 448
149 239
64 386
395 287
588 718
837 31
904 762
314 267
315 415
501 494
859 504
701 496
517 111
428 975
2 67
580 405
443 876
283 411
118 419
579 234
687 509
666 983
764 851
610 184
419 76
614 731
419 387
930 493
36 366
859 889
771 418
744 345
153 308
475 864
61 202
448 969
393 111
556 461
415 871
52 544
767 403
544 932
630 739
800 148
581 442
38 353
176 36
580 712
324 215
210 296
749 80
612 318
880 986
202 528
801 37
810 760
222 341
8 716
818 863
242 507
185 769
918 970
482 44
170 847
96 430
208 957
72 872
820 976
151 851
710 611
152 59
261 216
868 63
505 779
721 970
801 964
276 547
420 603
783 928
95 999
256 445
178 300
152 260
52 66
565 159
864 189
254 487
181 23
550 870
740 656
120 996
806 395
296 214
87 867
756 903
303 184
21 479
596 56
468 444
993 59
925 780
232 986
161 279
674 101
233 532
276 849
984 49
783 336
221 759
36 745
720 758
214 487
744 307
559 204
574 280
24 165
272 397
257 976
754 606
976 687
720 883
829 335
830 403
703 260
426 749
902 456
395 581
20 762
878 312
606 542
774 62
521 242
271 275
686 583
55 897
323 697
394 901
530 780
460 603
982 679
205 273
901 533
459 940
953 95
576 169
704 595
447 979
512 282
100 469
80 632
770 747
566 242
651 710
432 317
226 108
41 151
332 953
177 987
118 262
257 633
333 711
842 112
586 64
800 979
830 996
58 328
670 120
352 85
272 248
512 281
819 607
566 696
802 479
570 760
339 240
32 231
909 522
726 95
91 30
694 214
968 7
509 193
292 517
9 698
32 255
593 25
569 227
92 548
966 880
258 753
345 659
539 297
75 591
64 136
677 768
703 51
555 843
970 460
361 796
583 772
393 541
123 944
608 951
904 897
274 502
687 414
835 710
454 966
707 318
273 586
225 708
782 513
704 312
524 113
871 540
243 238
662 325
741 305
296 333
325 282
949 854
926 234
260 16
247 908
326 526
704 227
626 890
433 33
742 636
581 772
860 294
806 415
401 130
656 479
932 624
286 709
331 872
151 899
925 358
386 420
763 817
986 871
544 673
774 905
859 938
543 410
851 273
757 220
722 140
735 967
293 511
848 664
368 98
312 833
387 987
148 601
549 488
805 573
941 74
930 81
807 963
992 180
134 714
679 513
10 261
456 591
173 106
848 279
306 876
811 391
770 164
930 381
955 120
173 388
515 589
890 515
890 980
77 21
318 345
825 285
59 152
96 18
182 954
737 625
389 326
14 952
558 478
227 100
487 333
743 879
97 979
647 389
974 988
771 594
11 538
986 146
908 318
941 388
210 572
268 894
44 633
763 830
658 251
529 825
537 141
328 4
773 433
561 424
760 745
172 74
447 731
515 820
674 380
60 295
772 115
934 323
773 971
