1000 2000 2000
137 234
346 234
648 234
378 137
539 378
274 539
353 648
797 346
436 648
35 378
58 137
17 35
24 797
170 24
229 539
370 353
401 35
944 58
65 436
416 35
807 944
391 65
149 229
327 944
942 149
770 65
739 149
705 149
856 770
281 391
380 281
847 327
298 149
237 847
994 380
694 298
275 281
457 856
388 994
132 694
719 132
267 237
29 237
728 237
118 994
704 694
446 118
614 388
140 267
925 614
960 614
697 118
44 446
179 44
586 704
565 697
773 697
98 140
577 98
941 179
771 565
479 941
68 941
109 773
757 68
245 98
354 941
964 354
43 245
625 354
627 625
818 757
79 625
790 964
87 245
145 625
990 354
582 790
580 582
253 625
555 818
495 87
421 145
233 495
673 582
608 673
261 253
769 233
36 495
764 673
386 261
993 261
981 421
359 233
996 993
715 261
244 993
280 386
468 993
500 993
954 981
619 500
711 468
571 711
655 711
336 500
813 954
31 711
121 619
161 954
206 655
606 571
956 161
334 206
518 121
745 161
794 813
560 956
80 206
444 206
629 606
503 560
310 80
347 310
622 745
825 622
406 622
680 629
419 503
208 825
201 622
632 825
190 208
621 406
408 201
107 632
855 107
148 201
425 419
382 632
369 855
204 148
345 382
81 345
679 148
756 81
932 204
308 756
143 345
952 308
448 345
365 448
51 308
695 81
2 51
320 932
273 448
834 308
859 834
904 695
986 695
282 859
434 2
611 434
276 273
466 273
829 434
224 466
579 611
671 434
126 579
45 434
458 276
52 224
302 829
381 829
476 126
868 126
874 579
270 381
167 126
205 458
216 302
624 874
909 868
528 205
958 270
863 270
146 167
641 216
211 216
865 216
817 624
709 146
857 863
413 817
949 211
559 413
55 211
911 559
286 817
659 286
610 659
693 709
209 559
330 413
506 659
341 286
12 330
76 286
375 76
162 506
242 76
520 375
427 12
105 506
650 506
706 427
135 520
744 105
716 375
765 135
504 105
131 716
397 650
358 765
474 358
593 358
484 131
597 765
297 597
363 474
887 474
22 597
599 297
226 474
243 593
10 22
187 887
537 597
816 363
314 10
566 187
749 243
73 566
747 226
325 314
740 749
626 749
683 626
156 73
901 73
979 156
798 740
403 740
934 901
95 798
527 156
741 901
839 979
127 934
783 527
583 783
976 403
969 127
776 976
390 95
34 741
194 839
67 976
94 127
751 969
591 976
779 390
440 779
299 194
188 94
971 67
511 194
23 751
486 591
169 779
861 188
471 971
802 486
326 169
642 169
946 486
743 486
177 326
752 177
259 946
897 946
147 326
78 897
966 642
159 752
110 966
965 110
667 177
398 159
569 398
246 965
100 246
405 100
922 159
820 100
943 965
213 667
512 943
227 246
657 405
198 213
913 512
99 198
732 657
640 227
746 512
160 99
181 227
200 160
588 746
851 640
493 913
332 99
840 160
499 200
685 840
730 332
871 499
125 685
662 851
322 662
215 332
101 215
464 662
821 499
53 101
392 125
989 101
688 53
774 662
775 53
303 989
658 688
854 774
872 53
955 872
407 955
318 407
726 854
195 854
230 658
524 955
442 854
154 955
699 195
957 407
616 699
72 442
647 72
217 230
898 442
272 898
984 957
77 272
339 647
558 272
352 339
75 72
228 558
929 352
212 77
891 984
9 558
805 212
727 352
534 75
554 9
541 212
766 929
192 766
88 727
628 534
725 88
449 88
351 88
975 628
158 541
914 192
873 351
470 192
639 914
172 449
833 914
63 470
97 351
634 172
502 63
689 502
364 470
360 689
992 172
557 364
921 364
845 557
307 921
700 307
92 307
615 307
112 557
71 92
122 615
867 112
789 71
48 92
532 789
460 48
609 532
837 532
402 532
809 789
983 48
935 402
199 935
166 402
356 402
792 809
598 837
27 983
496 598
84 792
721 356
203 598
712 598
420 712
590 496
587 712
249 420
465 420
447 465
443 84
895 712
846 895
411 587
799 590
892 846
287 895
963 443
900 447
494 443
400 895
581 411
936 287
207 581
315 900
844 936
953 207
661 400
928 900
678 844
469 936
62 844
433 315
948 207
824 469
906 62
592 433
549 948
91 592
836 678
89 433
409 906
1000 91
182 549
998 89
366 998
8 998
20 836
758 998
605 758
522 366
164 366
738 758
6 164
18 20
49 6
531 758
271 18
414 605
219 522
510 18
487 531
947 6
455 414
123 271
755 414
933 487
666 123
523 933
916 219
546 487
604 523
349 455
823 523
690 933
445 666
826 933
530 826
69 349
296 349
638 530
780 604
485 349
389 780
664 389
850 69
782 826
264 530
324 850
999 850
561 324
841 389
563 485
830 264
176 999
151 563
119 782
165 176
497 165
877 165
980 176
331 563
295 980
422 295
490 295
266 422
393 331
734 331
489 295
319 877
516 266
620 734
567 490
576 734
869 576
517 393
787 576
385 517
578 576
426 319
4 787
290 578
905 517
66 517
862 66
134 862
722 290
644 4
483 722
931 290
701 4
329 701
265 905
28 265
294 329
291 28
545 294
574 483
703 483
907 28
252 291
796 291
193 294
540 294
810 252
128 703
482 252
997 252
429 252
772 540
937 252
317 937
221 193
600 772
508 600
144 128
285 429
564 285
373 221
832 600
372 285
475 317
428 475
767 600
507 428
456 507
908 373
239 908
289 373
138 289
90 767
973 239
509 428
238 507
312 239
19 289
878 289
124 289
305 312
669 509
542 19
313 124
196 305
136 124
899 305
860 313
720 878
15 860
742 305
343 742
59 313
362 59
556 136
768 343
435 343
753 343
269 15
223 768
278 223
171 223
247 362
3 223
987 223
178 753
129 247
613 178
835 223
463 178
636 463
663 636
21 463
384 987
939 129
377 463
441 636
923 21
225 835
875 441
399 384
930 21
357 399
793 384
533 923
884 377
163 923
548 923
139 930
214 875
514 399
708 533
519 548
912 519
231 533
618 514
277 708
803 514
684 912
982 912
104 912
25 277
423 277
670 982
263 982
888 803
248 888
241 670
415 248
918 248
853 241
649 263
185 415
33 263
945 185
763 888
180 918
686 649
251 686
333 649
889 33
344 763
515 185
461 180
602 686
202 889
547 333
431 547
498 333
38 498
321 344
791 515
96 321
651 202
152 791
220 96
584 220
903 321
64 321
288 584
141 64
926 791
191 651
811 220
478 191
676 584
660 676
13 478
453 478
652 676
254 926
876 191
729 876
54 876
882 652
113 882
978 254
553 254
594 254
654 882
894 54
371 654
777 729
316 978
585 882
383 316
481 553
82 594
735 316
985 735
849 735
430 371
781 82
713 82
451 849
924 451
828 481
838 713
260 849
890 838
915 430
102 838
526 781
804 102
240 838
866 838
681 260
26 240
1 26
348 102
762 348
418 866
183 1
893 762
396 26
501 418
367 762
814 501
491 814
938 491
674 893
284 893
795 183
350 501
572 938
668 572
232 668
612 814
521 232
596 350
309 795
665 596
731 521
822 572
808 665
617 232
361 731
870 822
920 822
505 822
292 870
42 665
210 808
692 920
601 42
155 870
57 361
150 692
462 42
262 601
968 292
951 462
858 462
635 150
424 462
5 635
717 57
93 858
646 262
116 968
173 951
645 717
672 173
454 5
529 93
222 646
733 717
525 529
111 222
754 173
70 529
714 754
784 672
852 733
788 784
480 70
623 754
543 754
607 788
410 852
37 543
552 410
589 623
691 410
970 691
595 607
977 623
450 552
30 691
133 30
786 595
919 970
896 786
544 450
256 970
801 133
117 977
848 133
630 544
452 630
477 544
551 630
157 117
995 544
301 117
39 117
974 301
85 630
103 630
536 477
488 301
438 536
562 85
412 85
879 974
710 438
778 536
175 710
142 412
880 778
761 412
293 142
759 879
74 759
750 74
459 761
120 459
83 761
46 120
917 293
340 74
702 74
258 917
737 917
60 737
570 60
677 737
404 677
748 46
56 340
927 702
218 702
304 258
14 60
174 570
962 677
184 304
376 748
342 14
959 962
130 174
257 304
439 962
675 962
603 257
656 184
806 959
337 675
268 675
86 257
800 257
250 800
827 806
902 806
311 337
723 337
279 902
575 800
785 311
940 800
831 827
300 575
736 831
643 311
11 575
235 785
255 279
50 300
387 643
168 300
885 235
550 387
115 235
47 885
114 50
472 168
812 550
631 885
374 550
842 885
492 115
724 842
335 115
41 631
819 842
696 819
379 374
153 696
189 374
467 819
368 696
513 467
950 819
972 513
40 467
653 379
186 153
306 186
687 653
718 972
394 513
881 186
864 186
698 186
355 718
535 653
760 394
417 687
108 881
573 108
236 535
991 698
61 108
16 573
283 108
7 108
328 61
967 328
682 61
637 682
473 61
707 328
338 473
538 338
197 328
910 682
886 538
323 637
106 197
815 338
32 338
437 106
395 323
843 106
961 395
432 437
883 961
988 883
568 961
633 883
840 588
391 24
823 933
94 776
844 936
757 565
823 523
928 494
835 129
395 910
28 644
603 962
119 563
464 871
836 678
869 490
1 240
126 829
929 898
140 388
197 473
918 263
780 638
710 536
508 997
296 546
443 721
278 753
952 308
552 852
826 445
484 765
922 398
611 434
301 117
337 806
104 514
57 920
550 11
205 458
528 624
668 501
679 148
690 933
260 924
603 959
584 498
302 126
472 168
181 99
74 710
779 591
853 423
739 770
213 820
140 728
622 444
727 75
645 646
231 884
223 269
665 232
577 960
365 81
407 774
990 43
596 668
653 189
261 990
59 343
847 391
320 952
348 102
552 37
389 690
1000 549
822 612
816 297
117 977
665 521
236 108
27 935
496 983
162 76
639 873
33 185
290 426
173 424
935 983
452 786
629 560
580 582
741 95
937 796
40 379
210 808
243 593
339 984
6 164
144 508
454 424
239 564
359 608
749 187
322 499
53 101
262 210
954 715
51 952
295 151
531 758
71 615
247 223
965 159
67 390
481 371
430 82
273 952
961 910
44 29
378 137
542 19
468 386
722 905
820 922
378 346
602 333
799 420
467 153
245 773
596 674
266 151
965 78
64 903
452 630
919 450
41 47
630 256
510 164
76 341
837 789
813 500
20 366
376 218
805 212
684 514
219 18
509 456
664 69
876 926
451 481
450 589
476 579
196 312
553 113
487 510
21 3
963 895
597 716
906 433
816 363
479 44
930 923
712 203
960 140
945 649
961 886
294 722
566 314
419 80
620 266
583 839
134 517
732 913
546 933
246 110
614 719
494 963
403 325
264 850
193 252
769 233
394 368
778 103
505 617
385 319
939 835
96 202
50 255
348 526
116 93
827 806
318 872
619 715
423 519
70 672
309 521
980 877
177 169
313 238
188 591
976 839
513 724
894 654
722 385
399 875
671 904
81 369
188 440
422 877
500 386
101 322
512 667
987 768
985 654
361 612
253 87
836 549
211 528
119 561
976 95
627 757
626 537
536 551
459 142
768 899
12 55
793 930
750 759
440 94
193 703
443 587
951 462
664 690
279 268
296 916
445 523
662 588
198 512
483 4
353 137
817 216
208 629
759 412
437 32
22 593
703 329
904 365
387 255
658 821
781 481
90 475
141 152
536 995
497 563
408 622
263 803
41 631
987 247
188 67
689 63
990 790
713 985
351 541
667 966
11 736
788 111
209 559
342 748
45 579
318 688
829 466
574 644
97 158
625 43
224 434
110 177
748 917
270 302
170 35
1000 948
74 412
194 741
872 658
581 895
93 424
424 635
988 395
151 324
176 664
193 252
945 918
319 393
46 83
919 552
105 242
462 155
753 15
924 735
504 706
784 733
406 794
184 927
207 494
147 326
444 334
238 90
838 781
18 164
992 364
104 514
982 277
440 67
216 874
35 539
600 810
754 672
299 67
973 475
796 265
298 770
839 934
898 442
762 804
75 272
867 845
861 486
17 353
426 576
557 172
997 193
724 550
606 206
894 978
175 85
665 232
116 717
304 737
609 460
238 509
505 309
985 735
181 160
825 347
715 608
447 84
487 18
664 69
729 811
287 249
709 146
41 842
989 464
859 695
255 785
854 688
542 238
258 74
521 284
583 934
90 138
579 829
364 873
834 695
42 361
914 351
71 700
827 268
318 688
786 30
883 961
680 560
435 768
869 266
198 405
837 71
806 342
440 94
231 214
697 267
521 668
944 797
35 353
1000 592
971 299
459 74
802 169
753 343
558 616
233 253
451 430
911 413
418 681
550 255
162 506
233 495
309 668
841 389
91 824
436 353
822 665
265 644
339 217
977 589
896 786
825 80
232 350
819 335
137 234
935 809
679 204
604 916
982 803
730 840
65 58
134 290
697 614
328 573
519 163
754 111
867 122
965 110
269 720
280 764
991 355
755 531
599 358
846 465
963 443
410 714
663 613
100 966
885 831
697 728
500 359
63 639
11 940
380 327
683 747
532 615
388 281
969 934
741 626
126 466
844 400
747 566
292 870
914 88
986 904
47 235
607 714
436 797
904 952
216 868
263 670
812 387
409 824
982 684
763 33
924 481
917 761
645 951
367 762
35 353
894 654
798 740
766 727
84 27
229 35
938 762
230 775
628 192
141 651
663 129
699 955
274 648
264 664
907 703
909 302
999 485
507 508
16 417
156 740
114 115
352 72
519 139
706 650
904 2
710 974
918 423
826 666
50 643
61 864
991 881
775 53
725 192
106 538
370 797
672 173
71 112
723 86
384 3
735 777
405 246
959 927
982 684
425 419
537 187
579 904
441 377
836 469
928 581
942 807
931 290
370 35
873 628
73 314
836 592
584 152
742 669
803 214
783 527
474 131
699 195
658 688
236 535
594 882
563 561
793 377
933 487
110 743
721 598
974 477
782 780
84 983
602 344
542 312
993 764
687 368
876 652
910 338
464 215
943 667
507 372
168 255
763 945
650 76
555 990
628 805
165 151
593 474
315 900
733 454
288 152
438 103
708 930
850 780
566 10
31 619
873 975
677 917
380 770
675 130
640 820
661 207
127 527
78 743
117 450
290 869
554 9
924 735
937 796
373 508
835 613
562 438
166 460
277 708
443 420
92 845
945 853
604 666
174 927
630 117
222 116
861 169
700 845
227 820
582 964
784 529
131 765
664 780
354 771
755 510
764 555
86 257
223 435
590 84
792 935
976 403
240 915
164 20
648 346
848 450
100 78
619 715
559 857
123 18
746 913
423 231
512 569
475 285
301 848
74 142
921 992
374 550
652 926
982 231
140 29
524 955
307 502
244 981
780 826
845 557
633 843
913 100
952 679
256 544
155 505
421 582
386 421
290 517
358 744
784 222
706 520
851 200
116 424
535 881
760 687
230 318
358 135
435 343
282 365
994 770
337 130
690 666
163 399
459 710
87 245
96 515
226 474
83 175
888 684
356 809
287 846
591 194
26 890
938 396
528 868
837 609
40 467
388 994
586 140
60 83
738 522
687 653
275 994
518 336
835 269
263 104
264 296
652 676
982 684
712 356
996 673
173 5
376 184
164 8
240 828
688 464
913 657
870 361
513 467
360 634
711 244
835 987
64 791
372 373
662 840
739 944
103 85
953 936
717 635
13 903
633 843
840 746
424 57
758 366
857 146
215 685
589 37
493 732
618 548
349 604
74 175
446 704
578 385
323 338
619 715
861 188
515 945
833 639
920 822
254 660
509 90
233 990
951 155
694 856
70 754
59 196
636 129
457 380
177 169
689 97
915 849
610 286
307 97
150 155
632 680
828 713
816 599
519 884
461 251
659 865
221 128
955 854
319 980
994 705
321 889
666 271
711 500
484 716
751 194
31 711
501 418
292 309
978 876
24 353
233 790
380 705
192 9
765 162
808 309
970 410
59 542
360 689
539 234
354 941
967 16
451 481
97 63
872 821
378 234
106 323
31 500
50 643
295 877
41 114
465 420
82 654
192 9
58 539
245 479
533 793
530 445
662 588
370 229
543 714
897 642
250 337
465 721
525 173
230 658
808 612
704 719
599 363
50 255
418 526
18 164
152 202
444 80
816 22
780 690
608 253
179 697
872 303
145 87
428 285
997 810
637 7
636 463
852 529
147 471
239 475
186 950
769 421
298 739
257 174
28 66
943 820
806 603
971 299
266 980
427 375
754 173
570 258
189 492
281 942
279 902
546 123
108 881
356 935
968 601
687 189
104 514
421 87
851 640
221 429
350 795
984 616
425 201
223 753
714 111
1 526
387 255
963 249
151 176
910 707
29 298
12 659
811 926
136 669
251 180
168 643
97 351
136 19
675 342
669 973
80 518
681 915
130 184
480 525
348 866
793 875
517 489
61 535
448 345
736 300
552 623
19 289
687 513
886 538
721 199
641 909
167 270
370 35
12 911
222 454
24 353
292 920
191 651
390 527
495 253
783 95
332 200
589 480
775 101
606 813
872 775
953 400
21 636
299 194
865 909
784 454
519 793
907 701
803 912
464 125
999 638
558 339
973 90
389 296
236 535
940 800
825 310
503 956
593 706
187 597
987 768
506 330
251 918
581 400
515 251
676 903
310 518
3 247
246 667
709 909
107 680
574 701
829 282
865 146
247 171
178 987
421 582
897 471
442 318
210 808
252 907
472 50
552 784
762 1
548 793
333 763
499 588
804 838
440 969
678 581
78 752
165 841
702 120
248 888
157 477
921 557
444 206
903 498
737 750
554 891
390 976
906 953
428 144
809 402
639 628
919 133
250 337
572 284
13 478
120 761
681 915
208 406
361 612
503 606
10 593
115 736
463 178
354 245
383 654
996 359
45 671
457 275
532 867
984 957
806 656
984 72
433 469
7 108
470 725
726 303
455 49
654 876
911 559
451 849
294 701
91 469
227 398
513 153
299 67
930 939
41 842
985 481
128 252
583 527
683 626
636 129
393 980
148 680
209 911
638 296
792 935
110 743
385 489
701 644
227 512
877 999
846 590
592 906
542 90
867 71
658 989
191 141
761 880
699 726
962 190
149 399
952 57
28 993
487 800
811 598
527 678
9 300
731 776
154 249
93 202
332 283
644 880
319 400
38 678
187 293
986 707
854 690
927 728
190 58
502 939
772 614
858 87
805 413
422 895
359 136
141 595
542 816
125 866
919 686
888 232
253 181
39 273
528 5
40 74
274 116
26 322
166 531
215 469
658 441
544 722
843 732
562 969
394 490
8 832
375 185
450 446
183 332
361 928
788 156
586 100
338 431
676 989
730 164
407 998
789 56
309 609
177 545
113 900
406 338
472 771
142 357
419 44
860 293
372 281
799 992
587 535
313 615
188 20
170 749
396 129
626 40
790 628
311 227
65 134
53 401
841 550
695 338
528 436
101 557
466 104
102 667
232 411
780 251
277 3
37 675
416 965
157 765
213 132
404 312
488 798
734 606
666 327
349 890
513 956
736 317
982 387
171 872
996 709
148 955
208 338
693 973
27 398
596 830
31 24
13 224
418 111
248 235
79 100
998 838
897 739
678 145
387 660
241 238
319 935
848 699
216 145
758 644
169 201
257 605
789 174
431 209
802 228
603 635
253 690
1 125
365 624
953 857
87 807
91 322
761 25
932 38
390 806
468 519
351 291
937 624
991 767
333 410
64 419
358 132
193 278
126 637
623 790
909 247
165 344
922 695
718 545
983 242
989 972
996 899
623 588
50 700
363 405
885 929
941 576
379 133
105 934
77 206
646 975
559 866
799 553
386 567
406 724
982 641
975 471
222 316
555 966
716 636
268 615
468 438
589 387
652 725
629 79
90 126
64 18
307 488
820 614
112 905
98 537
138 279
99 274
720 166
141 841
52 934
587 576
924 596
820 936
824 15
898 273
590 489
887 41
812 760
975 704
681 963
292 742
291 259
261 504
60 985
524 634
934 61
698 598
326 913
413 567
452 805
65 549
544 571
855 710
31 882
652 320
888 90
974 794
27 197
182 209
658 631
676 246
499 417
827 379
617 901
867 449
860 462
720 459
137 154
282 542
578 117
138 925
451 559
559 216
463 211
551 372
628 159
666 625
851 61
324 673
44 828
87 216
875 449
76 484
899 764
959 755
232 922
560 636
785 721
649 221
897 239
855 370
309 499
107 556
849 567
795 96
193 574
372 612
540 817
345 510
184 592
952 382
340 218
255 707
849 885
366 152
250 381
325 321
765 465
98 704
838 265
6 374
194 618
242 3
709 104
944 4
62 280
936 740
907 594
25 873
697 479
847 96
209 435
421 98
154 980
779 386
604 344
546 255
821 591
960 735
7 358
342 364
380 396
300 487
862 711
354 215
190 640
628 366
973 280
227 304
383 681
659 395
756 139
877 614
306 482
406 861
93 36
571 327
394 136
93 832
705 572
944 656
719 285
773 393
764 9
595 119
320 789
753 561
231 8
917 528
625 377
346 524
943 699
685 211
490 399
484 554
647 731
727 523
267 539
871 97
935 199
294 691
517 682
46 822
770 486
373 547
867 814
787 378
842 304
927 372
687 277
767 676
120 643
472 115
162 18
949 90
848 9
401 478
782 587
332 60
574 848
796 109
686 417
302 342
110 528
855 147
333 980
364 313
238 196
76 578
941 425
331 824
668 182
475 741
820 742
886 492
421 13
4 516
750 102
374 172
928 172
555 421
215 792
797 600
663 826
884 872
126 309
595 784
719 288
28 820
299 580
201 390
436 691
541 950
141 208
927 710
96 131
152 881
288 880
892 350
402 398
742 761
31 529
736 469
300 956
14 765
221 883
319 315
471 419
451 475
862 239
312 28
154 55
459 506
32 780
609 655
70 114
161 917
808 379
843 950
592 162
492 844
574 207
147 242
157 951
171 458
819 200
848 739
990 85
361 128
241 23
239 394
552 680
567 635
249 855
76 236
519 673
91 50
276 307
403 176
557 249
755 185
293 379
396 975
302 241
692 651
911 694
845 357
870 103
50 762
945 42
278 36
783 529
436 912
780 552
621 262
367 603
705 470
301 312
294 572
15 619
646 89
176 206
238 337
232 8
182 943
304 481
223 666
415 517
974 182
987 322
640 987
103 299
501 304
641 142
851 506
196 705
528 593
774 555
602 335
188 364
982 191
78 731
587 595
377 915
994 797
134 144
536 886
901 150
836 93
389 117
185 599
283 570
46 313
457 607
843 540
265 832
210 465
476 286
746 147
600 187
790 620
322 453
854 404
645 336
268 482
143 375
100 413
406 532
102 682
479 859
159 396
751 286
98 130
608 288
405 343
419 967
819 175
134 745
32 619
932 770
334 818
713 552
677 13
883 213
782 439
61 349
106 769
877 128
853 591
74 68
12 75
954 111
809 510
879 839
262 97
816 548
966 161
785 306
61 802
184 532
400 865
859 433
404 697
654 446
532 332
245 74
513 125
93 369
211 90
399 733
288 293
845 566
363 379
354 799
880 325
207 433
384 96
253 187
246 437
703 520
83 499
21 335
331 981
954 125
734 536
791 165
684 581
468 430
75 665
854 43
716 494
976 754
709 107
894 265
598 371
860 715
4 819
207 198
64 597
484 899
643 804
856 761
478 237
751 604
811 623
654 531
314 589
526 350
315 701
807 722
12 845
476 641
482 184
499 261
880 595
374 623
942 245
323 157
616 170
187 487
558 507
160 13
962 836
513 434
891 32
885 598
304 330
605 150
642 120
463 548
287 167
893 616
102 204
568 237
898 836
422 404
487 163
309 639
989 162
598 554
882 614
994 22
772 434
141 577
683 446
849 241
295 293
793 547
687 840
114 736
222 858
656 355
557 308
423 386
792 37
846 6
760 398
915 604
893 135
137 860
863 853
874 133
616 568
304 552
905 538
763 372
430 965
90 824
25 893
476 957
35 414
763 79
493 932
669 550
263 462
553 819
806 984
601 61
99 862
554 592
366 403
514 314
865 779
251 81
921 99
872 591
677 483
76 128
894 711
82 694
679 881
483 902
757 920
705 606
670 134
12 490
990 962
974 196
621 116
108 368
1000 46
588 995
247 400
273 805
812 885
354 966
585 513
255 253
695 828
47 913
2 612
97 989
649 310
897 714
578 224
636 203
588 673
219 704
81 612
136 474
34 756
837 815
87 480
583 334
966 706
948 406
736 682
608 542
198 223
331 993
199 91
215 153
890 394
306 63
830 917
243 796
99 641
199 769
488 484
581 29
465 667
320 909
201 382
798 730
244 702
867 1000
950 208
317 537
240 522
545 393
86 458
257 225
38 746
553 870
3 372
148 626
501 626
616 725
144 39
433 17
996 849
901 140
711 92
118 606
408 13
648 611
169 130
952 802
716 958
174 420
504 710
887 198
340 762
89 111
389 983
596 29
636 542
716 859
323 180
446 549
622 389
19 424
335 670
357 531
944 624
283 308
37 356
947 803
321 56
903 463
295 77
783 922
828 801
598 51
856 705
549 965
647 771
672 707
598 646
38 445
953 798
637 281
719 709
655 370
645 41
790 307
794 994
907 423
568 643
351 573
930 197
335 470
56 634
40 144
360 64
396 579
982 732
967 873
70 199
15 497
6 491
347 863
606 21
793 968
779 284
346 785
286 915
542 843
817 939
625 220
177 845
760 924
549 331
171 284
21 280
228 351
898 641
940 592
872 975
819 633
348 712
303 798
709 993
2 358
300 834
775 460
23 223
794 341
835 183
249 903
33 325
45 34
902 154
700 100
770 789
374 67
870 848
457 706
654 672
44 21
740 70
136 307
263 465
173 950
475 783
417 228
398 28
280 650
47 339
798 758
741 598
613 236
562 241
711 331
74 626
877 439
510 323
880 198
8 931
256 230
305 329
922 747
25 582
514 167
499 727
403 930
613 309
201 278
212 237
433 500
230 905
13 791
108 941
256 168
286 164
234 868
921 57
912 293
197 304
660 503
162 639
487 209
577 157
84 889
485 370
108 427
336 839
95 705
235 964
311 248
504 55
340 278
602 996
65 661
730 439
248 679
966 360
291 444
804 593
528 876
321 458
424 906
675 644
858 179
931 713
655 446
885 565
582 45
439 151
354 395
719 975
96 68
882 982
246 702
416 552
64 60
910 954
431 139
347 875
791 978
655 430
232 458
900 523
255 78
959 774
651 784
852 121
135 573
948 383
736 869
414 897
544 236
753 764
515 318
54 108
354 248
459 88
677 656
70 51
389 425
540 551
380 897
638 56
632 380
650 680
871 47
1 415
216 919
99 109
840 236
855 359
983 168
676 348
334 721
713 865
542 137
431 469
21 207
980 330
206 330
13 177
525 753
889 461
701 514
714 854
567 383
802 309
665 839
57 218
696 356
306 899
595 104
358 799
936 770
670 442
727 300
169 690
70 657
879 522
220 156
186 169
208 168
731 606
222 677
617 701
434 901
851 467
324 863
633 483
953 890
954 68
112 953
719 949
522 98
492 694
134 617
247 536
793 866
961 356
793 781
933 428
59 227
90 804
584 546
312 507
611 447
516 747
766 500
804 390
385 835
784 407
23 384
637 468
901 259
233 618
124 851
299 176
704 612
738 823
259 67
24 629
326 416
906 606
243 352
893 56
548 794
154 680
418 204
920 900
29 420
16 834
162 522
562 522
709 478
914 131
897 855
75 492
745 390
881 758
837 212
41 777
484 51
760 733
201 387
349 307
664 736
839 208
104 427
842 905
690 112
289 892
5 255
845 729
674 204
775 833
721 910
465 817
978 851
8 236
87 334
649 66
77 469
470 233
936 462
272 40
204 368
897 354
361 140
53 372
377 851
180 77
537 907
804 723
344 786
128 974
891 90
553 861
813 270
810 161
242 680
812 313
359 842
236 394
154 438
876 140
952 258
838 652
470 751
251 130
524 985
804 848
321 151
54 517
627 639
655 875
14 890
511 338
991 445
468 966
944 211
886 296
934 155
675 286
767 766
201 137
923 552
306 115
471 563
925 915
266 162
154 347
31 992
425 959
858 795
910 251
189 338
410 768
860 21
750 467
779 889
113 669
950 293
857 879
186 630
870 199
150 185
226 93
460 374
402 64
925 870
567 145
446 97
199 64
123 533
446 882
781 747
320 68
673 255
549 3
382 462
238 34
847 178
357 8
962 413
60 825
897 686
388 897
812 221
584 10
986 171
424 892
70 328
72 241
209 446
975 469
969 320
750 915
550 71
694 591
780 120
186 620
631 788
290 904
769 514
819 584
638 520
789 192
888 994
865 344
669 948
577 451
616 634
714 668
57 245
62 517
547 786
701 410
729 94
316 518
897 82
163 766
863 477
107 344
455 904
237 196
317 258
471 425
52 899
346 591
715 547
244 986
322 503
350 642
349 168
567 873
267 890
701 309
303 183
398 186
417 978
498 928
646 268
231 82
588 103
515 830
76 839
398 245
173 892
289 107
763 900
807 290
530 754
694 277
162 671
270 985
233 369
41 407
625 387
609 389
211 850
773 188
881 876
166 391
310 854
376 95
789 433
881 583
880 385
626 355
304 137
518 393
829 283
73 684
292 471
949 48
194 707
558 377
908 246
443 765
834 156
449 953
377 355
71 383
538 945
295 804
310 768
281 85
771 772
22 953
287 662
158 178
926 433
609 918
367 371
65 466
436 776
220 750
409 398
272 6
821 551
628 898
671 109
528 471
32 11
684 727
183 107
57 511
103 755
472 77
363 140
137 454
23 750
170 25
788 889
663 107
169 248
772 749
288 599
917 108
314 354
907 283
246 291
123 515
205 959
202 25
44 95
908 673
760 692
112 113
181 586
356 671
786 218
853 274
410 12
807 682
458 61
164 772
715 153
371 799
927 828
371 670
110 719
651 468
412 868
974 933
223 458
437 442
194 986
549 599
325 383
47 243
731 659
846 200
115 958
975 960
561 152
475 287
716 779
720 95
703 599
978 763
536 182
472 743
76 109
701 234
404 705
130 483
541 320
313 442
508 418
252 701
744 861
794 526
35 211
586 384
261 188
51 492
736 434
984 240
97 974
793 530
538 629
75 437
244 971
828 681
497 928
479 867
442 134
786 354
870 835
960 782
517 818
978 476
845 616
826 399
454 380
535 824
655 357
520 433
889 94
701 125
242 149
453 18
438 839
986 95
288 193
497 383
700 278
871 198
348 139
202 945
660 731
683 136
57 875
578 700
875 148
781 848
497 562
383 11
950 559
566 461
255 433
611 990
187 315
880 819
35 696
643 432
679 952
105 101
607 355
942 407
85 863
355 283
900 262
574 682
665 566
885 785
666 583
206 398
130 823
607 940
115 936
410 522
930 433
36 368
968 826
655 58
632 10
736 321
231 100
911 813
432 782
120 696
32 804
69 793
574 585
54 902
695 552
163 434
463 64
79 446
746 589
894 510
77 67
302 277
583 243
238 643
285 268
973 787
681 582
341 260
951 237
813 716
109 291
584 737
711 845
148 251
813 212
825 598
928 672
280 773
962 24
605 161
2 937
608 515
970 608
419 648
77 215
165 39
885 148
431 988
144 943
450 451
253 104
871 780
380 448
84 290
394 616
110 789
56 567
427 543
376 66
275 955
178 950
694 325
792 441
475 79
654 229
97 84
543 434
492 480
763 906
688 967
563 245
839 703
302 169
185 785
59 964
793 200
121 579
517 778
404 242
731 852
613 246
156 165
639 680
273 254
390 433
495 876
649 967
229 469
982 775
783 115
86 407
961 134
223 983
986 573
880 897
410 374
527 318
527 478
420 631
142 564
659 775
112 62
746 993
615 223
241 466
34 239
137 119
951 543
39 638
520 816
152 265
555 597
790 351
633 540
843 941
498 631
963 978
108 18
854 865
408 143
103 821
588 111
473 753
574 733
916 198
183 347
933 547
491 645
775 395
524 224
437 487
33 511
487 512
453 168
403 447
883 903
572 409
574 322
650 411
98 489
152 712
264 326
711 837
950 305
727 849
529 899
676 859
170 485
112 920
701 502
448 994
46 511
496 206
924 456
739 214
749 704
809 387
926 382
951 664
869 770
228 912
542 358
223 165
29 875
86 650
980 831
331 933
974 622
77 973
811 525
507 370
341 928
884 696
696 394
521 551
598 760
323 103
622 589
570 695
642 486
281 269
901 907
224 710
731 332
755 486
973 649
42 378
208 196
454 959
200 274
216 451
804 296
621 718
247 896
906 230
160 612
4 502
662 561
506 418
980 791
602 899
704 780
697 2
804 996
333 928
697 417
271 210
351 975
497 866
229 171
254 915
634 312
80 422
588 951
843 523
940 666
360 601
258 274
267 96
628 641
327 497
430 253
309 701
6 209
617 917
616 425
920 808
791 31
879 752
668 108
376 551
312 587
888 831
121 384
459 830
236 553
567 614
215 308
86 495
325 914
129 552
277 315
919 246
585 688
738 655
407 885
708 249
161 796
410 71
284 693
808 61
346 297
945 198
893 20
21 573
678 221
390 141
877 43
618 336
607 61
499 749
853 392
908 550
465 914
136 204
597 335
819 791
166 720
157 545
972 622
560 732
579 17
396 758
612 753
967 387
682 590
271 583
7 239
272 331
909 872
555 90
465 576
753 889
740 19
219 720
761 610
528 812
813 593
538 870
437 798
34 769
790 689
939 889
888 909
753 839
614 383
933 725
487 906
230 218
374 475
706 451
659 329
152 342
467 205
237 845
809 276
257 338
589 44
612 417
349 339
670 965
785 776
35 985
94 627
717 971
732 33
770 217
658 233
899 470
225 388
91 839
359 397
391 480
688 462
851 825
606 749
914 731
826 698
374 827
748 215
298 501
838 746
96 717
368 681
840 432
434 28
471 765
657 951
763 442
896 973
131 12
495 70
208 443
567 608
896 694
200 412
430 363
77 134
34 896
268 946
64 153
84 681
6 67
178 65
202 236
981 83
949 78
318 129
502 555
908 201
160 3
263 134
127 232
351 23
807 874
387 56
6 5
124 819
615 112
768 345
271 755
526 477
746 764
244 837
941 297
18 371
850 382
346 760
645 634
75 386
329 354
119 112
840 432
476 928
878 665
136 49
287 818
759 496
761 391
23 266
604 183
720 627
298 36
734 842
610 345
401 193
765 452
102 51
516 374
824 70
977 208
904 87
30 886
201 890
822 679
608 274
233 545
700 101
483 425
875 458
791 616
586 591
545 585
694 204
463 999
880 726
693 475
522 108
533 221
607 683
793 409
184 230
994 311
31 359
278 364
239 375
994 977
367 603
383 105
622 776
370 33
687 500
301 727
88 916
845 535
785 602
135 963
975 864
807 174
758 308
909 357
628 267
338 794
287 300
15 513
256 380
252 957
320 839
248 36
48 173
482 16
17 166
232 790
301 529
413 589
756 536
116 975
566 513
646 119
863 971
227 612
295 893
125 526
590 939
596 291
658 573
249 725
153 567
868 29
166 106
541 616
145 680
949 706
279 707
308 932
453 606
120 269
262 871
73 268
560 104
968 662
293 4
161 999
69 97
266 442
631 47
729 943
379 542
89 124
69 17
328 680
746 409
918 208
506 439
772 972
589 306
688 810
522 956
986 170
125 998
685 697
215 806
292 660
57 220
485 593
694 881
761 118
13 271
782 732
892 889
947 309
254 899
144 617
572 720
157 146
488 358
311 918
535 858
697 813
259 171
781 752
76 675
545 226
44 503
525 850
274 537
489 893
452 79
652 98
493 640
37 925
930 750
638 528
685 272
23 866
90 159
940 134
672 218
71 884
67 683
494 175
844 35
792 933
755 902
984 614
248 977
324 546
153 608
97 701
761 713
21 744
427 15
491 190
280 931
512 764
109 183
487 724
273 106
991 729
863 992
109 725
820 847
159 551
68 608
664 539
836 395
191 769
226 25
944 397
744 593
640 295
683 361
544 158
441 597
182 693
304 658
736 127
986 485
23 134
479 834
22 476
435 67
896 223
358 413
254 546
62 827
319 737
451 919
33 980
718 764
659 413
476 234
657 747
667 379
313 747
495 916
578 142
975 314
731 498
435 893
287 481
663 365
453 813
67 529
875 588
128 603
134 290
326 751
344 653
897 967
832 459
414 521
943 446
