73
-714527404 105722401
341358619 -741991467
132218883 -333836538
-387892502 85031818
-271059998 748341525
219823953 504340487
220886042 -943626939
341274269 447524923
-116929711 896944329
-275395198 -556827803
-240680455 134499581
45984492 -80614444
880289722 -67858206
348588271 -419618107
-359360694 -313887497
882526113 775117612
-196043794 95778295
-903361675 -389179638
-137670243 -736983406
164083724 333913873
87543542 123466426
-635890556 608109845
830570172 -435881569
-668825762 936786214
737589755 -840817496
-96335911 230071929
319468665 755974199
-329135048 -546281048
562197806 245486829
606536382 254563572
-251757019 -351022522
-243845781 131844327
-371368918 650035023
-110085195 689144734
899739178 -423314511
-738235480 273220487
667780961 912319427
479718958 158278326
-229007937 716272358
535338308 102986182
882330916 -661794603
818459390 -525421007
-603530936 -821154263
-281096073 -522316340
609667617 -148748864
-318244859 270469451
-381562464 -338278179
-552206171 -283988376
135581277 -626301534
707994784 -346310544
545273659 -948334008
-389812108 -379073920
-676618224 -433174417
-801307027 624968718
-545278304 874305459
-223507775 650778612
-913537900 448917805
-417769504 913300826
-220480501 -884543194
182329171 -14609108
381777126 327147997
-994946304 -403224000
-875393999 -595231094
323608417 -401437281
-848532577 343849245
-204320574 64797383
-973584922 397851846
-629278744 50662220
-11905303 -543069347
-344353367 176836070
674997247 -461786822
244797501 -282588821
-724752207 -751456050
38394110180
