353 996 22
17 20
284 286
191 196
161 166
115 124
36 41
262 271
101 104
212 220
325 335
210 213
232 234
226 232
289 292
107 113
298 307
321 327
165 166
168 172
174 176
339 345
298 306
234 241
132 137
233 235
208 209
38 47
74 83
337 340
115 121
315 318
167 173
284 289
334 343
317 327
50 51
60 63
251 258
286 292
66 72
114 119
122 130
268 269
158 159
12 15
167 177
106 107
52 53
150 156
302 304
203 206
109 119
300 302
276 280
172 176
180 182
349 351
72 76
126 129
131 139
353 353
60 67
249 250
108 116
184 192
251 253
327 332
36 44
299 300
131 140
56 58
284 285
4 9
42 46
194 195
68 78
139 149
35 37
294 295
249 258
267 272
322 323
262 272
152 156
95 99
183 188
135 143
215 218
63 68
282 290
51 55
304 308
85 90
165 170
233 239
89 95
273 279
21 23
1 3
279 281
131 138
12 19
176 185
256 260
177 181
178 186
326 331
228 236
141 146
328 331
109 116
183 190
124 129
203 208
100 109
295 300
33 41
335 342
4 5
62 66
160 162
38 42
101 107
236 243
149 153
105 107
78 84
66 67
105 112
26 27
287 296
21 24
18 25
312 314
161 167
239 246
143 151
260 269
49 50
321 322
60 70
176 186
150 156
214 221
328 333
148 154
329 339
251 258
335 345
115 120
105 113
245 246
57 67
206 212
48 56
80 85
234 235
260 261
60 64
198 205
97 104
292 296
308 314
191 196
219 228
277 279
90 96
246 250
147 154
5 10
288 292
144 145
189 198
210 218
330 332
101 102
283 285
133 138
84 86
41 51
81 87
82 86
36 38
351 353
201 204
133 143
6 12
145 147
4 6
283 286
223 224
30 31
217 223
71 80
29 31
48 52
47 57
216 220
125 130
116 126
247 254
168 175
132 142
234 236
307 317
33 38
269 271
36 41
115 123
59 69
190 199
199 209
61 63
269 275
341 344
93 95
72 81
183 188
323 331
232 235
25 28
303 309
136 141
50 53
193 195
57 65
182 187
26 28
72 82
305 306
28 30
132 139
146 154
287 288
311 313
224 232
341 350
161 171
23 26
63 70
270 279
151 158
67 77
324 331
204 212
242 246
171 179
61 70
197 207
101 102
54 61
42 47
200 202
92 93
279 282
53 56
207 209
152 155
64 74
279 283
153 155
150 151
274 276
58 64
190 195
9 14
246 250
113 116
115 121
164 167
248 255
62 63
181 190
255 256
242 251
263 264
166 168
196 203
297 305
45 53
226 232
165 170
223 226
146 152
196 205
216 223
302 312
104 111
66 71
25 26
146 155
31 34
253 263
90 99
339 342
304 305
233 236
345 353
179 185
283 286
240 241
199 208
235 240
46 51
310 316
218 222
236 246
158 168
60 68
30 33
21 30
270 279
45 46
262 269
318 323
57 67
301 309
63 69
168 178
209 214
300 305
15 17
282 290
336 341
338 344
260 266
322 328
181 185
58 64
102 104
168 171
225 227
59 61
52 62
209 211
280 289
143 151
26 31
126 133
64 68
240 246
39 46
57 65
236 242
71 79
147 150
88 95
210 211
177 178
34 43
23 25
123 124
293 303
32 37
162 164
242 252
268 276
179 185
35 36
14 19
290 300
180 182
272 279
240 249
186 196
309 312
213 215
51 60
302 310
210 214
236 243
337 347
149 155
37 45
264 270
321 322
226 236
188 196
338 345
219 220
98 107
86 93
212 219
142 143
67 75
276 282
284 293
205 207
190 192
44 46
61 70
45 55
250 255
135 141
232 233
346 347
211 218
144 151
19 21
121 129
31 32
166 169
195 201
257 260
252 256
108 112
54 61
206 216
118 127
131 133
252 255
327 333
38 44
2 4
34 39
337 340
172 175
8 17
198 200
86 91
8 16
171 172
39 45
112 117
212 221
70 74
27 36
247 253
135 141
327 333
235 242
68 70
286 295
168 173
201 206
137 138
334 343
179 189
224 226
318 319
318 321
352 353
320 324
309 315
84 87
55 64
328 337
303 308
46 53
280 283
222 225
93 96
348 353
189 194
344 349
156 164
241 245
74 75
291 292
247 257
336 345
145 150
141 146
48 52
288 292
174 178
327 335
154 158
174 181
342 352
25 29
87 91
22 30
74 76
312 322
112 115
247 251
97 103
293 301
233 240
348 353
28 36
297 301
227 232
116 126
50 51
195 204
289 298
323 332
95 98
350 351
92 97
224 228
77 78
265 274
137 143
98 108
277 284
33 34
52 54
59 64
167 170
92 93
232 235
205 213
240 242
243 249
65 67
218 225
227 229
116 124
72 73
115 117
267 270
305 310
92 100
165 167
164 167
7 9
328 334
136 143
3 10
28 34
53 54
175 184
34 40
175 181
183 189
311 316
144 150
127 136
182 191
286 287
34 41
323 327
46 52
191 198
314 321
299 301
83 89
193 201
343 350
8 14
165 170
105 107
215 217
120 125
196 198
172 178
268 276
241 246
50 59
242 246
176 181
32 42
139 147
30 36
83 88
219 225
227 231
26 29
118 125
238 242
68 71
311 320
220 229
324 332
217 222
7 16
184 187
6 16
197 202
281 288
241 247
222 226
41 42
222 223
99 100
80 90
14 23
2 4
163 165
326 327
9 15
189 195
291 298
287 297
35 39
350 353
259 264
57 65
275 285
71 76
101 103
26 33
329 331
233 236
205 213
152 155
301 311
150 152
317 324
100 101
137 144
134 138
244 246
139 148
58 59
350 353
61 68
218 221
238 239
255 261
181 183
252 262
213 218
249 250
261 270
145 149
313 318
100 104
148 156
97 107
146 154
137 145
241 251
345 353
110 116
306 311
246 254
304 308
149 158
237 244
135 140
296 297
97 99
105 110
318 327
75 84
18 25
108 112
257 259
122 124
164 172
204 214
336 339
228 229
2 6
329 332
286 292
325 333
333 337
149 154
138 145
313 318
284 290
328 338
275 284
326 333
59 69
149 158
291 301
331 332
20 26
86 91
145 154
280 283
19 23
68 74
161 171
12 19
278 282
348 353
67 74
55 58
195 205
118 123
188 195
123 126
312 315
184 194
186 192
25 32
308 310
280 284
308 318
235 238
67 71
15 16
229 233
323 325
256 261
131 134
336 341
1 10
288 289
222 226
78 81
277 286
305 314
253 254
324 326
207 209
116 122
105 111
40 48
274 281
207 210
176 179
86 93
185 189
223 229
85 94
61 69
169 172
62 63
114 119
282 290
299 302
276 280
59 62
246 247
246 248
103 108
135 138
309 314
331 337
11 15
234 238
212 222
93 102
187 192
90 100
230 233
74 84
218 220
57 66
153 160
11 21
16 25
103 110
338 342
115 122
177 179
188 191
336 342
265 266
210 217
337 339
9 12
106 110
242 248
129 137
234 244
33 38
223 225
92 101
238 243
129 138
331 333
61 68
33 35
285 292
179 187
44 51
329 333
58 66
343 345
350 353
339 346
105 110
260 263
126 131
301 309
60 69
144 149
184 186
21 25
306 315
249 257
20 23
314 320
193 199
346 353
260 264
347 353
61 71
315 317
311 312
270 272
13 18
133 134
44 47
134 142
115 121
337 340
231 239
305 309
44 49
85 87
164 168
343 347
38 44
350 353
233 236
218 220
282 286
38 42
348 352
37 46
93 102
144 146
84 86
159 165
155 163
13 15
73 80
48 51
280 287
323 326
310 317
310 320
310 318
6 8
328 330
252 256
85 95
106 113
235 240
130 133
125 130
3 5
286 292
140 147
275 280
131 139
29 38
334 335
353 353
57 66
225 230
336 343
121 130
118 123
258 268
318 325
50 53
192 196
347 352
208 214
319 327
163 166
202 209
267 269
245 252
267 270
142 143
40 48
314 324
316 324
302 305
176 186
33 34
85 89
236 239
238 246
136 140
194 199
309 312
211 212
28 29
81 85
308 315
23 28
138 144
117 120
223 230
9 15
78 79
58 66
9 10
69 74
177 181
135 140
15 20
248 258
65 72
202 210
289 294
339 348
97 107
246 248
294 298
59 64
195 199
106 116
352 353
36 45
330 340
16 17
236 241
242 247
213 215
345 350
29 39
173 176
101 105
242 248
126 130
91 97
330 339
73 75
17 21
154 162
86 91
47 51
348 352
267 274
37 47
248 255
72 80
244 247
119 125
350 353
112 115
176 177
293 297
55 59
341 347
314 318
347 353
333 337
118 119
193 198
178 179
58 64
45 55
135 144
95 103
291 296
111 114
254 257
187 197
256 261
128 136
346 350
317 319
102 104
323 331
65 70
173 176
178 180
325 335
246 255
121 122
28 31
219 225
302 304
67 73
118 128
71 79
76 82
127 131
203 207
110 115
127 131
281 289
143 150
319 322
202 206
215 217
119 122
219 229
83 85
77 81
170 171
58 67
90 93
8 13
213 220
335 337
142 147
64 69
15 22
101 108
155 160
200 201
182 188
98 101
74 75
127 136
115 123
169 177
138 147
51 52
7 16
