446
287
522
384
405
494
287
430
416
294
295
398
298
492
344
371
499
330
466
416
422
341
446
385
513
430
324
497
484
341
351
554
407
319
330
329
414
402
348
430
388
374
348
345
439
405
388
432
501
371
341
352
426
350
371
503
414
332
372
469
370
406
420
215
366
320
322
466
413
499
290
273
365
427
475
380
573
281
384
336
486
552
410
262
440
411
430
263
443
302
380
421
343
464
377
307
355
295
419
324
378
462
381
502
410
380
307
297
439
355
457
561
421
392
440
359
413
420
499
414
342
279
319
338
371
420
371
341
471
380
347
410
497
287
312
378
371
440
246
450
447
346
412
432
257
356
558
447
458
438
233
370
340
460
440
467
401
318
477
343
366
321
320
293
491
371
514
327
375
446
257
310
395
435
451
371
437
391
427
378
462
512
430
437
511
444
334
544
492
218
327
446
343
294
381
545
438
287
351
420
440
370
410
561
432
548
485
372
430
340
350
268
374
389
499
512
469
435
384
371
544
372
418
354
454
473
392
414
522
426
432
372
499
293
340
497
354
424
396
512
357
272
512
366
343
410
381
332
538
257
504
347
277
523
340
398
313
331
459
552
258
471
334
454
433
382
397
385
401
374
544
450
378
421
275
532
413
501
481
430
450
448
223
525
375
351
357
292
387
422
542
515
369
430
389
340
329
542
533
548
520
375
474
375
371
392
510
373
561
231
463
441
477
399
475
370
414
447
437
420
458
540
352
396
446
405
382
305
287
365
463
333
233
545
487
361
336
473
354
371
361
346
441
307
458
330
350
355
371
520
472
447
389
355
352
523
392
336
295
456
361
301
466
399
446
332
416
387
448
336
258
341
457
469
430
491
321
412
284
342
473
499
537
345
243
305
406
366
494
609
333
353
539
382
279
320
435
409
385
469
491
321
502
409
491
414
387
384
433
392
352
436
315
279
429
380
520
475
427
544
545
485
447
499
319
225
347
313
306
319
497
292
488
558
371
270
475
361
456
399
432
457
414
289
577
273
275
331
356
534
442
361
398
256
405
329
279
354
350
463
326
401
370
406
302
322
281
334
447
369
382
222
372
380
536
520
421
447
537
241
293
427
432
438
416
237
213
313
419
422
515
421
378
462
405
352
351
298
298
366
292
501
422
174
463
424
396
522
405
289
435
333
294
568
289
312
565
372
440
497
440
350
501
421
284
303
349
484
264
349
422
492
251
443
257
355
432
531
438
334
523
294
283
498
320
315
418
218
513
344
303
389
416
340
314
334
436
321
366
378
420
347
249
469
349
465
391
399
561
228
266
365
382
361
463
296
305
289
398
251
577
412
389
351
432
310
452
564
389
414
272
436
372
304
438
533
397
529
547
503
456
533
366
440
316
351
327
353
373
542
351
501
497
220
413
458
385
504
512
524
502
338
498
371
491
477
512
354
387
412
486
514
475
410
514
466
372
378
378
443
356
381
330
351
568
514
240
345
398
355
351
346
412
296
380
233
407
474
381
399
294
329
401
375
374
318
446
441
419
424
435
264
556
391
366
556
216
405
350
331
388
554
371
464
440
347
488
447
396
417
346
479
347
374
463
290
401
437
350
349
411
501
383
556
504
292
447
289
382
304
429
388
297
309
345
377
228
354
412
377
373
450
420
343
391
536
388
384
466
316
348
375
454
370
378
376
376
513
499
436
299
408
512
313
226
430
453
384
304
472
385
327
389
463
243
498
410
312
440
513
382
513
387
440
258
447
449
561
262
447
298
470
398
466
460
280
466
356
448
447
449
437
298
378
401
340
440
258
378
519
350
498
366
273
307
502
279
388
340
440
349
458
276
373
562
292
359
416
537
466
315
396
458
334
411
401
418
414
462
395
349
312
303
430
329
459
296
324
401
373
350
354
479
370
429
396
361
469
370
444
275
545
412
512
352
432
432
555
463
375
462
375
464
280
341
463
341
351
421
271
414
414
556
446
322
388
511
405
382
409
352
504
350
460
457
497
332
430
475
418
254
340
443
438
375
523
474
353
448
275
293
341
369
327
340
464
326
382
263
444
449
313
414
378
351
458
374
460
329
490
433
276
408
472
295
284
405
577
310
366
391
402
526
334
402
456
462
387
491
477
544
485
315
345
461
376
349
312
331
256
466
466
294
346
445
297
388
278
326
464
478
436
192
384
442
562
366
392
407
225
447
430
281
406
499
449
532
545
394
415
562
430
314
281
447
305
454
330
359
381
440
396
481
357
246
384
561
378
420
349
