100 100
3 10 15 17 22 48 57 59 59 61 69 78 81 124 151 153 159 160 162 175 178 182 189 191 210 217 218 243 255 260 275 288 290 298 304 306 312 336 347 347 383 384 411 414 436 450 456 461 465 470 481 492 503 504 516 519 524 535 538 543 546 563 578 586 593 604 617 648 666 673 707 720 725 739 743 751 768 775 781 794 797 803 808 810 812 817 829 877 891 893 898 905 909 913 932 936 946 947 965 980 
1 21 22 30 40 41 46 50 58 62 63 64 80 82 82 116 137 139 151 151 199 199 199 201 206 213 224 232 241 258 270 287 288 302 304 313 316 322 338 361 383 385 389 392 418 424 443 444 448 474 476 487 490 490 495 510 517 520 526 540 560 561 576 582 582 618 643 652 656 656 675 681 701 734 736 754 761 779 787 791 799 845 847 871 883 890 894 896 903 912 912 913 936 938 955 958 971 982 987 992 
2 1 37 12 69
2 1 36 19 57
2 33 91 26 73
2 17 64 18 68
2 4 42 26 73
2 7 65 9 50
2 7 43 18 83
2 11 56 33 69
2 28 63 28 92
2 7 66 7 61
2 22 83 9 61
2 33 89 3 56
2 30 89 14 66
2 13 78 22 78
2 27 75 4 69
2 13 46 25 89
2 29 78 25 85
2 16 64 29 84
2 17 61 33 86
2 21 71 27 60
2 15 56 8 70
2 14 71 16 68
2 19 60 18 66
2 18 82 13 48
2 6 64 1 50
2 13 61 20 71
2 33 89 15 74
2 30 85 18 68
2 12 46 14 49
2 24 57 19 65
2 19 67 26 59
2 24 78 15 70
2 4 66 13 54
2 31 82 18 60
2 8 65 27 83
2 29 73 32 87
2 17 52 27 77
2 17 73 25 80
2 4 46 32 67
2 10 46 26 83
2 9 68 22 62
2 5 65 9 42
1 0 65 597
2 28 89 56 86
2 19 52 30 86
2 22 85 26 68
2 15 70 17 71
2 5 41 4 37
2 21 83 29 94
2 7 42 8 58
2 18 51 11 53
2 32 70 23 64
2 6 59 1 37
2 31 66 26 80
1 1 49 453
2 69 89 33 90
2 13 65 31 82
2 25 82 1 49
2 27 80 11 45
2 28 80 13 72
2 13 75 3 58
2 27 82 13 71
2 11 57 25 82
2 23 61 22 79
2 8 41 19 81
1 1 73 695
2 29 62 10 56
2 33 66 12 50
2 17 57 15 60
2 20 62 10 71
2 8 64 28 93
2 18 72 4 55
2 15 77 31 78
2 11 45 2 61
2 5 58 13 69
2 7 49 31 64
2 30 92 19 52
2 7 67 32 89
2 14 67 18 56
2 18 61 30 78
1 0 79 788
2 21 82 32 80
2 8 42 29 78
2 10 49 29 83
2 19 76 17 79
2 3 55 17 76
2 1 52 11 47
2 14 54 31 86
2 14 54 6 49
2 29 70 11 69
2 15 74 1 65
2 3 31 7 40
2 26 79 6 40
1 1 69 656
2 4 62 16 77
2 28 63 21 55
2 2 51 16 68
1 0 76 743
2 33 79 32 65
2 26 88 27 82
