0.314286 0.628571 0.885714 0.571429 0 
0.4 0.371429 1 0.6 0 
0 0 1 0.6 0 
0 0 1 0.6 0 
0.622222 0.666667 1 0.866667 0.666667 

0.485714 0.857143 1 0.885714 0.265306 
0.771429 0.657143 0 0.685714 0.693878 
0 0 0.3125 0.95 0.464286 
0.0285714 0.571429 0.97619 0.428571 0.387755 
0.844444 1 0.833333 0.666667 1 

0.4 0.885714 1 0.942857 0.387755 
0.35 0.525 0 0.5 0.839286 
0 0.114286 0.857143 0.971429 0.530612 
0 0 0 0.35 0.964286 
0.644444 0.822222 0.777778 0.866667 0.555556 

0 0 0.47619 0.97619 0 
0 0.452381 0.928571 1 0 
0.55 0.9375 0.458333 1 0.25 
0.571429 0.571429 0.714286 1 0.571429 
0 0.296296 0.777778 1 0.571429 

0.4 1 0.857143 0.857143 0.571429 
0.457143 1 0.238095 0.257143 0.0204082 
0.45 0.8 0.625 0.85 0.75 
0.0285714 0 0 0.228571 1 
0.622222 0.822222 0.777778 0.888889 0.507937 

