415 4 271 4996
107 44 337 4956
383 86 230 4914
479 86 297 4914
66 135 287 4865
8 153 386 4847
264 157 52 4843
34 216 420 4784
450 236 169 4764
83 246 64 4754
203 280 452 4720
422 354 355 4646
14 412 496 4588
80 416 279 4584
207 416 178 4584
174 423 148 4577
314 463 376 4537
116 479 308 4521
277 490 374 4510
401 506 359 4494
117 533 173 4467
483 545 98 4455
323 554 97 4446
84 561 81 4439
319 582 469 4418
453 590 60 4410
26 603 105 4397
19 663 133 4337
78 687 270 4313
480 758 94 4242
13 777 245 4223
16 779 160 4221
378 817 124 4183
379 823 475 4177
209 831 223 4169
275 833 344 4167
181 862 278 4138
175 895 461 4105
137 904 193 4096
389 910 262 4090
400 979 393 4021
474 1000 221 4000
53 1045 272 3955
429 1051 305 3949
358 1054 258 3946
436 1069 145 3931
146 1111 414 3889
90 1120 402 3880
18 1131 298 3869
118 1139 261 3861
493 1140 120 3860
185 1141 411 3859
131 1153 403 3847
206 1175 437 3825
233 1178 82 3822
485 1193 417 3807
33 1199 136 3801
76 1205 427 3795
150 1206 12 3794
318 1216 31 3784
348 1223 477 3777
202 1277 104 3723
327 1285 50 3715
304 1286 69 3714
3 1343 147 3657
315 1355 470 3645
340 1457 156 3543
91 1464 338 3536
58 1506 38 3494
159 1515 435 3485
102 1525 456 3475
177 1534 210 3466
309 1542 454 3458
303 1550 176 3450
432 1557 465 3443
459 1568 61 3432
265 1586 257 3414
464 1636 151 3364
212 1694 405 3306
5 1697 183 3303
205 1700 189 3300
244 1726 360 3274
260 1739 168 3261
204 1799 395 3201
139 1848 89 3152
341 1857 301 3143
492 1881 32 3119
396 1887 322 3113
449 1894 491 3106
43 1928 100 3072
88 1965 497 3035
412 1990 188 3010
472 2085 247 2915
129 2116 367 2884
127 2124 144 2876
281 2133 217 2867
364 2154 224 2846
276 2162 179 2838
231 2168 317 2832
256 2181 416 2819
167 2209 198 2791
363 2211 47 2789
35 2212 425 2788
22 2216 321 2784
149 2250 384 2750
201 2259 349 2741
121 2260 372 2740
222 2287 215 2713
186 2371 74 2629
306 2383 45 2617
192 2412 10 2588
119 2444 130 2556
300 2444 63 2556
234 2448 238 2552
51 2454 421 2546
433 2485 140 2515
25 2489 197 2511
451 2490 446 2510
75 2521 443 2479
29 2542 500 2458
342 2550 291 2450
269 2552 286 2448
441 2571 394 2429
482 2576 132 2424
126 2579 284 2421
172 2612 200 2388
218 2632 191 2368
353 2653 165 2347
448 2663 248 2337
162 2668 468 2332
68 2669 296 2331
368 2692 334 2308
67 2695 42 2305
467 2705 410 2295
302 2713 280 2287
489 2731 235 2269
299 2764 285 2236
365 2777 20 2223
141 2812 366 2188
128 2818 263 2182
96 2846 476 2154
434 2853 44 2147
273 2854 17 2146
236 2878 486 2122
21 2881 313 2119
36 2897 211 2103
457 2911 499 2089
428 2918 157 2082
108 2931 444 2069
250 2973 375 2027
345 3012 311 1988
267 3035 404 1965
357 3042 30 1958
39 3049 382 1951
40 3053 333 1947
471 3140 92 1860
229 3149 115 1851
310 3179 249 1821
28 3203 59 1797
166 3232 93 1768
208 3234 424 1766
328 3251 163 1749
73 3269 259 1731
164 3293 109 1707
125 3296 57 1704
111 3348 49 1652
254 3355 388 1645
325 3359 86 1641
283 3361 225 1639
473 3388 409 1612
242 3419 24 1581
307 3448 95 1552
77 3468 37 1532
430 3469 290 1531
103 3471 220 1529
495 3517 289 1483
56 3534 182 1466
390 3577 354 1423
114 3593 455 1407
15 3602 346 1398
385 3609 398 1391
23 3613 196 1387
237 3622 55 1378
332 3656 407 1344
347 3673 6 1327
312 3675 41 1325
324 3730 216 1270
445 3747 373 1253
370 3749 138 1251
180 3784 241 1216
4 3788 110 1212
155 3788 135 1212
487 3819 326 1181
161 3840 498 1160
282 3842 9 1158
494 3874 79 1126
431 3897 112 1103
122 3908 190 1092
460 3962 7 1038
387 4026 243 974
418 4030 239 970
380 4047 274 953
330 4049 171 951
170 4057 54 943
143 4067 377 933
87 4095 392 905
255 4099 356 901
488 4104 106 896
246 4105 184 895
2 4106 351 894
251 4112 158 888
371 4149 336 851
466 4170 252 830
11 4187 423 813
350 4256 369 744
426 4294 65 706
413 4310 406 690
154 4325 288 675
478 4343 352 657
194 4347 70 653
240 4453 123 547
228 4501 71 499
316 4507 439 493
152 4510 195 490
399 4579 331 421
481 4580 293 420
134 4624 295 376
408 4640 62 360
266 4641 214 359
219 4646 1 354
271 4665 440 335
337 4671 46 329
187 4674 463 326
442 4685 292 315
297 4689 99 311
227 4691 462 309
230 4698 339 302
52 4699 232 301
287 4709 458 291
344 4712 490 288
386 4720 295 280
278 4734 101 266
148 4745 331 255
169 4749 293 251
320 4749 253 251
420 4754 62 246
64 4756 440 244
461 4758 362 242
262 4760 214 240
193 4761 1 239
359 4769 329 231
470 4770 71 230
374 4771 439 229
376 4775 195 225
308 4778 268 222
105 4779 391 221
452 4780 99 220
178 4785 292 215
173 4786 46 214
223 4786 142 214
97 4788 463 212
81 4789 123 211
475 4789 113 211
12 4793 243 207
98 4795 213 205
245 4797 484 203
160 4799 462 201
477 4799 339 201
31 4801 274 199
60 4801 239 199
393 4801 7 199
124 4807 72 193
427 4807 343 193
469 4808 367 192
27 4812 247 188
69 4812 54 188
444 4812 377 188
333 4815 198 185
147 4817 406 183
221 4821 65 179
403 4821 224 179
157 4822 144 178
417 4822 171 178
50 4826 153 174
311 4826 288 174
136 4827 356 173
104 4828 392 172
133 4828 232 172
411 4828 217 172
375 4829 361 171
261 4830 458 170
82 4831 354 169
120 4831 416 169
270 4834 179 166
355 4835 500 165
298 4840 490 160
404 4840 190 160
437 4840 455 160
258 4844 106 156
382 4844 352 156
30 4847 443 153
402 4848 112 152
338 4855 317 145
94 4857 70 143
145 4858 447 142
279 4859 346 141
397 4859 47 141
419 4859 369 141
305 4861 130 139
272 4863 184 137
156 4867 63 133
496 4870 398 130
454 4871 351 129
465 4875 291 125
435 4878 381 122
61 4879 79 121
176 4879 238 121
414 4885 140 115
456 4887 197 113
257 4888 446 112
210 4890 498 110
38 4897 182 103
92 4897 407 103
313 4902 421 98
115 4905 438 95
17 4911 289 89
211 4916 10 84
249 4916 9 84
199 4922 241 78
486 4927 196 73
499 4927 326 73
42 4931 373 69
416 4932 216 68
217 4933 188 67
361 4933 45 67
410 4933 110 67
458 4933 138 67
354 4934 55 66
168 4935 423 65
179 4935 158 65
232 4935 135 65
377 4935 37 65
500 4935 74 65
54 4936 331 64
247 4936 295 64
334 4936 409 64
392 4936 32 64
455 4936 252 64
151 4937 101 63
190 4937 220 63
296 4937 290 63
198 4938 286 62
235 4938 293 62
352 4938 86 62
356 4938 6 62
367 4938 497 62
468 4938 336 62
171 4939 253 61
288 4939 85 61
343 4939 49 61
406 4939 388 61
490 4939 89 61
59 4940 62 60
106 4940 440 60
112 4940 362 60
153 4940 95 60
280 4940 214 60
443 4940 301 60
144 4941 1 59
224 4941 322 59
322 4937 41 63
41 4933 24 67
24 4929 225 71
225 4924 329 76
329 4918 48 82
48 4912 360 88
360 4905 71 95
71 4898 405 102
405 4889 200 111
200 4880 183 120
183 4871 394 129
394 4860 195 140
195 4849 439 151
439 4837 292 163
292 4824 268 176
268 4810 46 190
46 4796 391 204
391 4781 191 219
191 4766 189 234
189 4750 99 250
99 4734 425 266
425 4717 463 283
463 4699 476 301
476 4680 142 320
142 4661 123 339
123 4639 373 361
373 4616 196 384
196 4593 384 407
384 4569 321 431
321 4545 100 455
100 4521 216 479
216 4496 132 504
132 4471 326 529
326 4445 241 555
241 4417 113 583
113 4389 109 611
109 4361 284 639
284 4332 10 668
10 4302 9 698
9 4271 188 729
188 4239 484 761
484 4206 213 794
213 4173 395 827
395 4139 289 861
289 4105 243 895
243 4071 366 929
366 4036 263 964
263 4001 57 999
57 3966 45 1034
45 3931 110 1069
110 3895 138 1105
138 3858 93 1142
93 3821 421 1179
421 3783 349 1217
349 3745 294 1255
294 3707 55 1293
55 3669 491 1331
491 3630 423 1370
423 3591 285 1409
285 3552 438 1448
438 3512 158 1488
158 3472 135 1528
135 3432 182 1568
182 3391 407 1609
407 3349 163 1651
163 3307 215 1693
215 3264 37 1736
37 3221 74 1779
74 3177 462 1823
462 3132 197 1868
197 3087 446 1913
446 3041 331 1959
331 2995 295 2005
295 2949 140 2051
140 2903 409 2097
409 2856 101 2144
101 2809 32 2191
32 2762 498 2238
498 2714 291 2286
291 2666 252 2334
252 2618 220 2382
220 2570 79 2430
79 2522 381 2478
381 2473 259 2527
259 2424 44 2576
44 2375 424 2625
424 2325 290 2675
290 2275 286 2725
286 2225 238 2775
238 2175 372 2825
372 2124 351 2876
351 2073 293 2927
293 2022 86 2978
86 1971 20 3029
20 1920 6 3080
6 1869 497 3131
497 1817 398 3183
398 1765 346 3235
346 1713 253 3287
253 1661 226 3339
226 1609 70 3391
70 1557 47 3443
47 1505 447 3495
447 1452 369 3548
369 1399 336 3601
336 1346 85 3654
85 1293 49 3707
49 1240 388 3760
388 1186 317 3814
317 1132 63 3868
63 1078 339 3922
339 1023 274 3977
274 968 165 4032
165 913 89 4087
89 858 62 4142
62 803 184 4197
184 747 130 4253
130 691 440 4309
440 634 362 4366
362 577 248 4423
248 520 239 4480
239 463 95 4537
95 406 7 4594
7 349 335 4651
335 291 214 4709
214 233 72 4767
72 175 65 4825
65 117 1 4883
1 59 301 4941
124 2 198 4889
337 26 272 4865
172 33 154 4858
480 43 176 4848
400 52 1 4839
280 53 242 4838
457 72 83 4819
409 78 191 4813
404 101 14 4790
275 111 282 4780
70 133 230 4758
244 169 271 4722
63 180 110 4711
318 181 254 4710
165 236 435 4655
331 299 490 4592
406 303 378 4588
6 310 473 4581
263 330 92 4561
396 343 209 4548
61 347 162 4544
345 377 147 4514
346 382 312 4509
194 410 432 4481
425 410 285 4481
81 414 486 4477
72 442 410 4449
134 521 249 4370
277 525 250 4366
491 525 353 4366
163 528 153 4363
354 558 187 4333
408 561 342 4330
349 563 224 4328
290 596 62 4295
52 598 89 4293
54 638 192 4253
459 653 391 4238
320 729 447 4162
307 751 183 4140
326 774 80 4117
321 777 39 4114
71 782 4 4109
208 798 133 4093
379 827 415 4064
286 838 149 4053
67 888 487 4003
492 897 495 3994
468 907 336 3984
269 918 338 3973
314 918 383 3973
273 974 87 3917
302 975 241 3916
356 983 203 3908
361 1005 289 3886
123 1070 200 3821
9 1071 232 3820
128 1079 15 3812
270 1085 151 3806
299 1140 370 3751
213 1145 451 3746
142 1233 407 3658
28 1256 30 3635
253 1300 217 3591
449 1324 477 3567
357 1332 127 3559
120 1335 96 3556
352 1340 376 3551
260 1374 11 3517
500 1392 259 3499
298 1396 2 3495
3 1451 438 3440
325 1486 479 3405
444 1512 126 3379
35 1514 393 3377
171 1528 202 3363
58 1553 284 3338
12 1619 101 3272
417 1627 157 3264
113 1654 296 3237
390 1684 395 3207
18 1686 363 3205
474 1688 10 3203
158 1694 98 3197
66 1695 233 3196
135 1699 335 3192
31 1702 267 3189
150 1719 373 3172
317 1756 411 3135
401 1784 115 3107
222 1800 140 3091
48 1806 464 3085
82 1820 441 3071
365 1823 494 3068
146 1827 315 3064
136 1829 258 3062
389 1829 465 3062
368 1849 73 3042
219 1918 50 2973
117 1947 439 2944
341 1952 261 2939
236 1968 460 2923
287 2002 55 2889
119 2014 42 2877
455 2040 88 2851
223 2057 429 2834
279 2104 443 2787
348 2133 60 2758
107 2168 403 2723
329 2171 86 2720
399 2192 319 2699
343 2204 45 2687
225 2210 416 2681
166 2227 372 2664
53 2229 122 2662
327 2252 251 2639
77 2268 380 2623
186 2294 64 2597
32 2333 481 2558
20 2350 394 2541
316 2402 75 2489
29 2403 323 2488
78 2406 278 2485
262 2409 59 2482
85 2458 79 2433
375 2462 204 2429
301 2481 16 2410
485 2482 463 2409
309 2493 97 2398
340 2518 358 2373
434 2518 207 2373
218 2532 483 2359
106 2535 247 2356
65 2546 452 2345
488 2554 148 2337
197 2636 95 2255
84 2643 179 2248
105 2670 237 2221
268 2670 436 2221
450 2684 466 2207
422 2696 216 2195
220 2713 414 2178
313 2720 33 2171
239 2766 482 2125
234 2817 24 2074
437 2821 118 2070
392 2834 347 2057
310 2855 276 2036
351 2862 430 2029
227 2893 44 1998
440 2899 281 1992
398 2925 377 1966
156 2937 177 1954
152 2983 74 1908
155 2985 240 1906
293 3005 211 1886
137 3056 458 1835
215 3062 294 1829
19 3076 181 1815
201 3076 446 1815
295 3078 49 1813
484 3101 139 1790
170 3112 246 1779
34 3153 69 1738
36 3153 292 1738
496 3197 199 1694
193 3201 266 1690
476 3222 129 1669
168 3292 362 1599
413 3311 374 1580
405 3369 402 1522
419 3375 291 1516
330 3392 212 1499
470 3421 90 1470
130 3423 489 1468
196 3436 366 1455
41 3448 235 1443
125 3455 104 1436
304 3455 359 1436
420 3456 184 1435
37 3463 423 1428
190 3486 23 1405
445 3486 56 1405
360 3503 214 1388
256 3509 43 1382
274 3529 264 1362
7 3546 167 1345
21 3577 169 1314
13 3584 182 1307
143 3591 180 1300
27 3605 245 1286
205 3613 442 1278
195 3620 185 1271
382 3689 221 1202
243 3695 68 1196
141 3700 421 1191
324 3782 93 1109
471 3806 8 1085
231 3815 456 1076
297 3828 469 1063
433 3831 5 1060
121 3842 94 1049
138 3867 226 1024
25 3966 229 925
238 3970 76 921
472 3978 369 913
189 3988 283 903
17 4003 388 888
159 4016 252 875
499 4104 91 787
116 4112 102 779
114 4113 257 778
339 4139 475 752
461 4153 131 738
51 4155 467 736
384 4164 175 727
397 4215 453 676
386 4217 497 674
22 4222 364 669
111 4227 112 664
385 4246 144 645
164 4276 145 615
418 4294 462 597
173 4346 328 545
322 4367 265 524
333 4367 57 524
371 4367 288 524
100 4380 132 511
206 4389 387 502
367 4481 160 410
424 4498 355 393
305 4504 174 387
188 4506 161 385
40 4534 448 357
498 4542 493 349
26 4567 454 324
428 4625 46 266
132 4640 178 251
94 4642 311 249
387 4645 38 246
288 4652 90 239
332 4652 294 239
226 4653 458 238
175 4660 366 231
381 4666 24 225
252 4670 489 221
344 4672 402 219
431 4677 291 214
57 4681 199 210
369 4685 44 206
467 4686 212 205
303 4688 308 203
112 4691 74 200
388 4691 276 200
47 4693 482 198
283 4694 266 197
76 4699 240 192
265 4702 347 189
364 4702 69 189
497 4702 16 189
453 4703 463 188
5 4705 118 186
144 4709 430 182
456 4713 255 178
469 4714 358 177
99 4715 395 176
229 4716 362 175
257 4716 211 175
102 4718 181 173
131 4721 296 170
91 4723 414 168
160 4727 204 164
355 4729 79 162
145 4731 177 160
174 4731 466 160
161 4732 374 159
462 4732 129 159
426 4735 292 156
475 4738 97 153
412 4745 377 146
300 4746 334 145
264 4749 247 142
448 4756 483 135
185 4757 237 134
167 4761 75 130
493 4762 207 129
8 4767 101 124
328 4769 436 122
43 4771 246 120
454 4775 216 116
73 4776 139 115
169 4780 33 111
182 4784 446 107
465 4785 179 106
180 4786 95 105
421 4787 157 104
56 4790 323 101
50 4796 278 95
245 4797 59 94
442 4798 49 93
306 4799 432 92
478 4799 285 92
214 4805 281 86
42 4808 452 83
248 4808 148 83
458 4808 147 83
460 4809 490 82
88 4812 363 79
93 4812 378 79
294 4812 10 79
24 4813 411 78
68 4813 109 78
242 4813 312 78
38 4814 108 77
210 4815 235 76
221 4815 92 76
366 4815 410 76
439 4816 394 75
489 4816 209 75
261 4817 162 74
463 4817 80 74
402 4818 479 73
118 4819 183 72
90 4820 481 71
291 4820 11 71
55 4821 98 70
276 4821 126 70
482 4821 87 70
103 4822 233 69
151 4822 30 69
266 4822 249 69
395 4822 473 69
430 4822 284 69
16 4823 335 68
181 4823 477 68
211 4823 96 68
362 4823 127 68
199 4824 200 67
255 4824 486 67
296 4824 447 67
358 4824 373 67
451 4824 140 67
414 4825 393 66
74 4826 376 65
212 4826 438 65
308 4826 464 65
429 4826 64 65
133 4827 407 64
240 4827 232 64
44 4828 187 63
69 4828 217 63
83 4828 250 63
347 4828 380 63
46 4829 202 62
204 4829 353 62
191 4830 441 61
353 4830 350 61
350 4830 115 61
115 4830 39 61
39 4830 15 61
15 4830 435 61
435 4829 342 62
342 4828 267 63
267 4827 224 64
224 4826 495 65
495 4822 487 69
487 4818 336 73
336 4814 372 77
372 4809 338 82
338 4803 383 88
383 4795 251 96
251 4787 110 104
110 4779 153 112
153 4769 403 122
403 4757 319 134
319 4745 416 146
416 4731 45 160
45 4717 281 174
281 4702 86 189
86 4687 452 204
452 4671 315 220
315 4655 59 236
59 4639 49 252
49 4623 278 268
278 4606 271 285
271 4589 148 302
148 4571 104 320
104 4553 494 338
494 4533 363 358
363 4513 95 378
95 4493 432 398
432 4472 285 419
285 4451 179 440
179 4430 157 461
157 4409 490 482
490 4387 446 504
446 4365 378 526
378 4343 241 548
241 4321 147 570
147 4299 370 592
370 4276 323 615
323 4253 254 638
254 4230 33 661
33 4206 10 685
10 4182 411 709
411 4155 230 736
230 4127 139 764
139 4099 122 792
122 4071 109 820
109 4043 423 848
423 4014 359 877
359 3985 216 906
216 3956 108 935
108 3926 312 965
312 3895 2 996
2 3864 394 1027
394 3832 235 1059
235 3800 92 1091
92 3768 62 1123
62 3736 410 1155
410 3703 246 1188
246 3670 209 1221
209 3637 184 1254
184 3604 183 1287
183 3571 162 1320
162 3538 80 1353
80 3505 479 1386
479 3471 443 1420
443 3437 436 1454
436 3402 259 1489
259 3367 101 1524
101 3332 89 1559
89 3297 203 1594
203 3261 75 1630
75 3225 481 1666
481 3188 98 1703
98 3150 11 1741
11 3112 1 1779
1 3074 192 1817
192 3035 126 1856
126 2996 483 1895
483 2956 237 1935
237 2916 233 1975
233 2876 207 2015
207 2836 87 2055
87 2796 30 2095
30 2756 249 2135
249 2715 60 2176
60 2674 14 2217
14 2633 149 2258
149 2591 289 2300
289 2548 473 2343
473 2504 335 2387
335 2460 284 2431
284 2416 282 2475
282 2371 228 2520
228 2326 247 2565
247 2280 477 2611
477 2233 415 2658
415 2186 391 2705
391 2139 176 2752
176 2092 96 2799
96 2044 334 2847
334 1995 200 2896
200 1946 127 2945
127 1897 486 2994
486 1847 447 3044
447 1797 427 3094
427 1747 377 3144
377 1697 178 3194
178 1647 154 3244
154 1596 376 3295
376 1544 373 3347
373 1492 140 3399
140 1440 393 3451
393 1387 272 3504
272 1334 23 3557
23 1281 198 3610
198 1226 438 3665
438 1170 97 3721
97 1114 464 3777
464 1057 407 3834
407 1000 292 3891
292 943 187 3948
187 886 64 4005
64 829 258 4062
258 771 232 4120
232 713 217 4178
217 655 4 4236
4 597 374 4294
374 538 311 4353
311 479 250 4412
250 420 177 4471
177 361 129 4530
129 302 466 4589
466 242 202 4649
202 182 79 4709
79 122 441 4769
441 61 380 4830
498 6 395 4879
342 68 391 4817
157 83 410 4802
180 84 99 4801
479 118 3 4767
277 130 219 4755
250 138 282 4747
334 160 311 4725
185 225 150 4660
145 249 203 4636
139 252 400 4633
413 258 8 4627
339 281 448 4604
463 281 404 4604
188 308 456 4577
382 319 65 4566
247 320 43 4565
381 351 14 4534
276 373 294 4512
235 377 216 4508
134 385 229 4500
58 393 301 4492
476 420 95 4465
239 437 142 4448
189 450 429 4435
135 459 101 4426
38 500 341 4385
450 526 213 4359
112 532 452 4353
332 540 97 4345
475 583 424 4302
193 597 256 4288
442 597 111 4288
80 644 492 4241
45 656 131 4229
60 669 320 4216
267 674 493 4211
434 683 390 4202
458 697 279 4188
153 751 170 4134
389 785 69 4100
221 787 262 4098
244 810 168 4075
114 818 215 4067
251 870 472 4015
92 894 366 3991
94 906 454 3979
237 909 154 3976
23 914 281 3971
353 932 167 3953
181 948 64 3937
321 952 176 3933
491 964 248 3921
261 986 108 3899
122 991 278 3894
52 995 76 3890
368 1007 9 3878
120 1019 195 3866
329 1036 197 3849
171 1042 455 3843
22 1049 6 3836
146 1081 28 3804
42 1087 236 3798
270 1111 298 3774
161 1112 173 3773
44 1119 66 3766
128 1119 296 3766
312 1156 115 3729
4 1176 275 3709
194 1183 352 3702
178 1189 255 3696
288 1197 100 3688
402 1222 56 3663
103 1227 127 3658
5 1240 71 3645
78 1241 347 3644
494 1245 477 3640
354 1253 130 3632
233 1283 300 3602
384 1283 102 3602
485 1318 144 3567
224 1384 73 3501
406 1387 440 3498
126 1401 2 3484
496 1411 84 3474
346 1436 210 3449
286 1465 295 3420
79 1483 29 3402
241 1525 445 3360
182 1544 190 3341
192 1561 116 3324
344 1572 319 3313
385 1573 49 3312
441 1578 74 3307
83 1639 230 3246
438 1639 272 3246
184 1699 415 3186
136 1717 291 3168
462 1717 453 3168
487 1717 343 3168
446 1744 172 3141
383 1815 166 3070
416 1831 348 3054
444 1836 490 3049
217 1855 186 3030
125 1897 349 2988
123 1913 110 2972
486 1930 104 2955
417 2009 371 2876
208 2031 469 2854
297 2040 198 2845
437 2070 205 2815
408 2099 414 2786
211 2115 212 2770
484 2120 433 2765
470 2133 240 2752
287 2138 47 2747
263 2154 164 2731
427 2231 11 2654
425 2252 27 2633
140 2253 365 2632
264 2269 82 2616
313 2287 419 2598
471 2290 163 2595
17 2301 274 2584
220 2304 422 2581
359 2319 467 2566
226 2360 338 2525
465 2400 121 2485
152 2402 70 2483
200 2421 91 2464
18 2473 497 2412
310 2479 151 2406
183 2486 330 2399
309 2489 252 2396
24 2491 13 2394
451 2492 362 2393
266 2531 245 2354
98 2541 387 2344
242 2552 257 2333
482 2610 336 2275
489 2627 461 2258
326 2643 328 2242
156 2648 59 2237
90 2692 31 2193
199 2696 375 2189
271 2726 316 2159
473 2730 109 2155
143 2786 351 2099
420 2794 54 2091
124 2808 302 2077
20 2863 34 2022
162 2925 376 1960
284 2956 488 1929
48 2957 26 1928
50 2957 423 1928
57 2957 474 1928
259 3007 426 1878
396 3040 138 1845
67 3052 401 1833
361 3078 340 1807
77 3081 260 1804
355 3102 364 1783
314 3103 209 1782
218 3114 88 1771
398 3165 280 1720
304 3167 412 1718
345 3171 201 1714
367 3173 428 1712
72 3188 249 1697
495 3194 407 1691
158 3195 377 1690
327 3209 12 1676
33 3218 269 1667
436 3221 358 1664
132 3266 7 1619
246 3306 430 1579
165 3310 133 1575
283 3316 16 1569
62 3332 318 1553
207 3407 231 1478
21 3432 87 1453
258 3441 449 1444
370 3453 148 1432
32 3457 409 1428
483 3464 405 1421
421 3479 107 1406
55 3486 393 1399
333 3494 431 1391
373 3521 19 1364
307 3540 93 1345
305 3550 459 1335
85 3595 232 1290
380 3620 432 1265
40 3660 147 1225
273 3663 350 1222
447 3667 369 1218
308 3679 234 1206
335 3707 466 1178
202 3737 15 1148
159 3767 117 1118
238 3784 137 1101
141 3824 105 1061
228 3825 292 1060
174 3827 499 1058
392 3863 356 1022
223 3866 51 1019
10 3872 61 1013
357 3896 303 989
196 3908 1 977
169 3929 411 956
129 3942 268 943
293 3955 435 930
306 3961 175 924
379 3990 96 895
299 4000 149 885
53 4007 391 878
160 4025 410 860
464 4033 99 852
399 4046 395 839
315 4111 150 774
337 4121 203 764
63 4126 448 759
222 4151 404 734
397 4171 106 714
39 4172 46 713
480 4190 8 695
81 4199 400 686
119 4212 89 673
478 4250 219 635
253 4290 311 595
75 4307 282 578
191 4333 3 552
187 4347 14 538
443 4361 363 524
41 4372 65 513
500 4384 388 501
36 4458 95 427
25 4469 456 416
468 4470 301 415
418 4492 43 393
113 4506 229 379
118 4535 216 350
243 4539 294 346
285 4544 394 341
317 4568 142 317
272 4594 30 291
343 4598 322 287
214 4601 429 284
172 4612 206 273
453 4618 131 267
109 4621 213 264
47 4629 452 256
291 4630 492 255
35 4633 457 252
415 4639 341 246
54 4643 101 242
164 4644 256 241
358 4647 225 238
269 4648 111 237
302 4649 424 236
375 4654 439 231
59 4657 97 228
19 4660 227 225
186 4666 372 219
316 4672 320 213
351 4672 493 213
110 4673 390 212
93 4678 170 207
422 4679 155 206
104 4680 279 205
166 4681 366 204
274 4681 472 204
12 4682 454 203
34 4683 37 202
74 4684 69 201
348 4685 262 200
459 4685 168 200
31 4686 154 199
82 4687 290 198
377 4687 215 198
490 4687 167 198
16 4688 281 197
133 4688 30 197
467 4688 86 197
7 4690 142 195
49 4692 492 193
328 4693 452 192
365 4695 457 190
163 4696 213 189
318 4696 131 189
349 4697 206 188
430 4699 64 186
407 4700 101 185
11 4702 322 183
419 4702 429 183
232 4705 341 180
391 4707 225 178
428 4711 111 174
319 4715 424 170
27 4716 256 169
395 4716 294 169
175 4717 216 168
461 4717 394 168
240 4719 176 166
410 4719 97 166
99 4720 439 165
96 4723 248 162
338 4723 197 162
474 4723 108 162
249 4724 76 161
130 4726 278 159
432 4727 195 158
423 4729 229 156
84 4731 227 154
460 4731 455 154
149 4732 9 153
376 4733 298 152
210 4734 43 151
254 4735 6 150
433 4735 28 150
26 4737 372 148
212 4740 236 145
230 4741 456 144
295 4741 320 144
371 4741 301 144
70 4742 95 143
121 4742 493 143
198 4742 390 143
405 4742 115 143
102 4745 170 140
488 4746 155 139
414 4748 173 137
431 4748 66 137
205 4750 279 135
2 4751 403 134
29 4752 366 133
300 4753 296 132
68 4755 472 130
107 4755 388 130
268 4755 454 130
393 4755 65 130
477 4755 37 130
469 4756 69 129
91 4757 262 128
347 4759 168 126
148 4760 363 125
435 4760 3 125
144 4763 154 122
257 4763 290 122
409 4763 215 122
411 4763 374 122
440 4763 275 122
303 4764 167 121
147 4765 281 120
387 4765 14 120
150 4767 30 118
350 4767 352 118
231 4768 360 117
336 4768 86 117
369 4768 256 117
127 4769 216 116
71 4770 176 115
445 4771 424 114
234 4772 294 113
426 4772 282 113
1 4773 97 112
190 4773 439 112
203 4774 394 111
179 4775 323 110
362 4775 248 110
138 4776 197 109
201 4776 111 109
481 4776 225 109
448 4777 278 108
116 4778 76 107
209 4780 386 105
88 4781 341 104
401 4786 108 99
87 4787 457 98
364 4788 452 97
265 4789 213 96
100 4793 131 92
449 4793 492 92
466 4793 322 92
13 4795 429 90
260 4797 142 88
245 4798 101 87
51 4801 64 84
404 4802 229 83
497 4803 227 82
151 4804 206 81
340 4804 195 81
356 4804 455 81
378 4804 9 81
61 4805 6 80
15 4808 311 77
225 4809 298 76
256 4809 177 76
278 4809 43 76
76 4810 324 75
216 4810 289 75
330 4810 28 75
73 4811 372 74
86 4811 236 74
176 4811 456 74
252 4811 320 74
386 4811 301 74
424 4811 255 74
282 4812 95 73
294 4812 325 73
341 4812 493 73
439 4812 390 73
390 4799 219 86
219 4784 173 101
173 4765 115 120
115 4746 155 139
155 4726 170 159
170 4705 66 180
66 4676 279 209
279 4644 403 241
403 4611 366 274
366 4578 331 307
331 4541 296 344
296 4502 89 383
89 4462 472 423
472 4416 400 469
400 4369 388 516
388 4322 454 563
454 4274 105 611
105 4224 8 661
8 4173 298 712
298 4121 177 764
177 4069 43 816
43 4017 324 868
324 3964 311 921
311 3911 292 974
292 3858 289 1027
289 3804 206 1081
206 3750 195 1135
195 3696 28 1189
28 3642 455 1243
455 3587 372 1298
372 3532 280 1353
280 3477 236 1408
236 3422 227 1463
227 3367 9 1518
9 3312 6 1573
6 3257 229 1628
229 3201 168 1684
168 3145 64 1740
64 3089 69 1796
69 3032 65 1853
65 2975 37 1910
37 2918 456 1967
456 2860 320 2025
320 2802 262 2083
262 2744 154 2141
154 2685 101 2200
101 2626 142 2259
142 2566 117 2319
117 2506 412 2379
412 2445 363 2440
363 2384 290 2501
290 2323 204 2562
204 2262 3 2623
3 2201 499 2684
499 2139 429 2746
429 2077 131 2808
131 2015 492 2870
492 1952 322 2933
322 1889 215 2996
215 1826 95 3059
95 1763 325 3122
325 1699 301 3186
301 1635 255 3250
255 1571 374 3314
374 1506 281 3379
281 1441 167 3444
167 1376 106 3509
106 1311 275 3574
275 1245 213 3640
213 1179 137 3706
137 1113 46 3772
46 1047 30 3838
30 981 14 3904
14 915 452 3970
452 848 457 4037
457 780 108 4105
108 712 360 4173
360 643 352 4242
352 574 323 4311
323 503 248 4382
248 432 493 4453
493 360 394 4525
394 288 197 4597
197 216 111 4669
111 144 97 4741
97 72 56 4813
394 8 169 4666
440 69 355 4605
281 110 332 4564
305 126 442 4548
96 133 178 4541
479 154 428 4520
255 165 130 4509
257 169 308 4505
248 208 210 4466
78 216 455 4458
58 217 316 4457
367 229 433 4445
359 261 40 4413
134 282 471 4392
152 342 45 4332
290 342 277 4332
325 343 314 4331
450 349 293 4325
421 381 468 4293
80 416 369 4258
490 426 475 4248
462 483 492 4191
144 492 284 4182
231 589 139 4085
107 591 192 4083
53 607 12 4067
338 623 405 4051
143 664 82 4010
474 669 253 4005
386 687 463 3987
383 695 436 3979
114 721 326 3953
46 743 164 3931
62 744 43 3930
42 763 67 3911
422 789 262 3885
425 797 28 3877
376 803 252 3871
412 815 84 3859
443 884 126 3790
129 891 44 3783
224 892 373 3782
493 909 380 3765
489 922 390 3752
204 966 182 3708
340 977 480 3697
92 978 397 3696
205 1005 366 3669
292 1008 406 3666
69 1023 282 3651
306 1035 410 3639
404 1043 351 3631
453 1138 206 3536
122 1155 195 3519
133 1168 485 3506
276 1171 183 3503
266 1172 14 3502
388 1172 269 3502
420 1186 385 3488
444 1191 213 3483
218 1207 230 3467
418 1237 209 3437
34 1242 322 3432
51 1252 110 3422
497 1265 387 3409
64 1277 54 3397
392 1286 243 3388
102 1288 259 3386
15 1313 400 3361
176 1329 118 3345
189 1336 321 3338
374 1349 461 3325
88 1355 173 3319
219 1378 180 3296
279 1379 160 3295
294 1403 431 3271
32 1441 29 3233
184 1472 81 3202
352 1519 487 3155
384 1540 61 3134
151 1545 464 3129
287 1556 289 3118
242 1583 154 3091
60 1585 476 3089
300 1588 131 3086
229 1594 66 3080
345 1609 324 3065
430 1614 472 3060
233 1616 50 3058
98 1644 113 3030
448 1655 85 3019
260 1763 83 2911
103 1795 318 2879
459 1818 158 2856
488 1839 30 2835
407 1846 174 2828
401 1849 303 2825
108 1878 365 2796
342 1885 79 2789
469 1889 341 2785
268 1892 161 2782
142 1911 402 2763
329 1925 119 2749
256 1927 343 2747
456 1936 495 2738
65 1986 93 2688
330 2015 239 2659
429 2040 36 2634
10 2041 299 2633
172 2056 350 2618
141 2061 467 2613
6 2074 52 2600
368 2165 301 2509
22 2168 372 2506
357 2168 11 2506
190 2171 238 2503
86 2179 125 2495
396 2219 7 2455
95 2255 157 2419
201 2268 104 2406
128 2293 136 2381
111 2294 241 2380
207 2295 171 2379
375 2302 251 2372
70 2308 310 2366
415 2355 185 2319
89 2396 194 2278
225 2408 23 2266
196 2419 137 2255
261 2449 179 2225
423 2472 109 2202
214 2476 193 2198
298 2478 426 2196
168 2525 438 2149
38 2537 220 2137
175 2548 491 2126
297 2575 267 2099
135 2585 90 2089
236 2622 147 2052
145 2632 31 2042
202 2643 356 2031
247 2647 106 2027
320 2648 370 2026
473 2692 312 1982
33 2694 427 1980
275 2719 379 1955
354 2721 336 1953
349 2762 378 1912
470 2765 167 1909
1 2781 309 1893
457 2814 273 1860
334 2822 458 1852
451 2841 234 1833
76 2849 223 1825
117 2900 339 1774
21 2902 333 1772
328 2918 353 1756
39 2919 123 1755
57 2926 271 1748
91 2940 494 1734
186 2954 228 1720
482 2995 116 1679
364 3025 315 1649
63 3027 159 1647
19 3047 496 1627
73 3071 166 1603
285 3127 170 1547
371 3142 403 1532
500 3153 313 1521
319 3163 272 1511
138 3175 153 1499
446 3239 244 1435
87 3290 94 1384
288 3296 484 1378
4 3300 361 1374
227 3311 216 1363
37 3316 105 1358
221 3379 417 1295
59 3396 441 1278
191 3397 499 1277
25 3422 20 1252
211 3459 9 1215
258 3476 203 1198
163 3517 265 1157
124 3594 27 1080
416 3634 24 1040
18 3648 348 1026
323 3656 377 1018
212 3701 263 973
127 3728 72 946
200 3729 307 945
197 3734 382 940
55 3752 409 922
177 3779 148 895
437 3795 498 879
486 3826 112 848
156 3844 198 830
337 3857 100 817
232 3863 296 811
432 3889 16 785
3 3893 121 781
477 3908 99 766
393 3911 217 763
13 3926 237 748
358 3932 146 742
155 3937 226 737
327 3940 278 734
101 3953 187 721
483 3959 454 715
246 3969 77 705
363 4025 68 649
250 4026 120 648
56 4028 408 646
26 4044 391 630
254 4057 465 617
245 4059 249 615
264 4065 215 609
317 4089 414 585
360 4093 71 581
149 4178 445 496
347 4179 295 495
283 4201 274 473
424 4292 291 382
395 4311 17 363
344 4313 199 361
2 4328 435 346
335 4333 280 341
302 4344 165 330
346 4347 452 327
286 4366 460 308
240 4377 150 297
399 4385 132 289
49 4391 235 283
466 4393 447 281
304 4401 405 273
494 4420 75 254
228 4422 318 252
97 4453 82 221
140 4455 481 219
116 4463 174 211
411 4466 139 208
478 4466 30 208
449 4476 12 198
496 4485 270 189
159 4490 158 184
315 4492 419 182
105 4495 8 179
272 4498 311 176
166 4499 485 175
313 4500 385 174
153 4505 192 169
331 4507 83 167
309 4509 209 165
123 4519 206 155
271 4520 253 154
170 4522 183 152
403 4523 14 151
353 4525 213 149
458 4526 365 148
312 4530 269 144
452 4530 195 144
427 4531 322 143
336 4532 341 142
273 4534 230 140
223 4540 79 134
398 4540 208 134
234 4541 164 133
381 4541 43 133
167 4543 301 131
235 4545 326 129
447 4545 222 129
379 4546 303 128
460 4546 262 128
499 4550 28 124
150 4552 362 122
405 4552 54 122
417 4553 372 121
20 4554 402 120
71 4554 161 120
132 4554 67 120
244 4557 36 117
249 4562 463 112
215 4564 436 110
74 4565 387 109
370 4565 115 109
441 4565 181 109
318 4566 119 108
491 4567 239 107
378 4569 495 105
75 4570 110 104
216 4574 439 100
361 4574 343 100
165 4576 93 98
414 4576 35 98
484 4576 126 98
41 4578 487 96
295 4578 81 96
147 4582 61 92
94 4583 284 91
9 4584 48 90
199 4584 45 90
310 4585 154 89
17 4586 299 88
435 4586 188 88
465 4586 492 88
203 4587 369 87
280 4587 350 87
333 4587 289 87
426 4587 464 87
31 4588 44 86
267 4588 434 86
339 4589 351 85
274 4591 410 83
106 4592 29 82
265 4592 468 82
445 4593 400 81
356 4594 282 80
187 4595 40 79
82 4597 321 77
90 4597 277 77
193 4597 24 77
481 4597 5 77
454 4598 118 76
77 4602 182 72
171 4602 433 72
251 4602 373 72
30 4605 380 69
174 4605 52 69
139 4606 476 68
169 4611 467 63
12 4614 455 60
241 4616 406 58
104 4617 324 57
11 4620 316 54
238 4620 85 54
389 4620 243 54
118 4622 366 52
185 4622 210 52
270 4622 66 52
282 4622 480 52
373 4622 84 52
7 4623 252 51
40 4623 113 51
400 4623 131 51
468 4623 259 51
5 4624 377 50
24 4624 291 50
52 4624 237 50
158 4624 431 50
162 4624 475 50
277 4624 471 50
321 4624 314 50
380 4624 146 50
385 4624 390 50
390 4624 293 50
293 4624 47 50
47 4624 472 50
472 4622 348 52
348 4620 397 54
397 4617 355 57
355 4613 99 61
99 4608 461 66
461 4601 217 73
217 4594 27 80
27 4587 16 87
16 4580 121 94
121 4572 50 102
50 4561 442 113
442 4549 180 125
180 4536 173 138
173 4523 160 151
160 4510 100 164
100 4495 226 179
226 4479 72 195
72 4461 296 213
296 4442 308 232
308 4422 130 252
130 4402 79 272
79 4382 263 292
263 4361 68 313
68 4340 198 334
198 4318 332 356
332 4294 208 380
208 4270 301 404
301 4245 269 429
269 4220 195 454
195 4195 164 479
164 4170 43 504
43 4145 326 529
326 4119 230 555
230 4093 28 581
28 4067 387 607
387 4040 322 634
322 4013 222 661
222 3986 137 688
137 3959 120 715
120 3932 436 742
436 3904 365 770
365 3876 362 798
362 3848 341 826
341 3820 213 854
213 3792 157 882
157 3764 23 910
23 3736 372 938
372 3707 303 967
303 3678 54 996
54 3649 14 1025
14 3620 463 1054
463 3590 428 1084
428 3560 408 1114
408 3530 402 1144
402 3500 262 1174
262 3470 183 1204
183 3440 115 1234
115 3410 93 1264
93 3380 36 1294
36 3350 439 1324
439 3319 161 1355
161 3288 112 1386
112 3257 35 1417
35 3226 343 1448
343 3194 253 1480
253 3162 206 1512
206 3130 178 1544
178 3098 181 1576
181 3065 126 1609
126 3032 110 1642
110 2999 67 1675
67 2966 495 1708
495 2932 239 1742
239 2898 136 1776
136 2864 119 1810
119 2830 487 1844
487 2795 81 1879
81 2760 61 1914
61 2725 284 1949
284 2689 154 1985
154 2653 48 2021
48 2617 45 2057
45 2581 366 2093
366 2544 316 2130
316 2507 299 2167
299 2470 210 2204
210 2433 85 2241
85 2396 369 2278
369 2358 350 2316
350 2320 289 2354
289 2282 243 2392
243 2244 194 2430
194 2206 188 2468
188 2168 148 2506
148 2130 66 2544
66 2092 492 2582
492 2053 480 2621
480 2014 464 2660
464 1975 391 2699
391 1936 179 2738
179 1897 44 2777
44 1858 434 2816
434 1818 409 2856
409 1778 324 2896
324 1738 109 2936
109 1698 406 2976
406 1657 278 3017
278 1616 252 3058
252 1575 113 3099
113 1534 84 3140
84 1493 209 3181
209 1451 131 3223
131 1409 455 3265
455 1366 259 3308
259 1323 83 3351
83 1280 413 3394
413 1236 351 3438
351 1192 438 3482
438 1147 311 3527
311 1102 220 3572
220 1057 192 3617
192 1012 467 3662
467 966 377 3708
377 920 485 3754
485 873 307 3801
307 826 291 3848
291 779 237 3895
237 732 125 3942
125 685 8 3989
8 638 431 4036
431 590 29 4084
29 542 498 4132
498 493 475 4181
475 444 471 4230
471 395 410 4279
410 346 382 4328
382 297 314 4377
314 248 182 4426
182 199 146 4475
146 150 476 4524
476 100 433 4574
433 50 419 4624
9 11 318 4973
498 19 405 4965
450 72 360 4912
467 95 495 4889
499 101 263 4883
274 149 230 4835
169 172 305 4812
196 193 381 4791
5 198 331 4786
500 211 225 4773
283 226 118 4758
106 239 309 4745
362 239 302 4745
386 287 382 4697
438 289 132 4695
320 319 447 4665
232 349 26 4635
419 352 453 4632
8 369 188 4615
359 374 441 4610
45 385 422 4599
135 387 345 4597
110 388 369 4596
292 415 260 4569
428 428 164 4556
182 433 95 4551
275 444 192 4540
446 450 170 4534
130 453 18 4531
84 472 475 4512
479 485 410 4499
462 561 388 4423
28 571 433 4413
250 598 248 4386
226 618 180 4366
421 625 113 4359
206 632 391 4352
262 636 436 4348
472 660 435 4324
104 664 497 4320
212 687 483 4297
451 721 70 4263
411 724 341 4260
323 734 481 4250
466 734 492 4250
335 803 478 4181
464 817 413 4167
488 836 100 4148
221 862 94 4122
124 898 209 4086
217 907 496 4077
490 916 21 4068
307 919 172 4065
6 1006 179 3978
416 1008 195 3976
384 1022 429 3962
469 1023 377 3961
102 1031 82 3953
361 1058 484 3926
367 1063 337 3921
89 1065 442 3919
64 1086 408 3898
468 1093 273 3891
183 1094 315 3890
407 1099 66 3885
353 1155 289 3829
348 1156 141 3828
287 1169 372 3815
482 1206 444 3778
177 1211 231 3773
69 1213 417 3771
339 1225 156 3759
68 1276 340 3708
242 1282 396 3702
77 1302 43 3682
191 1309 88 3675
204 1365 494 3619
189 1371 137 3613
147 1376 178 3608
4 1378 245 3606
10 1378 138 3606
163 1387 414 3597
285 1402 15 3582
153 1416 92 3568
176 1470 81 3514
44 1471 23 3513
351 1475 379 3509
493 1478 244 3506
461 1479 146 3505
133 1484 236 3500
151 1493 470 3491
317 1523 134 3461
463 1545 122 3439
249 1555 162 3429
325 1578 439 3406
251 1589 282 3395
266 1611 149 3373
480 1613 144 3371
261 1619 161 3365
181 1648 107 3336
160 1664 97 3320
223 1687 366 3297
187 1700 280 3284
235 1715 42 3269
338 1722 253 3262
258 1734 60 3250
486 1749 13 3235
423 1760 383 3224
166 1774 328 3210
210 1775 489 3209
20 1777 22 3207
1 1788 80 3196
126 1788 256 3196
152 1794 47 3190
2 1862 158 3122
119 1864 452 3120
380 1876 171 3108
385 1934 270 3050
30 1949 465 3035
259 1951 271 3033
240 1956 148 3028
399 2000 373 2984
412 2007 310 2977
371 2024 443 2960
347 2035 357 2949
409 2141 76 2843
53 2151 142 2833
272 2198 61 2786
213 2208 445 2776
354 2210 276 2774
300 2224 125 2760
299 2227 114 2757
220 2278 93 2706
319 2282 222 2702
234 2285 457 2699
370 2288 214 2696
123 2363 332 2621
79 2378 376 2606
38 2403 473 2581
252 2417 286 2567
454 2481 363 2503
329 2528 298 2456
55 2543 175 2441
455 2565 316 2419
267 2575 434 2409
14 2608 24 2376
355 2632 73 2352
243 2643 46 2341
112 2644 449 2340
155 2692 392 2292
194 2696 491 2288
233 2719 322 2265
356 2733 255 2251
63 2735 59 2249
140 2767 65 2217
403 2790 87 2194
202 2834 208 2150
207 2835 3 2149
237 2917 173 2067
265 2921 19 2063
117 2958 136 2026
349 2968 324 2016
174 2972 279 2012
346 2990 51 1994
415 3029 471 1955
184 3063 31 1921
27 3071 418 1913
321 3098 108 1886
115 3116 296 1868
290 3120 165 1864
395 3195 394 1789
83 3196 49 1788
29 3207 91 1777
150 3240 406 1744
327 3243 56 1741
139 3271 401 1713
254 3276 277 1708
116 3304 216 1680
368 3393 75 1591
34 3466 16 1518
284 3547 308 1437
437 3561 246 1423
203 3601 167 1383
427 3601 459 1383
62 3625 35 1359
485 3687 460 1297
11 3688 297 1296
304 3693 7 1291
101 3703 241 1281
121 3705 211 1279
215 3750 129 1234
387 3755 364 1229
293 3756 425 1228
41 3782 374 1202
186 3786 448 1198
375 3801 458 1183
33 3811 389 1173
193 3844 269 1140
90 3856 219 1128
154 3856 352 1128
257 3894 456 1090
159 4000 229 984
404 4006 358 978
36 4009 313 975
85 4017 268 967
120 4023 378 961
402 4024 205 960
400 4039 281 945
103 4062 71 922
78 4084 86 900
390 4129 440 855
343 4181 190 803
474 4216 157 768
311 4235 58 749
398 4258 430 726
96 4283 52 701
334 4288 99 696
185 4289 312 695
111 4311 326 673
350 4318 432 666
109 4323 330 661
228 4330 342 654
264 4338 218 646
74 4355 143 629
393 4368 105 616
39 4377 118 607
12 4399 225 585
25 4400 331 584
303 4422 26 562
131 4431 128 553
314 4461 381 523
397 4467 453 517
431 4467 305 517
197 4470 447 514
37 4473 230 511
40 4484 345 500
98 4520 495 464
50 4525 422 459
365 4527 198 457
238 4550 188 434
476 4590 441 394
200 4643 382 341
17 4646 132 338
477 4667 360 317
201 4697 309 287
224 4706 263 278
489 4706 288 278
22 4707 318 277
214 4714 302 270
256 4714 199 270
80 4715 260 269
47 4716 405 268
383 4718 369 266
328 4719 289 265
148 4731 239 253
457 4737 164 247
452 4739 429 245
171 4740 179 244
294 4740 141 244
276 4741 195 243
445 4741 209 243
13 4743 408 241
247 4743 377 241
357 4748 337 236
125 4749 82 235
142 4749 484 235
443 4749 372 235
114 4750 444 234
222 4750 180 234
158 4751 496 233
295 4753 442 231
271 4761 273 223
373 4764 436 220
310 4768 391 216
105 4770 113 214
118 4773 248 211
165 4773 433 211
93 4774 94 210
376 4775 66 209
61 4777 340 207
332 4777 388 207
270 4779 70 205
473 4780 341 204
143 4782 315 202
286 4783 100 201
331 4783 333 201
465 4784 481 200
253 4788 43 196
60 4789 231 195
225 4790 478 194
76 4791 413 193
42 4796 396 188
145 4801 278 183
26 4803 21 181
108 4803 417 181
218 4804 172 180
432 4805 127 179
342 4806 483 178
296 4809 88 175
56 4810 156 174
330 4810 95 174
128 4811 192 173
279 4813 497 171
280 4813 435 171
3 4814 475 170
51 4815 492 169
326 4815 410 169
216 4818 18 166
49 4820 170 164
91 4822 494 162
487 4822 137 162
97 4823 54 161
345 4824 81 160
230 4827 67 157
394 4827 336 157
420 4827 178 157
87 4828 245 156
447 4829 23 155
57 4831 168 153
363 4832 138 152
401 4833 129 151
277 4834 414 150
71 4838 460 146
324 4838 92 146
86 4839 15 145
281 4840 297 144
381 4840 344 144
471 4840 241 144
366 4841 7 143
305 4842 211 142
19 4844 364 140
136 4844 134 140
291 4844 48 140
453 4844 379 140
205 4846 244 138
440 4847 236 137
406 4848 122 136
434 4849 263 135
316 4854 146 130
312 4855 425 129
495 4859 309 125
322 4861 269 123
99 4863 470 121
422 4863 288 121
456 4864 282 120
58 4865 318 119
198 4865 219 119
306 4866 439 118
208 4867 167 117
31 4870 302 114
301 4870 164 114
268 4871 429 113
418 4871 179 113
52 4872 100 112
59 4872 396 112
255 4872 315 112
298 4873 43 111
65 4874 478 110
75 4875 340 109
430 4875 333 109
157 4876 278 108
378 4876 231 108
175 4878 199 106
24 4882 149 102
188 4884 70 100
122 4888 35 96
236 4888 21 96
263 4888 374 96
379 4888 341 96
173 4889 162 95
244 4889 66 95
439 4891 413 93
48 4892 388 92
134 4892 248 92
146 4892 141 92
167 4892 127 92
425 4892 94 92
164 4893 481 91
179 4893 433 91
302 4893 417 91
315 4893 391 91
396 4893 239 91
429 4893 172 91
43 4894 113 90
46 4894 195 90
100 4894 459 90
364 4894 436 90
449 4894 369 90
478 4894 209 90
7 4895 88 89
211 4895 82 89
333 4895 483 89
340 4895 408 89
219 4896 337 88
231 4896 273 88
278 4896 260 88
309 4896 405 88
313 4896 360 88
73 4897 484 87
190 4897 424 87
318 4897 72 87
199 4898 377 86
269 4898 156 86
288 4898 289 86
358 4898 442 86
470 4898 389 86
227 4899 372 85
282 4899 144 85
241 4900 308 84
149 4902 95 82
389 4903 496 81
442 4903 444 81
70 4904 180 80
144 4904 497 80
289 4904 448 80
308 4904 192 80
192 4904 32 80
32 4904 458 80
458 4903 435 81
435 4901 475 83
475 4895 132 89
132 4889 492 95
492 4881 382 103
382 4872 246 112
246 4858 410 126
410 4843 170 141
170 4823 18 161
18 4803 107 181
107 4781 494 203
494 4758 161 226
161 4735 54 249
54 4709 137 275
137 4682 229 302
229 4654 426 330
426 4625 352 359
352 4579 67 405
67 4532 81 452
81 4483 336 501
336 4430 178 554
178 4376 23 608
23 4322 245 662
245 4267 392 717
392 4211 168 773
168 4155 138 829
138 4099 129 885
129 4038 441 946
441 3976 460 1008
460 3911 414 1073
414 3846 16 1138
16 3779 92 1205
92 3709 15 1275
15 3638 297 1346
297 3565 113 1419
113 3492 481 1492
481 3418 433 1566
433 3344 417 1640
417 3270 391 1714
391 3196 388 1788
388 3122 248 1862
248 3048 239 1936
239 2974 195 2010
195 2900 172 2084
172 2826 141 2158
141 2752 127 2232
127 2678 94 2306
94 2604 491 2380
491 2529 459 2455
459 2454 413 2530
413 2379 337 2605
337 2304 273 2680
273 2229 260 2755
260 2154 88 2830
88 2079 82 2905
82 2004 484 2980
484 1928 483 3056
483 1852 436 3132
436 1776 408 3208
408 1700 405 3284
405 1624 369 3360
369 1548 360 3436
360 1472 209 3512
209 1396 162 3588
162 1320 66 3664
66 1244 35 3740
35 1168 21 3816
21 1092 424 3892
424 1015 377 3969
377 938 374 4046
374 861 341 4123
341 784 180 4200
180 707 72 4277
72 630 496 4354
496 552 444 4432
444 474 344 4510
344 396 95 4588
95 318 497 4666
497 239 156 4745
156 160 448 4824
448 80 372 4904
449 2 419 4629
76 25 5 4606
154 64 92 4567
128 71 328 4560
411 107 245 4524
160 128 385 4503
42 150 426 4481
343 162 41 4469
260 176 312 4455
238 189 454 4442
272 191 222 4440
352 198 339 4433
4 224 113 4407
31 275 284 4356
297 277 497 4354
209 288 346 4343
490 293 457 4338
56 333 325 4298
340 350 491 4281
8 360 465 4271
211 422 448 4209
89 444 358 4187
364 564 487 4067
341 588 258 4043
289 603 315 4028
26 619 43 4012
254 689 442 3942
116 706 61 3925
66 742 47 3889
435 742 176 3889
409 755 111 3876
3 760 443 3871
459 770 7 3861
167 774 256 3857
401 796 439 3835
1 799 481 3832
29 813 199 3818
436 822 178 3809
138 823 387 3808
249 845 265 3786
354 864 376 3767
234 883 75 3748
402 906 471 3725
313 916 146 3715
81 932 184 3699
225 933 172 3698
220 961 287 3670
206 1011 391 3620
85 1026 382 3605
34 1035 274 3596
486 1035 367 3596
286 1097 201 3534
288 1097 422 3534
425 1097 63 3534
296 1103 148 3528
187 1105 311 3526
441 1145 301 3486
268 1150 406 3481
360 1156 295 3475
48 1178 461 3453
79 1203 250 3428
194 1204 39 3427
232 1204 370 3427
38 1226 224 3405
281 1242 78 3389
114 1251 10 3380
202 1254 102 3377
158 1262 309 3369
350 1263 162 3368
291 1273 474 3358
308 1280 482 3351
124 1300 318 3331
445 1340 408 3291
23 1368 342 3263
263 1380 335 3251
384 1438 310 3193
365 1439 253 3192
11 1472 336 3159
344 1505 33 3126
236 1550 200 3081
192 1561 262 3070
380 1572 155 3059
137 1575 323 3056
96 1594 485 3037
32 1616 36 3015
460 1620 87 3011
366 1631 303 3000
68 1657 101 2974
421 1662 179 2969
452 1663 353 2968
77 1692 417 2939
383 1770 119 2861
193 1780 103 2851
337 1780 349 2851
149 1803 251 2828
72 1808 136 2823
35 1840 475 2791
293 1846 300 2785
83 1851 495 2780
55 1866 400 2765
414 1877 135 2754
237 1894 357 2737
171 1938 488 2693
378 1956 331 2675
69 1968 404 2663
332 1969 84 2662
261 1972 438 2659
429 1979 427 2652
321 2009 257 2622
16 2016 15 2615
90 2024 161 2607
156 2034 388 2597
215 2038 64 2593
416 2063 205 2568
345 2074 356 2557
142 2093 499 2538
159 2105 269 2526
398 2136 267 2495
338 2140 95 2491
394 2146 275 2485
393 2163 216 2468
240 2182 330 2449
210 2188 273 2443
413 2195 359 2436
229 2236 252 2395
299 2253 246 2378
270 2273 140 2358
50 2287 266 2344
186 2377 276 2254
241 2377 13 2254
403 2421 244 2210
230 2465 280 2166
282 2468 52 2163
122 2473 88 2158
182 2484 180 2147
351 2511 203 2120
223 2523 106 2108
278 2535 44 2096
185 2547 46 2084
292 2575 399 2056
392 2601 217 2030
49 2622 60 2009
164 2652 361 1979
294 2652 226 1979
181 2680 348 1951
139 2693 407 1938
165 2724 248 1907
30 2726 373 1905
118 2727 326 1904
500 2746 152 1885
104 2763 9 1868
432 2775 53 1856
107 2788 129 1843
20 2793 112 1838
19 2861 390 1770
105 2878 322 1753
127 2894 221 1737
166 2919 58 1712
431 2936 277 1695
208 2967 423 1664
212 2968 130 1663
126 3066 37 1565
469 3092 174 1539
451 3118 93 1513
363 3125 304 1506
157 3129 298 1502
218 3143 379 1488
227 3149 57 1482
285 3157 131 1474
329 3158 100 1473
40 3162 153 1469
395 3164 375 1467
94 3171 255 1460
492 3177 386 1454
410 3191 191 1440
190 3209 12 1422
381 3218 334 1413
368 3219 235 1412
99 3251 264 1380
498 3274 188 1357
25 3309 433 1322
333 3312 67 1319
271 3332 125 1299
444 3341 17 1290
145 3344 302 1287
477 3366 347 1265
480 3368 173 1263
377 3383 109 1248
28 3402 306 1229
150 3403 455 1228
219 3410 120 1221
98 3418 415 1213
458 3432 447 1199
231 3434 456 1197
170 3466 476 1165
290 3472 434 1159
478 3496 389 1135
175 3563 54 1068
314 3563 450 1068
420 3564 123 1067
371 3569 320 1062
496 3577 18 1054
396 3603 467 1028
484 3628 147 1003
307 3633 362 998
189 3640 82 991
462 3706 319 925
86 3717 2 914
233 3720 243 911
374 3731 466 900
468 3734 177 897
59 3735 6 896
169 3741 228 890
369 3771 65 860
397 3777 483 854
424 3825 47 806
324 3855 45 776
97 3912 176 719
207 3944 443 687
51 3971 61 660
412 3973 7 658
110 3991 111 640
493 3999 442 632
494 4002 439 629
183 4009 481 622
62 4010 256 621
473 4022 198 609
355 4053 199 578
316 4073 117 558
143 4123 376 508
197 4123 327 508
134 4154 265 477
437 4156 75 475
228 4166 178 465
6 4167 258 464
18 4169 43 462
467 4175 315 456
483 4177 387 454
362 4182 487 449
82 4183 242 448
456 4184 471 447
65 4185 201 446
120 4192 479 439
147 4196 440 435
415 4198 422 433
434 4198 391 433
476 4198 274 433
320 4201 382 430
447 4205 163 426
195 4213 428 418
389 4214 14 417
47 4217 287 414
22 4223 280 408
466 4237 367 394
472 4237 52 394
151 4239 184 392
243 4239 172 392
177 4240 41 391
123 4243 63 388
45 4245 385 386
319 4245 426 386
2 4252 146 379
455 4261 245 370
450 4265 312 366
91 4269 276 362
54 4270 454 361
453 4284 244 347
306 4291 103 340
74 4293 448 338
176 4295 119 336
173 4296 88 335
168 4298 358 333
302 4299 251 332
279 4301 349 330
109 4303 71 328
264 4312 92 319
347 4313 203 318
80 4315 141 316
235 4318 491 313
188 4320 328 311
443 4326 301 305
24 4329 246 302
334 4332 446 299
70 4340 284 291
67 4343 406 288
125 4345 257 286
27 4347 252 284
433 4348 13 283
7 4352 46 279
17 4352 161 279
61 4353 44 278
372 4359 106 272
191 4365 325 266
111 4369 15 262
386 4369 485 262
442 4375 155 256
12 4376 346 255
481 4376 180 255
256 4377 465 254
198 4378 300 253
439 4378 295 253
464 4381 5 250
255 4383 404 248
463 4395 262 236
375 4396 36 235
21 4400 457 231
199 4406 331 225
100 4407 475 224
153 4407 497 224
117 4410 419 221
259 4425 136 206
214 4430 101 201
115 4438 248 193
287 4449 148 182
327 4450 400 181
274 4453 348 178
14 4454 311 177
280 4454 200 177
391 4454 323 177
382 4455 247 176
376 4456 438 175
428 4456 488 175
163 4459 84 172
426 4462 495 169
385 4464 217 167
52 4465 427 166
63 4465 222 166
172 4465 499 166
184 4465 269 166
41 4466 273 165
489 4466 140 165
146 4467 303 164
367 4467 399 164
422 4469 359 162
201 4473 266 158
471 4473 135 158
57 4475 430 156
245 4475 33 156
440 4476 250 155
131 4477 330 154
312 4477 87 154
479 4478 60 153
265 4479 417 152
276 4480 179 151
454 4480 407 151
75 4481 361 150
130 4482 356 149
258 4485 113 146
43 4486 226 145
178 4488 132 143
277 4489 388 142
73 4490 275 141
71 4491 373 140
88 4491 216 140
242 4491 121 140
244 4491 64 140
315 4491 95 140
358 4491 205 140
379 4491 357 140
387 4491 267 140
251 4492 461 139
119 4493 339 138
144 4493 335 138
349 4493 310 138
448 4493 78 138
487 4493 283 138
203 4496 353 135
92 4497 39 134
103 4497 336 134
141 4498 342 133
491 4499 253 132
423 4500 133 131
58 4501 408 130
328 4501 224 130
196 4503 10 128
301 4506 370 125
246 4508 326 123
446 4510 390 121
406 4515 102 116
284 4516 318 115
239 4517 322 114
257 4517 162 114
304 4517 309 114
252 4518 474 113
13 4519 482 112
93 4521 9 110
161 4521 418 110
298 4521 213 110
44 4522 152 109
46 4522 317 109
174 4522 53 109
106 4527 112 104
204 4527 129 104
325 4531 405 100
37 4533 221 98
221 4517 132 114
132 4500 388 131
388 4482 275 149
275 4464 373 167
373 4445 226 186
226 4426 113 205
113 4407 216 224
216 4387 121 244
121 4367 64 264
64 4347 427 284
427 4326 217 305
217 4305 179 326
179 4284 95 347
95 4263 495 368
495 4241 430 390
430 4219 417 412
417 4197 407 434
407 4175 356 456
356 4153 330 478
330 4131 250 500
250 4109 222 522
222 4087 87 544
87 4065 60 566
60 4043 33 588
33 4021 361 610
361 3998 266 633
266 3975 205 656
205 3952 135 679
135 3929 499 702
499 3905 357 726
357 3881 269 750
269 3857 267 774
267 3833 84 798
84 3809 438 822
438 3784 311 847
311 3759 247 872
247 3734 200 897
200 3709 488 922
488 3683 348 948
348 3657 323 974
323 3631 461 1000
461 3604 359 1027
359 3577 273 1054
273 3550 339 1081
339 3522 335 1109
335 3494 310 1137
310 3466 303 1165
303 3438 140 1193
140 3410 78 1221
78 3382 400 1249
400 3353 399 1278
399 3324 353 1307
353 3295 283 1336
283 3266 148 1365
148 3237 39 1394
39 3208 342 1423
342 3178 336 1453
336 3148 408 1483
408 3116 133 1515
133 3084 253 1547
253 3051 224 1580
224 3017 370 1614
370 2979 326 1652
326 2941 10 1690
10 2902 248 1729
248 2862 101 1769
101 2815 305 1816
305 2766 136 1865
136 2714 390 1917
390 2661 102 1970
102 2607 322 2024
322 2552 318 2079
318 2497 162 2134
162 2440 309 2191
309 2382 482 2249
482 2323 474 2308
474 2264 9 2367
9 2205 108 2426
108 2145 418 2486
418 2082 419 2549
419 2016 475 2615
475 1948 331 2683
331 1880 497 2751
497 1811 213 2820
213 1742 152 2889
152 1671 470 2960
470 1599 457 3032
457 1525 262 3106
262 1448 36 3183
36 1371 317 3260
317 1291 53 3340
53 1205 404 3426
404 1116 5 3515
5 1027 112 3604
112 937 346 3694
346 845 300 3786
300 753 295 3878
295 661 155 3970
155 569 465 4062
465 476 180 4155
180 383 405 4248
405 289 129 4342
129 195 15 4436
15 98 485 4533
467 50 487 4800
14 62 405 4788
455 128 25 4722
200 139 69 4711
193 150 94 4700
241 152 443 4698
120 156 431 4694
50 183 34 4667
219 200 204 4650
136 218 99 4632
483 225 171 4625
413 228 407 4622
198 266 389 4584
129 275 338 4575
158 275 313 4575
492 307 54 4543
428 315 259 4535
48 319 327 4531
179 350 400 4500
486 353 270 4497
357 355 314 4495
472 359 252 4491
145 392 453 4458
426 414 375 4436
345 450 79 4400
254 452 242 4398
278 458 227 4392
172 488 81 4362
39 497 132 4353
293 538 138 4312
325 566 354 4284
268 583 390 4267
203 627 411 4223
442 725 430 4125
359 760 243 4090
488 761 347 4089
450 783 78 4067
75 818 336 4032
191 820 318 4030
121 826 429 4024
333 845 7 4005
140 865 33 3985
320 867 139 3983
113 879 76 3971
342 906 319 3944
463 908 101 3942
95 943 332 3907
58 949 233 3901
57 953 106 3897
266 953 177 3897
146 961 234 3889
40 1002 168 3848
49 1004 6 3846
213 1004 273 3846
476 1004 365 3846
448 1013 15 3837
222 1021 494 3829
209 1038 108 3812
421 1051 309 3799
326 1113 43 3737
244 1157 383 3693
217 1199 291 3651
412 1290 445 3560
374 1296 37 3554
26 1330 477 3520
335 1356 402 3494
183 1402 398 3448
396 1431 440 3419
208 1442 422 3408
288 1448 62 3402
256 1473 184 3377
236 1477 122 3373
349 1485 475 3365
439 1488 387 3362
147 1524 154 3326
470 1538 378 3312
284 1560 125 3290
344 1573 10 3277
246 1576 65 3274
32 1578 307 3272
16 1604 306 3246
23 1681 166 3169
321 1726 27 3124
11 1738 161 3112
258 1760 500 3090
418 1813 248 3037
162 1856 190 2994
19 1901 47 2949
87 1909 231 2941
341 1918 127 2932
499 1950 300 2900
404 1974 305 2876
420 1983 5 2867
192 2005 143 2845
155 2008 382 2842
479 2016 228 2834
384 2045 103 2805
493 2045 444 2805
410 2060 350 2790
13 2087 457 2763
128 2104 71 2746
283 2112 109 2738
187 2156 130 2694
310 2218 17 2632
464 2229 414 2621
42 2235 394 2615
340 2253 52 2597
473 2262 174 2588
324 2264 51 2586
417 2271 491 2579
45 2297 299 2553
368 2302 441 2548
392 2305 262 2545
9 2308 285 2542
379 2335 433 2515
304 2383 102 2467
2 2403 88 2447
346 2405 436 2445
215 2437 12 2413
469 2466 214 2384
255 2477 388 2373
185 2488 28 2362
205 2508 116 2342
303 2530 372 2320
495 2536 322 2314
197 2537 376 2313
367 2537 295 2313
292 2542 454 2308
393 2584 416 2266
498 2585 46 2265
331 2587 20 2263
361 2593 61 2257
55 2611 169 2239
290 2646 316 2204
280 2673 330 2177
485 2679 1 2171
96 2714 282 2136
115 2759 311 2091
294 2808 114 2042
137 2810 385 2040
141 2886 112 1964
221 2887 296 1963
181 2894 403 1956
91 2901 260 1949
239 2919 373 1931
142 2977 36 1873
451 2996 223 1854
465 3008 82 1842
287 3033 434 1817
224 3038 460 1812
170 3087 150 1763
83 3093 232 1757
226 3108 35 1742
117 3119 245 1731
238 3165 68 1685
251 3180 89 1670
391 3194 63 1656
8 3208 466 1642
352 3211 210 1639
446 3246 21 1604
302 3326 235 1524
415 3335 468 1515
362 3346 85 1504
201 3353 74 1497
18 3369 176 1481
229 3374 152 1476
163 3379 265 1471
323 3409 343 1441
186 3410 289 1440
364 3438 188 1412
337 3456 73 1394
339 3475 64 1375
216 3493 44 1357
437 3506 406 1344
148 3511 30 1339
301 3518 267 1332
257 3560 207 1290
67 3584 425 1266
100 3614 381 1236
110 3621 249 1229
424 3635 53 1215
156 3651 277 1199
151 3667 452 1183
408 3668 56 1182
97 3681 173 1169
189 3685 356 1165
377 3701 370 1149
480 3732 211 1118
399 3733 22 1117
397 3736 459 1114
432 3750 490 1100
66 3752 253 1098
297 3761 196 1089
144 3765 195 1085
237 3785 261 1065
164 3830 38 1020
157 3837 462 1013
134 3855 178 995
478 3858 90 992
59 3865 366 985
279 3874 159 976
212 3932 395 918
111 3938 435 912
298 3960 131 890
182 4017 165 833
484 4024 86 826
263 4043 315 807
167 4048 149 802
230 4050 456 800
70 4081 276 769
312 4104 489 746
160 4112 133 738
77 4113 353 737
29 4115 355 735
269 4117 497 733
317 4134 369 716
72 4140 351 710
194 4199 438 651
41 4207 360 643
175 4252 275 598
386 4255 84 595
92 4266 271 584
272 4270 447 580
423 4288 126 562
107 4306 104 544
31 4321 281 529
105 4325 153 525
328 4326 225 524
93 4344 119 506
308 4376 458 474
461 4376 380 474
363 4401 124 449
123 4422 4 428
227 4508 471 342
375 4512 334 338
242 4526 80 324
98 4527 3 323
132 4531 358 319
79 4533 329 317
202 4536 60 314
81 4538 427 312
453 4542 322 308
274 4546 449 304
371 4555 376 295
180 4563 372 287
252 4565 496 285
138 4569 474 281
135 4576 223 274
354 4576 116 274
348 4584 82 266
390 4588 36 262
286 4590 434 260
218 4593 419 257
309 4615 214 235
494 4615 28 235
365 4617 414 233
15 4621 482 229
108 4626 388 224
411 4631 295 219
234 4634 17 216
24 4635 88 215
273 4636 235 214
481 4641 174 209
76 4643 468 207
347 4646 102 204
247 4649 68 201
78 4650 52 200
177 4654 305 196
6 4664 12 186
243 4666 403 184
314 4666 85 184
319 4666 436 184
101 4667 466 183
318 4667 416 183
118 4668 296 182
429 4670 114 180
139 4673 112 177
43 4674 63 176
168 4674 385 176
401 4674 373 176
430 4674 46 176
106 4675 21 175
270 4678 260 172
332 4683 89 167
336 4684 299 166
233 4685 245 165
7 4686 74 164
327 4686 35 164
307 4689 394 161
400 4693 169 157
259 4695 152 155
225 4696 300 154
54 4697 20 153
33 4698 454 152
313 4698 176 152
153 4703 143 147
119 4704 51 146
383 4704 5 146
306 4710 61 140
380 4712 150 138
65 4714 232 136
4 4718 130 132
407 4720 210 130
458 4720 207 130
124 4721 285 129
497 4727 262 123
291 4731 460 119
409 4731 441 119
475 4732 330 118
387 4733 311 117
122 4738 491 112
355 4740 316 110
351 4741 433 109
369 4741 231 109
338 4742 127 108
184 4745 47 105
261 4745 103 105
389 4745 382 105
353 4748 265 102
10 4749 381 101
125 4750 30 100
34 4751 249 99
195 4751 406 99
322 4753 350 97
60 4754 71 96
378 4754 44 96
427 4754 457 96
358 4755 109 95
449 4755 444 95
329 4756 425 94
37 4758 452 92
376 4760 267 90
116 4761 53 89
223 4761 228 89
171 4762 73 88
154 4763 56 87
99 4764 277 86
434 4764 64 86
474 4764 1 86
104 4765 282 85
419 4766 343 84
82 4767 190 83
199 4767 188 83
204 4767 289 83
372 4768 173 82
496 4768 211 82
477 4770 356 80
36 4771 220 79
462 4771 206 79
133 4772 165 78
253 4772 86 78
366 4772 248 78
196 4773 370 77
3 4774 25 76
38 4778 315 72
281 4778 250 72
250 4777 316 73
316 4774 433 76
433 4770 231 80
231 4766 94 84
94 4762 491 88
491 4757 47 93
47 4752 460 98
460 4746 127 104
127 4740 103 110
103 4734 441 116
441 4727 265 123
265 4719 71 131
71 4711 44 139
44 4703 350 147
350 4694 330 156
330 4685 311 165
311 4676 262 174
262 4667 249 183
249 4658 30 192
30 4649 457 201
457 4639 381 211
381 4629 406 221
406 4618 382 232
382 4607 109 243
109 4596 69 254
69 4585 22 265
22 4574 444 276
444 4562 130 288
130 4549 500 301
500 4535 425 315
425 4521 277 329
277 4507 210 343
210 4493 56 357
56 4479 452 371
452 4464 285 386
285 4449 207 401
207 4434 73 416
73 4419 53 431
53 4404 267 446
267 4388 232 462
232 4372 228 478
228 4356 190 494
190 4340 64 510
64 4324 1 526
1 4308 343 542
343 4291 282 559
282 4274 150 576
150 4257 398 593
398 4239 61 611
61 4221 27 629
27 4202 443 648
443 4182 188 668
188 4162 275 688
275 4140 149 710
149 4118 131 732
131 4096 289 754
289 4073 143 777
143 4050 84 800
84 4027 51 823
51 4004 5 846
5 3981 161 869
161 3957 395 893
395 3932 152 918
152 3907 454 943
454 3881 300 969
300 3855 240 995
240 3829 20 1021
20 3803 271 1047
271 3776 176 1074
176 3749 169 1101
169 3722 394 1128
394 3692 440 1158
440 3660 245 1190
245 3628 74 1222
74 3596 35 1254
35 3564 299 1286
299 3531 89 1319
89 3498 431 1352
431 3462 435 1388
435 3425 173 1425
173 3388 112 1462
112 3351 63 1499
63 3314 385 1536
385 3276 260 1574
260 3238 403 1612
403 3199 373 1651
373 3160 46 1690
46 3121 21 1729
21 3082 276 1768
276 3042 114 1808
114 3002 85 1848
85 2962 12 1888
12 2922 422 1928
422 2881 466 1969
466 2839 436 2011
436 2797 296 2053
296 2755 416 2095
416 2712 356 2138
356 2668 220 2182
220 2623 211 2227
211 2578 487 2272
487 2531 126 2319
126 2484 489 2366
489 2435 165 2415
165 2386 86 2464
86 2337 305 2513
305 2287 206 2563
206 2237 438 2613
438 2186 447 2664
447 2134 445 2716
445 2082 248 2768
248 2030 52 2820
52 1977 405 2873
405 1923 68 2927
68 1869 402 2981
402 1813 102 3037
102 1756 80 3094
80 1699 471 3151
471 1641 468 3209
468 1583 174 3267
174 1525 17 3325
17 1465 295 3385
295 1404 235 3446
235 1343 88 3507
88 1282 214 3568
214 1220 388 3630
388 1156 315 3694
315 1092 166 3758
166 1028 370 3822
370 963 360 3887
360 898 25 3952
25 833 62 4017
62 767 482 4083
482 700 90 4150
90 633 178 4217
178 565 28 4285
28 496 414 4354
414 426 490 4424
490 355 459 4495
459 284 456 4566
456 213 334 4637
334 142 264 4708
264 71 159 4779
471 24 147 4571
16 37 452 4558
121 44 158 4551
13 50 165 4545
379 62 386 4533
75 74 8 4521
405 116 81 4479
110 130 444 4465
398 184 308 4411
200 195 56 4400
418 230 474 4365
182 282 94 4313
332 287 374 4308
204 296 131 4299
312 319 101 4276
178 338 443 4257
270 347 145 4248
357 387 74 4208
402 395 248 4200
175 404 425 4191
222 427 472 4168
265 442 382 4153
42 454 384 4141
68 487 491 4108
97 519 225 4076
470 528 351 4067
153 568 184 4027
393 569 359 4026
419 578 299 4017
55 594 171 4001
348 631 303 3964
485 643 484 3952
445 692 475 3903
464 702 376 3893
434 738 57 3857
26 771 124 3824
168 772 396 3823
324 780 498 3815
66 789 314 3806
92 821 93 3774
319 872 261 3723
183 874 459 3721
242 887 160 3708
137 894 61 3701
90 913 146 3682
170 932 234 3663
7 935 294 3660
142 993 378 3602
352 1033 29 3562
98 1043 194 3552
451 1060 118 3535
6 1102 337 3493
196 1159 73 3436
438 1159 141 3436
262 1185 181 3410
249 1195 320 3400
208 1220 138 3375
273 1233 240 3362
364 1247 437 3348
400 1250 282 3345
392 1261 266 3334
30 1263 104 3332
260 1280 233 3315
193 1281 365 3314
154 1307 1 3288
250 1324 429 3271
18 1325 335 3270
313 1325 119 3270
256 1353 17 3242
202 1409 114 3186
394 1425 140 3170
373 1460 411 3135
277 1467 186 3128
41 1495 244 3100
251 1501 70 3094
89 1534 150 3061
44 1545 342 3050
377 1557 344 3038
500 1566 54 3029
47 1582 189 3013
185 1589 493 3006
21 1610 60 2985
176 1628 426 2967
125 1642 72 2953
78 1656 45 2939
408 1673 22 2922
40 1686 152 2909
133 1691 108 2904
195 1706 304 2889
432 1739 62 2856
253 1751 149 2844
187 1770 216 2825
355 1813 201 2782
220 1823 226 2772
346 1836 95 2759
278 1850 316 2745
241 1870 305 2725
122 1912 499 2683
258 1912 33 2683
148 1922 358 2673
207 1923 422 2672
173 1925 254 2670
199 1931 406 2664
221 1979 50 2616
328 2029 264 2566
127 2079 389 2516
128 2160 333 2435
71 2172 297 2423
302 2194 497 2401
156 2209 383 2386
117 2219 58 2376
375 2238 14 2357
466 2329 345 2266
77 2330 32 2265
300 2332 5 2263
3 2335 164 2260
243 2343 368 2252
180 2422 350 2173
311 2437 155 2158
310 2450 113 2145
366 2481 109 2114
479 2482 136 2113
395 2508 450 2087
288 2510 276 2085
135 2524 82 2071
477 2524 367 2071
353 2534 391 2061
318 2580 112 2015
31 2619 76 1976
46 2633 100 1962
317 2660 64 1935
280 2662 43 1933
67 2675 356 1920
295 2699 255 1896
96 2704 424 1891
271 2711 198 1884
385 2761 416 1834
446 2792 27 1803
370 2821 230 1774
486 2878 455 1717
51 2913 409 1682
83 2915 279 1680
126 2942 4 1653
115 2959 80 1636
290 2979 369 1616
163 2987 448 1608
401 3005 287 1590
215 3012 341 1583
449 3021 326 1574
430 3037 461 1558
116 3050 399 1545
329 3079 435 1516
415 3083 239 1512
267 3103 447 1492
354 3109 301 1486
232 3119 205 1476
361 3126 190 1469
371 3128 48 1467
388 3148 387 1447
25 3161 309 1434
252 3174 272 1421
281 3174 37 1421
458 3175 381 1420
91 3191 489 1404
99 3191 454 1404
217 3217 247 1378
224 3260 285 1335
492 3323 69 1272
460 3328 380 1267
286 3329 347 1266
65 3372 2 1223
237 3377 421 1218
481 3407 188 1188
235 3415 283 1180
490 3415 144 1180
433 3432 298 1163
412 3438 427 1157
212 3451 213 1144
360 3466 20 1129
496 3473 414 1122
469 3489 151 1106
86 3509 259 1086
172 3520 390 1075
323 3520 478 1075
482 3542 223 1053
436 3548 417 1047
179 3549 52 1046
428 3580 321 1015
372 3600 53 995
413 3611 480 984
211 3643 343 952
132 3695 166 900
79 3714 19 881
203 3715 63 880
420 3722 483 873
120 3753 257 842
363 3753 210 842
468 3754 245 841
192 3781 327 814
291 3790 336 805
338 3805 102 790
268 3819 107 776
334 3834 246 761
362 3892 84 703
407 3897 238 698
397 3906 130 689
325 3909 143 686
442 3924 10 671
49 3958 315 637
410 3959 289 636
24 3968 488 627
129 3985 85 610
177 4015 439 580
495 4025 340 570
162 4083 440 512
487 4114 139 481
206 4119 38 476
462 4131 161 464
293 4163 339 432
269 4212 476 383
8 4224 191 371
306 4237 36 358
219 4239 441 356
157 4248 87 347
467 4250 15 345
35 4251 106 344
81 4262 307 333
444 4264 463 331
165 4275 105 320
386 4286 274 309
228 4289 103 306
158 4296 453 299
147 4305 423 290
308 4305 28 290
56 4308 236 287
474 4309 34 286
452 4312 39 283
374 4354 284 241
131 4356 465 239
94 4358 330 237
331 4361 403 234
159 4369 431 226
101 4375 218 220
119 4393 12 202
443 4393 36 202
145 4396 87 199
263 4399 275 196
335 4399 15 196
1 4403 441 192
429 4405 476 190
299 4407 191 188
365 4412 106 183
349 4416 229 179
171 4419 274 176
227 4419 307 176
17 4420 59 175
248 4420 105 175
406 4424 174 171
425 4425 134 170
74 4430 463 165
254 4435 111 160
104 4439 103 156
472 4439 139 156
382 4440 2 155
484 4442 339 153
233 4444 161 151
359 4446 38 149
384 4446 380 149
303 4450 69 145
169 4451 440 144
473 4452 423 143
491 4456 494 139
209 4457 453 138
498 4459 435 136
11 4463 287 132
57 4463 197 132
351 4464 284 131
114 4465 28 130
404 4465 236 130
314 4467 347 128
225 4468 167 127
45 4469 341 126
50 4469 239 126
282 4471 448 124
240 4472 205 123
396 4472 369 123
184 4475 190 120
140 4478 34 117
437 4478 447 117
266 4480 399 115
376 4480 301 115
22 4482 456 113
152 4484 322 111
231 4484 272 111
108 4485 48 110
475 4491 283 104
124 4493 461 102
304 4493 309 102
198 4497 80 98
93 4499 450 96
320 4500 188 95
62 4504 39 91
149 4505 489 90
138 4506 247 89
411 4510 345 85
70 4514 144 81
186 4514 409 81
264 4514 340 81
214 4516 326 79
33 4517 285 78
72 4518 84 77
216 4518 387 77
422 4519 350 76
54 4520 238 75
459 4521 439 74
52 4522 109 73
356 4523 454 72
305 4524 298 71
181 4525 297 70
244 4525 136 70
426 4525 32 70
160 4526 4 69
358 4526 23 69
424 4526 279 69
61 4528 37 67
294 4529 381 66
201 4530 330 65
342 4531 257 64
43 4533 210 62
100 4533 465 62
60 4534 421 61
189 4534 455 61
146 4536 333 59
150 4536 73 59
234 4536 85 59
118 4537 19 58
226 4537 383 58
478 4537 497 58
112 4538 403 57
255 4538 427 57
416 4538 88 57
261 4539 113 56
417 4540 213 55
493 4540 166 55
344 4542 488 53
321 4544 155 51
390 4544 5 51
499 4544 315 51
367 4546 164 49
239 4547 296 48
341 4547 431 48
369 4547 289 48
448 4547 368 48
167 4548 483 47
205 4548 63 47
236 4548 20 47
301 4548 14 47
347 4548 457 47
457 4546 246 49
246 4544 58 51
58 4539 414 56
414 4532 343 63
343 4519 130 76
130 4505 107 90
107 4491 29 104
29 4475 10 120
10 4459 378 136
378 4442 12 153
12 4425 337 170
337 4407 230 188
230 4388 111 207
111 4369 141 226
141 4349 143 246
143 4328 123 267
123 4307 102 288
102 4285 327 310
327 4262 476 333
476 4238 463 357
463 4214 191 381
191 4190 106 405
106 4166 9 429
9 4142 441 453
441 4117 229 478
229 4092 421 503
421 4066 333 529
333 4040 297 555
297 4014 275 581
275 3988 274 607
274 3962 210 633
210 3936 36 659
36 3910 465 685
465 3883 307 712
307 3856 298 739
298 3829 151 766
151 3802 87 793
87 3775 37 820
37 3748 27 847
27 3721 15 874
15 3694 4 901
4 3667 455 928
455 3639 454 956
454 3611 381 984
381 3583 257 1012
257 3555 174 1040
174 3527 136 1068
136 3499 134 1096
134 3471 109 1124
109 3443 84 1152
84 3415 32 1180
32 3387 23 1208
23 3359 439 1236
439 3330 330 1265
330 3301 326 1294
326 3272 285 1323
285 3243 279 1352
279 3214 238 1381
238 3185 73 1410
73 3156 59 1439
59 3127 350 1468
350 3097 336 1498
336 3067 194 1528
194 3037 144 1558
144 3007 85 1588
85 2977 409 1618
409 2946 387 1649
387 2915 340 1680
340 2884 105 1711
105 2853 19 1742
19 2822 480 1773
480 2789 383 1806
383 2756 245 1839
245 2723 218 1872
218 2690 103 1905
103 2657 389 1938
389 2623 345 1972
345 2589 292 2006
292 2555 139 2040
139 2521 38 2074
38 2487 497 2108
497 2452 339 2143
339 2417 161 2178
161 2382 403 2213
403 2346 247 2249
247 2310 155 2285
155 2274 69 2321
69 2238 2 2357
2 2202 489 2393
489 2165 316 2430
316 2128 39 2467
39 2091 488 2504
488 2053 427 2542
427 2015 380 2580
380 1977 296 2618
296 1939 164 2656
164 1901 440 2694
440 1862 431 2733
431 1823 289 2772
289 1784 287 2811
287 1745 259 2850
259 1706 213 2889
213 1667 166 2928
166 1628 113 2967
113 1589 88 3006
88 1550 82 3045
82 1511 5 3084
5 1472 368 3123
368 1432 315 3163
315 1392 483 3203
483 1351 450 3244
450 1310 197 3285
197 1269 188 3326
188 1228 80 3367
80 1187 28 3408
28 1146 391 3449
391 1104 284 3491
284 1062 64 3533
64 1020 63 3575
63 978 461 3617
461 935 435 3660
435 892 283 3703
283 849 76 3746
76 806 53 3789
53 763 322 3832
322 719 276 3876
276 675 223 3920
223 631 48 3964
48 587 34 4008
34 543 494 4052
494 498 453 4097
453 453 447 4142
447 408 423 4187
423 363 309 4232
309 318 272 4277
272 273 190 4322
190 228 95 4367
95 183 20 4412
20 138 14 4457
14 93 456 4502
456 47 399 4548
150 33 405 4826
431 69 179 4790
353 97 75 4762
261 99 426 4760
188 121 468 4738
146 139 320 4720
56 175 311 4684
464 175 108 4684
159 187 366 4672
370 197 430 4662
224 218 204 4641
403 237 32 4622
13 239 455 4620
30 259 355 4600
363 267 456 4592
158 283 310 4576
434 306 326 4553
331 341 100 4518
92 412 484 4447
27 414 474 4445
419 415 71 4444
471 418 335 4441
54 424 112 4435
337 433 229 4426
93 438 110 4421
299 445 383 4414
35 455 300 4404
475 470 423 4389
290 504 183 4355
208 517 346 4342
241 526 330 4333
395 526 387 4333
248 530 59 4329
440 543 145 4316
172 548 53 4311
5 574 249 4285
6 631 487 4228
490 634 73 4225
256 681 203 4178
106 718 386 4141
480 722 443 4137
399 732 298 4127
4 762 28 4097
197 763 192 4096
111 784 39 4075
470 813 427 4046
233 827 149 4032
103 830 322 4029
10 849 185 4010
88 849 259 4010
466 870 439 3989
380 875 99 3984
284 893 118 3966
448 915 327 3944
328 924 263 3935
264 926 416 3933
404 941 163 3918
341 951 245 3908
25 979 23 3880
131 1026 156 3833
80 1028 181 3831
324 1071 458 3788
369 1097 19 3762
350 1116 178 3743
222 1124 329 3735
94 1139 306 3720
237 1150 44 3709
157 1153 352 3706
24 1157 95 3702
187 1165 412 3694
52 1195 200 3664
162 1213 177 3646
376 1218 247 3641
460 1234 273 3625
72 1291 358 3568
199 1322 277 3537
371 1337 461 3522
336 1341 174 3518
338 1346 102 3513
190 1352 41 3507
242 1361 469 3498
1 1371 29 3488
226 1373 302 3486
132 1375 48 3484
286 1380 228 3479
65 1400 400 3459
303 1486 64 3373
128 1487 444 3372
459 1496 198 3363
265 1539 14 3320
269 1543 482 3316
462 1565 411 3294
287 1574 211 3285
46 1586 437 3273
388 1594 374 3265
288 1687 297 3172
51 1706 491 3153
79 1719 271 3140
182 1739 3 3120
436 1741 238 3118
433 1789 393 3070
151 1804 169 3055
217 1810 243 3049
334 1826 296 3033
152 1829 473 3030
96 1838 279 3021
134 1856 361 3003
307 1863 170 2996
465 1871 107 2988
428 1880 406 2979
312 1882 281 2977
467 1916 221 2943
205 1993 117 2866
316 2007 345 2852
372 2047 119 2812
272 2069 280 2790
402 2069 285 2790
250 2073 191 2786
50 2083 449 2776
476 2100 389 2759
407 2159 333 2700
492 2159 38 2700
493 2199 180 2660
83 2223 422 2636
308 2235 225 2624
171 2286 382 2573
98 2311 414 2548
167 2317 438 2542
495 2334 375 2525
55 2352 160 2507
472 2365 347 2494
485 2367 478 2492
133 2370 89 2489
147 2416 214 2443
40 2447 401 2412
184 2465 394 2394
409 2538 450 2321
193 2565 11 2294
137 2574 354 2285
500 2623 154 2236
212 2628 230 2231
268 2688 276 2171
254 2727 377 2132
210 2742 421 2117
58 2767 31 2092
141 2775 408 2084
315 2775 398 2084
70 2784 270 2075
207 2807 275 2052
236 2821 251 2038
121 2847 22 2012
246 2853 397 2006
113 2874 391 1985
258 2880 7 1979
18 2933 68 1926
69 2933 255 1926
12 2945 429 1914
114 3007 57 1852
479 3016 442 1843
61 3026 447 1833
351 3040 357 1819
325 3051 9 1808
165 3069 148 1790
176 3100 252 1759
356 3148 231 1711
477 3170 116 1689
348 3178 368 1681
253 3197 164 1662
105 3247 21 1612
124 3286 140 1573
78 3305 488 1554
390 3318 367 1541
138 3326 97 1533
8 3337 410 1522
239 3338 220 1521
342 3400 26 1459
494 3414 417 1445
47 3417 343 1442
82 3425 77 1434
216 3450 62 1409
20 3452 194 1407
76 3464 42 1395
260 3556 218 1303
219 3571 365 1288
339 3576 129 1283
373 3597 175 1262
202 3608 293 1251
349 3670 301 1189
446 3671 142 1188
319 3694 15 1165
122 3742 91 1117
267 3747 143 1112
266 3759 384 1100
67 3767 381 1092
489 3772 227 1087
153 3775 234 1084
305 3802 201 1057
418 3836 195 1023
85 3849 262 1010
17 3872 144 987
173 3891 168 968
126 3924 36 935
209 3938 196 921
499 3945 136 914
130 4003 223 856
90 4004 37 855
396 4015 135 844
109 4023 278 836
441 4025 463 834
413 4036 317 823
115 4040 274 819
420 4062 360 797
294 4069 483 790
496 4070 66 789
359 4072 43 787
257 4100 81 759
314 4177 123 682
309 4186 139 673
457 4208 344 651
323 4220 295 639
104 4221 206 638
498 4251 60 608
289 4260 435 599
497 4284 392 575
161 4286 291 573
432 4325 364 534
454 4330 232 529
45 4338 127 521
318 4349 155 510
283 4353 486 506
445 4358 57 501
292 4359 179 500
379 4396 320 463
166 4403 311 456
362 4413 101 446
313 4420 468 439
186 4451 215 408
213 4482 240 377
49 4518 75 341
374 4574 405 285
86 4575 426 284
84 4584 26 275
415 4590 68 269
486 4600 429 259
179 4601 417 258
57 4603 33 256
127 4603 343 256
43 4605 255 254
155 4605 22 254
340 4620 31 239
238 4621 447 238
81 4629 391 230
66 4634 397 225
320 4634 442 225
271 4636 421 223
483 4637 251 222
311 4639 367 220
360 4639 366 220
206 4643 116 216
295 4646 410 213
101 4649 77 210
304 4652 7 207
468 4654 484 205
3 4656 231 203
297 4657 97 202
491 4657 408 202
262 4660 377 199
393 4661 108 198
144 4662 32 197
221 4666 275 193
243 4667 140 192
435 4667 220 192
473 4667 488 192
60 4668 204 191
291 4670 21 189
392 4671 398 188
169 4673 455 186
198 4674 430 185
281 4675 270 184
406 4675 474 184
168 4676 244 183
279 4676 91 183
14 4677 252 182
482 4677 148 182
296 4679 71 180
215 4685 335 174
400 4686 9 173
437 4687 276 172
444 4689 355 170
481 4691 164 168
170 4693 368 166
361 4693 357 166
411 4693 11 166
211 4694 229 165
107 4697 383 162
232 4697 310 162
123 4698 15 161
195 4698 110 161
36 4700 62 159
139 4700 456 159
364 4701 451 158
136 4702 112 157
452 4705 100 154
240 4711 450 148
196 4713 354 146
64 4714 301 145
201 4714 142 145
117 4716 63 143
274 4717 300 142
344 4719 120 140
191 4723 34 136
228 4725 218 134
345 4725 384 134
463 4725 326 134
48 4726 129 133
449 4731 365 128
189 4734 154 125
317 4734 230 125
302 4735 143 124
234 4740 183 119
385 4740 346 119
75 4741 175 118
37 4742 235 117
278 4743 424 116
389 4746 28 113
135 4752 192 107
223 4752 293 107
285 4752 423 107
280 4754 185 105
87 4758 194 101
119 4760 322 99
38 4765 149 94
227 4765 298 94
245 4768 394 91
453 4785 42 74
332 4787 443 72
425 4787 427 72
29 4788 386 71
426 4790 39 69
23 4793 330 66
333 4795 375 64
405 4796 401 63
95 4797 438 62
469 4797 347 62
26 4798 414 61
412 4799 160 60
68 4801 125 58
2 4802 74 57
22 4802 259 57
180 4802 214 57
255 4803 59 56
343 4804 178 55
33 4805 387 54
41 4807 487 52
194 4808 439 51
429 4808 382 51
102 4809 381 50
185 4809 203 50
322 4809 19 50
417 4809 478 50
422 4809 73 50
73 4806 358 53
358 4802 321 57
321 4796 277 63
277 4789 89 70
89 4782 99 77
99 4773 145 86
145 4762 263 97
263 4750 329 109
329 4737 163 122
163 4723 44 136
44 4708 416 151
416 4692 306 167
306 4676 327 183
327 4657 53 202
53 4638 378 221
378 4618 458 241
458 4593 177 266
177 4567 140 292
140 4541 118 318
118 4515 275 344
275 4488 220 371
220 4460 21 399
21 4432 488 427
488 4403 398 456
398 4374 330 485
330 4345 204 514
204 4316 108 543
108 4287 377 572
377 4257 375 602
375 4227 354 632
354 4197 34 662
34 4167 32 692
32 4137 455 722
455 4106 430 753
430 4075 200 784
200 4044 120 815
120 4013 42 846
42 3982 39 877
39 3951 450 908
450 3919 443 940
443 3887 301 972
301 3855 97 1004
97 3823 408 1036
408 3790 386 1069
386 3757 368 1102
368 3724 300 1135
300 3691 270 1168
270 3658 249 1201
249 3625 231 1234
231 3592 164 1267
164 3559 63 1300
63 3526 474 1333
474 3492 427 1367
427 3458 357 1401
357 3424 355 1435
355 3390 244 1469
244 3356 91 1503
91 3322 9 1537
9 3288 484 1571
484 3253 401 1606
401 3218 335 1641
335 3183 276 1676
276 3148 142 1711
142 3113 7 1746
7 3078 365 1781
365 3042 252 1817
252 3006 154 1853
154 2970 125 1889
125 2934 100 1925
100 2898 74 1961
74 2862 15 1997
15 2826 383 2033
383 2789 310 2070
310 2752 174 2107
174 2715 156 2144
156 2678 110 2181
110 2641 62 2218
62 2604 456 2255
456 2566 438 2293
438 2528 414 2331
414 2490 347 2369
347 2452 273 2407
273 2414 218 2445
218 2376 160 2483
160 2338 77 2521
77 2300 461 2559
461 2261 410 2598
410 2222 229 2637
229 2183 112 2676
112 2144 16 2715
16 2105 11 2754
11 2066 451 2793
451 2026 148 2833
148 1986 129 2873
129 1946 71 2913
71 1906 384 2953
384 1865 326 2994
326 1824 259 3035
259 1783 230 3076
230 1742 143 3117
143 1701 116 3158
116 1660 397 3199
397 1618 352 3241
352 1576 192 3283
192 1534 183 3325
183 1492 442 3367
442 1449 346 3410
346 1406 293 3453
293 1363 247 3496
247 1320 235 3539
235 1277 225 3582
225 1234 175 3625
175 1191 59 3668
59 1148 28 3711
28 1105 391 3754
391 1061 367 3798
367 1017 282 3842
282 973 214 3886
214 929 178 3930
178 885 421 3974
421 840 387 4019
387 795 366 4064
366 750 251 4109
251 705 181 4154
181 660 31 4199
31 615 487 4244
487 569 439 4290
439 523 424 4336
424 477 381 4382
381 431 423 4428
423 384 394 4475
394 337 382 4522
382 290 203 4569
203 243 149 4616
149 196 298 4663
298 148 447 4711
447 99 19 4760
19 50 478 4809
463 36 118 4706
423 45 107 4697
339 46 127 4696
183 68 213 4674
228 83 331 4659
273 106 440 4636
54 109 412 4633
117 113 104 4629
486 116 399 4626
129 135 217 4607
239 138 91 4604
76 139 165 4603
283 175 100 4567
446 180 278 4562
174 202 197 4540
230 232 290 4510
294 236 319 4506
40 241 443 4501
416 277 306 4465
305 345 348 4397
317 379 452 4363
192 445 494 4297
216 445 357 4297
469 458 262 4284
225 459 98 4283
108 488 491 4254
299 536 425 4206
26 538 439 4204
358 543 81 4199
414 565 406 4177
65 580 87 4162
456 584 257 4158
185 597 461 4145
415 618 366 4124
386 621 309 4121
333 634 139 4108
57 647 22 4095
115 659 172 4083
201 673 345 4069
356 748 308 3994
126 755 209 3987
224 788 261 3954
340 808 293 3934
64 819 268 3923
384 844 250 3898
27 929 33 3813
83 969 344 3773
336 979 432 3763
360 980 96 3762
176 986 258 3756
408 1017 277 3725
48 1038 251 3704
401 1055 454 3687
110 1086 77 3656
124 1087 136 3655
203 1118 391 3624
476 1137 451 3605
379 1138 434 3604
389 1164 109 3578
79 1177 151 3565
417 1186 307 3556
492 1191 281 3551
44 1199 171 3543
460 1211 125 3531
453 1224 343 3518
150 1264 238 3478
163 1289 208 3453
116 1315 15 3427
346 1333 323 3409
428 1339 14 3403
496 1366 52 3376
191 1370 295 3372
352 1373 198 3369
254 1427 436 3315
243 1448 478 3294
475 1458 385 3284
31 1490 32 3252
134 1536 93 3206
329 1569 370 3173
215 1576 221 3166
387 1591 488 3151
296 1593 367 3149
301 1608 153 3134
130 1644 162 3098
143 1648 291 3094
470 1652 462 3090
337 1669 8 3073
94 1671 112 3071
376 1678 437 3064
310 1705 438 3037
39 1708 381 3034
304 1714 419 3028
236 1716 372 3026
99 1779 161 2963
458 1828 226 2914
46 1829 325 2913
175 1831 9 2911
409 1833 222 2909
105 1840 429 2902
282 1865 393 2877
459 1923 42 2819
497 1923 371 2819
89 1924 392 2818
489 1944 312 2798
61 1956 427 2786
187 1971 388 2771
397 1979 10 2763
63 2001 322 2741
413 2033 75 2709
200 2035 498 2707
120 2037 377 2705
244 2048 179 2694
235 2098 47 2644
231 2118 97 2624
18 2129 402 2613
334 2163 430 2579
263 2196 300 2546
241 2200 479 2542
418 2210 181 2532
69 2211 259 2531
142 2226 119 2516
149 2264 256 2478
220 2267 28 2475
196 2286 364 2456
467 2296 199 2446
146 2307 275 2435
287 2323 13 2419
170 2333 6 2409
420 2350 421 2392
303 2369 316 2373
328 2375 166 2367
500 2381 19 2361
449 2390 368 2352
169 2411 122 2331
37 2421 232 2321
435 2477 447 2265
247 2493 490 2249
177 2509 276 2233
378 2509 74 2233
466 2512 133 2230
159 2513 375 2229
403 2538 270 2204
189 2555 245 2187
288 2569 326 2173
373 2597 253 2145
80 2605 24 2137
193 2617 249 2125
265 2620 156 2122
369 2634 141 2108
194 2659 465 2083
354 2679 267 2063
84 2692 349 2050
223 2712 410 2030
144 2748 56 1994
269 2750 38 1992
20 2775 444 1967
2 2779 422 1963
394 2792 148 1950
7 2826 361 1916
315 2832 480 1910
396 2849 186 1893
398 2865 248 1877
121 2890 219 1852
353 2902 145 1840
362 2916 72 1826
90 2933 70 1809
206 2949 155 1793
481 2978 207 1764
68 3001 237 1741
246 3024 23 1718
227 3074 16 1668
111 3093 212 1649
25 3121 448 1621
359 3123 158 1619
29 3137 113 1605
279 3150 374 1592
332 3177 229 1565
12 3195 473 1547
211 3195 45 1547
167 3200 182 1542
234 3235 431 1507
71 3242 30 1500
214 3263 123 1479
285 3291 103 1451
242 3333 86 1409
53 3345 482 1397
292 3424 11 1318
43 3437 178 1305
457 3441 58 1301
338 3446 330 1296
405 3488 188 1254
106 3526 128 1216
218 3547 483 1195
313 3570 499 1172
35 3622 233 1120
59 3635 205 1107
404 3652 132 1090
140 3682 88 1060
324 3719 347 1023
36 3722 286 1020
210 3744 101 998
60 3784 66 958
474 3806 202 936
51 3813 274 929
3 3826 135 916
92 3880 255 862
49 3957 131 785
464 3957 138 785
477 3986 382 756
73 4001 4 741
380 4017 383 725
41 4061 160 681
114 4062 260 680
147 4063 407 679
271 4110 34 632
455 4147 327 595
363 4157 184 585
484 4202 350 540
471 4245 280 497
50 4255 157 487
21 4267 204 475
351 4288 240 454
266 4294 318 448
311 4360 152 382
442 4390 341 352
368 4396 495 346
122 4400 284 342
232 4405 62 337
342 4406 118 336
245 4409 85 333
19 4411 355 331
441 4413 365 329
156 4416 107 326
186 4416 137 326
375 4418 411 324
326 4420 213 322
465 4421 127 321
182 4422 102 320
141 4424 425 318
270 4428 439 314
248 4431 440 311
267 4431 81 311
133 4435 406 307
23 4438 412 304
123 4438 104 304
349 4438 195 304
410 4438 87 304
219 4439 331 303
253 4439 82 303
70 4441 491 301
24 4442 257 300
237 4443 494 299
30 4444 357 298
431 4445 399 297
72 4446 217 296
74 4446 461 296
249 4446 262 296
145 4447 98 295
155 4448 445 294
289 4448 78 294
45 4451 452 291
148 4451 272 291
207 4454 344 288
38 4456 1 286
468 4457 197 285
166 4458 55 284
447 4459 290 283
490 4460 100 282
374 4464 308 278
103 4465 278 277
422 4465 165 277
480 4466 91 276
276 4469 366 273
113 4471 348 271
56 4472 319 270
361 4475 432 267
16 4476 443 266
444 4480 33 262
190 4484 306 258
158 4487 109 255
229 4487 293 255
316 4488 17 254
212 4493 162 249
154 4494 335 248
473 4495 478 247
86 4503 451 239
482 4511 434 231
448 4520 250 222
297 4529 139 213
421 4532 436 210
314 4535 261 207
67 4542 268 200
119 4545 370 197
330 4552 309 190
28 4554 96 188
164 4555 488 187
6 4556 472 186
173 4559 345 183
275 4563 151 179
256 4566 391 176
364 4569 251 173
58 4571 171 171
199 4572 125 170
13 4579 221 163
485 4583 281 159
11 4585 153 157
178 4590 307 152
188 4592 172 150
259 4596 5 146
400 4613 277 129
128 4620 367 122
135 4620 209 122
181 4627 22 115
274 4630 93 112
101 4632 77 110
483 4634 136 108
202 4635 454 107
478 4641 258 101
335 4643 52 99
306 4644 14 98
293 4645 343 97
17 4646 323 96
109 4646 238 96
162 4646 298 96
302 4647 198 95
451 4647 295 95
33 4648 208 94
165 4649 320 93
91 4650 32 92
260 4651 15 91
366 4651 385 91
407 4651 291 91
278 4652 495 90
499 4652 341 90
348 4653 226 89
319 4654 284 88
308 4655 280 87
432 4655 325 87
434 4655 42 87
443 4655 62 87
100 4656 161 86
290 4657 487 85
450 4657 462 85
55 4659 264 83
78 4659 118 83
197 4659 180 83
272 4659 8 83
452 4659 152 83
138 4661 438 81
344 4661 9 81
445 4661 381 81
1 4662 85 80
98 4662 426 80
250 4664 419 78
4 4665 157 77
66 4665 75 77
262 4665 355 77
383 4665 372 77
205 4666 204 76
461 4666 427 76
255 4668 112 74
217 4669 312 73
97 4670 393 72
382 4670 350 72
139 4672 222 70
399 4674 437 68
436 4674 365 68
132 4675 52 67
261 4675 258 67
494 4675 107 67
357 4676 343 66
402 4679 323 63
107 4680 14 62
258 4680 388 62
268 4680 321 62
343 4680 454 62
427 4680 252 62
252 4680 238 62
238 4680 136 62
136 4680 77 62
77 4680 298 62
298 4678 93 64
93 4676 22 66
22 4674 498 68
498 4669 392 73
392 4664 371 78
371 4659 137 83
137 4654 198 88
198 4648 479 94
479 4641 295 101
295 4634 208 108
208 4627 367 115
367 4619 320 123
320 4611 209 131
209 4603 15 139
15 4595 300 147
300 4586 32 156
32 4577 168 165
168 4567 385 175
385 4554 322 188
322 4541 277 201
277 4528 429 214
429 4514 493 228
493 4495 395 247
395 4473 327 269
327 4448 291 294
291 4421 390 321
390 4393 240 349
240 4364 5 378
5 4335 495 407
495 4305 213 437
213 4275 433 467
433 4244 411 498
411 4213 341 529
341 4181 172 561
172 4149 10 593
10 4117 284 625
284 4084 280 658
280 4051 226 691
226 4018 184 724
184 3985 307 757
307 3951 127 791
127 3917 318 825
318 3882 325 860
325 3846 281 896
281 3809 153 933
153 3772 42 970
42 3735 160 1007
160 3696 221 1046
221 3656 487 1086
487 3615 406 1127
406 3574 161 1168
161 3533 125 1209
125 3492 102 1250
102 3451 62 1291
62 3410 440 1332
440 3368 430 1374
430 3326 171 1416
171 3284 462 1458
462 3241 347 1501
347 3198 95 1544
95 3155 47 1587
47 3112 439 1630
439 3068 412 1674
412 3024 251 1718
251 2980 104 1762
104 2936 81 1806
81 2892 425 1850
425 2846 195 1896
195 2800 391 1942
391 2753 264 1989
264 2706 131 2036
131 2659 424 2083
424 2611 151 2131
151 2562 331 2180
331 2512 179 2230
179 2462 118 2280
118 2412 87 2330
87 2362 180 2380
180 2311 8 2431
8 2259 345 2483
345 2206 152 2536
152 2153 438 2589
438 2099 96 2643
96 2045 9 2697
9 1991 419 2751
419 1936 381 2806
381 1881 309 2861
309 1826 82 2916
82 1771 488 2971
488 1715 472 3027
472 1659 88 3083
88 1603 85 3139
85 1547 426 3195
426 1490 286 3252
286 1433 157 3309
157 1376 377 3366
377 1318 75 3424
75 1260 34 3482
34 1202 14 3540
14 1144 388 3598
388 1085 355 3657
355 1026 323 3716
323 967 321 3775
321 908 233 3834
233 849 437 3893
437 789 372 3953
372 729 365 4013
365 669 312 4073
312 609 222 4133
222 549 112 4193
112 489 52 4253
52 429 393 4313
393 368 370 4374
370 307 350 4435
350 246 257 4496
257 185 204 4557
204 124 491 4618
491 62 454 4680
