10 20 200
1 6
10 6
4 10
3 4
8 1
9 1
7 8
5 1
2 1
10 6
9 8
10 1
8 3
5 1
9 6
1 6
7 4
10 1
2 10
8 4
2 1
8 2
9 7
7 8
10 8
8 4
5 4
3 7
5 9
10 5
2 7
7 8
3 8
1 9
5 1
7 1
6 8
10 4
9 7
8 4
6 1
1 8
7 10
4 2
3 7
9 3
8 7
1 7
5 6
1 10
6 1
9 1
6 2
3 8
3 4
3 1
8 10
1 10
3 2
8 2
3 10
7 1
2 4
10 4
2 8
10 6
6 10
9 5
5 4
9 3
7 1
2 6
9 4
5 1
5 6
7 8
1 4
3 10
1 5
8 10
9 1
8 1
4 5
8 10
4 3
7 5
6 3
6 1
1 6
9 6
8 2
1 7
8 1
2 7
4 5
1 5
5 1
2 7
2 10
7 4
6 8
8 1
9 6
3 8
10 6
2 5
8 6
8 2
7 9
6 8
10 2
6 10
5 1
4 5
9 2
1 6
4 7
9 2
7 6
4 10
10 9
3 7
6 2
1 7
5 6
8 2
6 3
3 4
1 10
10 2
2 10
6 10
5 1
9 6
4 1
9 4
7 8
3 6
5 6
3 2
7 4
2 10
8 7
10 4
4 2
7 4
7 9
10 3
6 10
6 9
5 10
2 4
9 8
3 9
5 9
8 5
7 4
2 3
6 2
2 8
7 9
6 7
9 2
3 10
7 8
5 6
9 2
1 6
3 9
9 8
4 7
2 8
4 2
1 8
5 7
7 9
3 2
6 3
3 7
10 1
3 9
8 5
3 10
9 4
6 3
1 9
2 7
2 1
5 7
10 3
1 4
8 4
4 7
9 1
8 7
6 7
6 3
4 6
6 9
10 8
1 9
2 7
4 2
4 10
3 2
4 10
8 9
7 9
3 2
3 7
4 6
4 8
4 10
1 6
7 8
5 7
7 2
2 5
5 4
2 5
