10
10 20
00011100101110111000
10110100111001011110
01010011111100100100
10110110010000101000
10000111111010111000
11001110100111101100
11101101110101001101
10001000101110100001
11111000001111010101
01100011001010100011
4 20
01010101110011101000
00110101000000011001
11110010000001010110
00000111001100010110
4 20
01101000011001110101
00111011000110100100
10111001010000110010
00001010000011010110
5 20
01110010001010011100
01111000011011010001
11010001010111001110
10000010001001000000
11110111110011101001
10 20
10011000110110000011
01100111111001011000
11011111110001000011
11100111101010111000
11111100101001001101
11000101000001100101
10101100000001101000
01011110111100000110
10110010100111100100
00010101100111001010
10 20
11111001110101001010
01001111000111101110
11101101010111010010
11011110111100011011
11101111001010101011
00101110100101111110
10000001110101010010
10010101011100000100
11110010111111011000
00000011001101010000
10 20
11011111011100111101
11010000011010110111
01010011101011101011
10001010101111011101
10001011010101001001
01010000110101100000
01111010011101000000
01111101101010111111
01000100111100101000
01101111101101001111
10 20
11110101100000011100
10011100110110000110
10111000100110100000
10111110100011110100
10111000110011101011
10101111011011010010
00111101010000110010
01100110001101110001
10011000001110011001
10000011110001001000
10 20
10110111000000100111
00111011100100010011
01000011011011010010
10111100000100001100
00100100110010011010
01011110110110101010
01111101100101100001
10001101010101000010
11101101100000100000
10001100010111001110
4 20
10101100000010011011
00010111010101110111
11101110010110010101
01001101010111110111
