10
10 20
00001000000100001001
11100110100101101011
10001000101100101000
11000000100100111101
10011000100000000100
11000010111100111011
00110100111000110100
00111011100101110100
11000010101000010100
11100110110001110001
10 20
00000010001100000111
10010001001010010001
11101101100101011110
00000100100010101110
10010010010010101000
01011100001010100110
10110101111001011011
10000010110001101010
11011101001010000110
10001101111010101111
10 20
11000011111100110011
00001000110011110010
11001001000110100110
00010101000010001000
11000000010111010110
11110010010111110001
11000101001010000101
10101000000101000010
10010110101101010110
01010110100011101001
4 20
11100100000111001101
10110110100010100100
10011001111010010101
01010100100001001001
4 20
11011011000101101101
01000101011101100011
00101000001001000010
01100010111100111010
5 20
00110010000111100011
11110101101001111101
11011111001101101110
11100100110111010100
00101010001110010001
4 20
10101011100100110000
01001101010101001100
10100010111011010000
10010011111010010111
4 20
00011100100100111011
01111010111010000001
11001111010111001010
10000110010001001010
4 20
00001000110001100001
10001000001110110111
00111100000011101101
01111101001000110010
10 20
11111100010010100001
00100010110110000110
10110101111010111001
00000100101011101000
11000111111101000010
00011000010100110011
11110011110010111110
00110011111000010100
10110001000101011001
00110000111100000001
