10
4 20
01001110010111110101
00001000010011010111
10010011001110001101
01011001100001011100
10 20
00011010111010101011
00011110010010001000
10001110010000000001
11111100101101101001
10000101000100100111
11011111001110010010
01000100111101001101
01000011100001110101
01100100101010100110
10100111011010001101
5 20
11001100010010011100
01111000110110111101
10011010000001111001
10111111011010001011
10000001110010001100
4 20
00011000100101101011
10001100010110000011
00111101010000111011
10000011001111001111
4 20
10010111001100100010
01100110101111010100
00101100101001001001
10011101011101000100
5 20
10011101001111101111
01011101010111010101
00111101001111010111
10110011101111011010
00111010010000001010
4 20
10110011101101000000
11110000000111100100
10010101001100011001
11101111000010111111
10 20
11111001000000101011
00110110100101010101
01100011111111011010
11011111110111100111
00110011010001011000
00000110001000110001
10111000111110101101
11110111110000001100
10100010110000111110
00000110001001001101
5 20
11001011001000000000
10011110111110010101
11011001110000101011
10100111101001010001
10111110111110111001
5 20
11001111001010011100
10111000010000111000
10010010000000111010
11110110111101001011
01011101101100001001
