1000 1000
30908 19950 21314 17660 31073 21350 25581 2566 13921 9290 21711 6898 11808 15813 1402 5087 7121 32650 25314 18879 27950 6844 10931 20571 16492 26636 30951 8600 32366 26913 21399 18936 25913 31036 10513 15971 5800 28956 29740 16168 32608 16927 31448 27711 10759 19627 23289 28369 21169 30156 22902 23545 20123 16414 10124 13517 7196 27630 4713 10136 11992 25244 20726 30314 19511 28995 25588 9939 3094 5788 15434 24299 20924 26656 7069 5013 20751 21101 25378 27653 29703 14571 17584 32384 13412 14511 2586 19043 15772 4768 26299 4967 27416 216 1874 547 30367 31565 21521 11731 27411 12208 6384 29527 12123 12437 2119 15743 15776 8149 19356 8837 23228 22576 5817 31451 25071 23095 28930 21799 30932 106 10502 27533 16276 16029 9812 32300 20826 28832 3472 14059 10503 31774 27334 31349 15910 18886 22013 19074 28194 22953 17936 7513 1462 30435 1465 20114 32422 20094 32495 3361 17837 28051 20594 27280 7350 27314 24996 28556 27983 16004 26778 22947 8026 4015 5747 26188 18437 30202 24040 20264 17661 30898 2085 23431 6111 19532 3031 11054 5616 4939 23175 7768 16397 9829 6182 32506 22245 10209 28905 20299 32613 26179 343 24964 2932 21035 1184 7396 15073 2939 15664 5112 2201 18872 19332 20505 22558 9139 26428 30262 5940 31336 11890 10452 10206 2854 32587 19282 9864 27888 4043 2674 24710 32036 14318 19989 3773 32602 8692 30790 10400 29839 21756 5498 25439 28035 19924 25110 12634 23647 6672 18738 21980 10651 10585 16541 24838 4127 18696 9761 10249 1192 32244 520 3481 11374 12423 21214 11934 9988 24344 18041 18220 12159 19060 1079 25525 22746 20670 27783 12925 27033 27258 29099 2383 6829 32228 28092 29551 15768 31878 6638 23503 3537 32521 2837 10117 12650 21324 22376 21629 11504 12467 18821 28779 20115 1730 17590 31748 21638 6634 15987 3694 21161 25250 28968 19701 7014 25274 11320 2815 12248 25836 25921 9794 31539 23221 28322 29492 23904 19555 30522 19907 18663 3950 14195 8775 30738 14091 28543 693 32080 29439 6882 7189 13015 20657 32049 8246 19853 4740 27673 30624 5929 4451 31394 20426 5013 23710 27061 22925 5527 3060 477 19417 1713 30705 14922 32423 26182 19578 20763 12846 17405 10662 14557 22106 14699 18127 32590 26234 9964 19433 4455 11577 14289 21779 154 1231 29121 21612 11609 26488 21337 17960 31447 25637 17942 27363 28690 19314 26485 31796 27153 10457 27992 3974 17258 23589 10668 6947 5384 26409 29001 20882 29739 17329 27161 18211 20912 21945 1149 5576 24211 19933 9196 29478 6578 4113 15070 27884 27348 29330 24040 16228 28393 26909 4648 31304 22932 28766 23267 26582 4070 19883 19053 27174 24685 30450 6729 17084 31853 14064 3730 30810 5741 24996 10393 20247 18933 11524 27856 1717 12439 494 16359 21296 18476 22881 7988 17299 3680 31213 14424 2831 30065 10600 9248 24654 5683 9955 18601 26373 17240 220 9928 22473 25070 7094 5800 23075 11049 31846 14261 17638 15203 11118 6073 14528 4705 17423 21829 18704 26840 954 16723 9975 32559 28105 17449 690 18823 22380 2433 5927 7417 28646 14310 5053 16926 6393 14177 22641 4309 9118 19285 14375 31040 17658 936 13629 7696 22414 18723 27750 25603 15534 2332 8630 6826 29236 17490 9209 8816 12405 1304 31305 13272 9332 182 4064 11270 6742 26636 21034 641 11286 11128 29982 19511 18554 13818 20943 28610 9798 25494 4926 28393 30639 14074 9587 26986 29202 4705 6860 15607 32230 30647 31636 26238 8944 5118 13271 2221 1205 6640 4981 15286 821 12262 5238 2639 21462 29944 23453 16381 9887 24934 10048 27795 11174 1591 8279 16629 3276 28703 16850 10530 12199 12710 18992 18290 21440 22663 27469 13596 24831 21078 11387 11258 31331 1126 13013 32145 10486 6890 25552 31564 13057 21338 5651 13320 29564 17945 17545 10965 17864 29524 30644 27387 22945 5933 22852 7484 846 2329 9704 601 23578 10886 29028 30424 18184 10434 28900 25603 11715 5656 16271 16948 2516 7740 20832 4176 3607 23017 2097 25746 1136 1480 7961 31370 13242 8340 24568 25189 25088 13436 22352 13678 18160 20424 31319 29653 652 28864 29514 28591 27683 26825 2051 26943 19840 31442 20174 16500 24161 14574 9593 24498 5163 25922 7850 17366 6619 23074 22901 17780 1088 15735 30510 1890 5736 868 9084 11899 10840 1065 25263 18077 4607 10567 6740 30964 1133 30181 2054 30587 27457 28274 6791 16831 9312 9100 24847 9959 3053 25632 1251 10481 25205 23251 298 9534 25449 6817 3324 26193 8146 24260 27581 724 28992 472 6057 11739 6403 28732 31407 23661 24478 6587 10627 25665 18553 9836 21743 30661 11734 29398 25962 9060 22790 5976 29931 12297 27357 32457 6911 3807 10339 20571 16154 12892 32716 12485 25898 30845 22955 7841 10354 2643 2658 28178 22678 21694 30685 10155 27890 32377 18304 20108 16944 32598 10333 20942 22042 15563 3499 11554 30124 20398 28019 31924 4462 22333 22413 2134 11265 32097 30923 2522 5879 4148 24180 12991 29160 21696 3572 13585 8129 30474 17617 21386 9824 15183 29921 15613 11358 21645 20667 14069 2348 1093 31851 23449 7010 26495 13930 28370 22867 5392 3277 3760 20453 28952 29372 17162 928 22990 18982 12389 26628 4480 13747 29207 24864 2517 18170 24493 864 29782 23797 16777 1447 15404 18097 14544 6557 19755 32330 24195 7755 19472 4119 24043 24805 9223 546 3643 24550 3441 20443 20337 17506 29155 19981 11901 1432 20850 2832 5285 27336 3374 32577 1576 24388 15084 8623 13345 19656 26185 13591 26031 28686 25323 24851 31827 23454 5130 27534 6041 7396 19759 9851 7163 14212 12348 26054 8450 27378 11437 4491 2734 30269 1053 10375 21016 20011 30732 18124 16726 31115 1247 1208 9887 1991 20008 16935 17071 21945 8232 12776 30317 5311 10899 14702 29644 18450 22674 30920 30191 11347 27150 3796 17552 15719 12844 28079 1698 20101 7956 21359 10293 26765 28407 15125 22427 25244 13904 22973 24009 26845 7018 31768 22015 26018 27426 22556 2220 179 27374 9978 28044 10469 3102 6993 6419 23535 25698 1953 6414 8314 3981 18690 1160 26231 24216 
1 2
1 3
1 4
3 5
1 6
2 7
2 8
7 9
1 10
4 11
2 12
3 13
1 14
7 15
8 16
8 17
2 18
5 19
8 20
9 21
18 22
9 23
5 24
1 25
18 26
15 27
14 28
7 29
3 30
2 31
2 32
12 33
25 34
13 35
32 36
15 37
24 38
21 39
8 40
16 41
37 42
34 43
9 44
31 45
31 46
23 47
14 48
6 49
35 50
42 51
46 52
6 53
15 54
6 55
53 56
45 57
6 58
35 59
59 60
48 61
56 62
54 63
61 64
24 65
54 66
14 67
14 68
54 69
52 70
25 71
10 72
67 73
53 74
31 75
70 76
19 77
28 78
67 79
48 80
49 81
75 82
10 83
37 84
52 85
47 86
37 87
61 88
73 89
85 90
58 91
13 92
61 93
81 94
52 95
12 96
37 97
62 98
27 99
46 100
39 101
30 102
18 103
46 104
98 105
31 106
1 107
40 108
104 109
63 110
76 111
31 112
66 113
41 114
74 115
6 116
61 117
92 118
85 119
43 120
21 121
33 122
87 123
42 124
23 125
72 126
64 127
69 128
27 129
7 130
16 131
46 132
102 133
130 134
3 135
117 136
108 137
108 138
102 139
30 140
113 141
109 142
96 143
73 144
32 145
111 146
18 147
39 148
37 149
107 150
18 151
7 152
7 153
13 154
86 155
30 156
141 157
8 158
122 159
80 160
3 161
98 162
89 163
25 164
155 165
67 166
71 167
90 168
25 169
138 170
135 171
124 172
38 173
60 174
153 175
49 176
36 177
92 178
83 179
32 180
142 181
10 182
86 183
19 184
17 185
38 186
3 187
141 188
188 189
132 190
131 191
156 192
164 193
66 194
1 195
54 196
123 197
195 198
84 199
50 200
26 201
17 202
170 203
30 204
136 205
167 206
104 207
49 208
84 209
32 210
47 211
159 212
130 213
102 214
10 215
37 216
211 217
98 218
196 219
140 220
203 221
77 222
9 223
167 224
198 225
184 226
216 227
200 228
57 229
44 230
118 231
220 232
54 233
173 234
222 235
183 236
174 237
63 238
7 239
76 240
218 241
129 242
166 243
225 244
4 245
242 246
35 247
36 248
219 249
212 250
188 251
154 252
186 253
207 254
114 255
28 256
178 257
236 258
30 259
213 260
141 261
232 262
223 263
98 264
221 265
3 266
30 267
67 268
24 269
230 270
256 271
23 272
270 273
16 274
209 275
213 276
201 277
24 278
202 279
22 280
11 281
43 282
192 283
127 284
25 285
241 286
47 287
64 288
79 289
30 290
230 291
83 292
80 293
151 294
242 295
8 296
191 297
199 298
49 299
151 300
94 301
203 302
164 303
131 304
118 305
234 306
274 307
229 308
304 309
49 310
284 311
290 312
34 313
21 314
82 315
204 316
57 317
131 318
86 319
72 320
69 321
120 322
162 323
218 324
93 325
79 326
79 327
103 328
13 329
77 330
245 331
78 332
313 333
167 334
58 335
135 336
284 337
57 338
114 339
310 340
289 341
168 342
174 343
165 344
329 345
185 346
322 347
210 348
285 349
206 350
217 351
311 352
221 353
4 354
127 355
71 356
109 357
289 358
176 359
168 360
270 361
131 362
126 363
271 364
204 365
208 366
292 367
52 368
72 369
301 370
181 371
277 372
217 373
243 374
299 375
270 376
271 377
264 378
300 379
344 380
33 381
14 382
325 383
247 384
94 385
185 386
293 387
53 388
386 389
173 390
26 391
194 392
211 393
338 394
376 395
325 396
52 397
162 398
158 399
109 400
352 401
160 402
371 403
165 404
378 405
337 406
252 407
101 408
292 409
288 410
300 411
285 412
306 413
116 414
36 415
138 416
336 417
199 418
138 419
23 420
354 421
263 422
31 423
260 424
115 425
113 426
51 427
28 428
392 429
401 430
14 431
157 432
254 433
110 434
257 435
314 436
435 437
212 438
338 439
65 440
200 441
343 442
47 443
17 444
71 445
285 446
353 447
418 448
188 449
128 450
27 451
324 452
197 453
440 454
38 455
20 456
294 457
82 458
273 459
130 460
92 461
209 462
172 463
381 464
217 465
233 466
357 467
298 468
133 469
77 470
427 471
90 472
276 473
326 474
32 475
156 476
28 477
148 478
136 479
336 480
73 481
448 482
314 483
453 484
21 485
219 486
232 487
241 488
460 489
285 490
226 491
370 492
492 493
368 494
127 495
455 496
362 497
258 498
133 499
273 500
370 501
164 502
125 503
370 504
127 505
34 506
23 507
454 508
282 509
338 510
55 511
420 512
287 513
148 514
484 515
234 516
280 517
98 518
30 519
81 520
158 521
278 522
361 523
156 524
37 525
240 526
182 527
301 528
104 529
165 530
215 531
265 532
45 533
298 534
266 535
385 536
202 537
481 538
294 539
210 540
356 541
117 542
515 543
238 544
422 545
159 546
271 547
130 548
109 549
503 550
62 551
132 552
83 553
438 554
161 555
267 556
194 557
150 558
467 559
113 560
539 561
103 562
260 563
560 564
366 565
133 566
511 567
70 568
436 569
478 570
398 571
154 572
554 573
10 574
162 575
382 576
7 577
109 578
389 579
361 580
341 581
500 582
312 583
122 584
4 585
405 586
96 587
247 588
479 589
145 590
130 591
71 592
283 593
263 594
367 595
219 596
18 597
251 598
291 599
508 600
205 601
61 602
565 603
304 604
304 605
585 606
224 607
357 608
105 609
142 610
321 611
549 612
219 613
302 614
474 615
36 616
55 617
15 618
344 619
523 620
365 621
499 622
470 623
575 624
225 625
343 626
344 627
84 628
360 629
345 630
600 631
369 632
405 633
486 634
569 635
12 636
367 637
459 638
628 639
638 640
117 641
595 642
619 643
456 644
491 645
535 646
215 647
243 648
646 649
6 650
182 651
333 652
299 653
490 654
235 655
110 656
196 657
58 658
633 659
434 660
452 661
150 662
254 663
205 664
277 665
160 666
133 667
38 668
390 669
224 670
457 671
305 672
497 673
562 674
65 675
238 676
197 677
604 678
246 679
621 680
57 681
291 682
372 683
198 684
13 685
246 686
195 687
387 688
653 689
599 690
522 691
598 692
587 693
211 694
571 695
15 696
692 697
281 698
597 699
416 700
90 701
3 702
38 703
631 704
423 705
513 706
52 707
175 708
182 709
123 710
262 711
325 712
558 713
262 714
124 715
647 716
636 717
466 718
675 719
701 720
498 721
383 722
34 723
149 724
272 725
686 726
658 727
395 728
2 729
459 730
222 731
614 732
181 733
712 734
148 735
359 736
31 737
489 738
154 739
39 740
65 741
153 742
665 743
400 744
607 745
19 746
223 747
238 748
299 749
386 750
666 751
315 752
557 753
269 754
670 755
331 756
63 757
288 758
427 759
561 760
559 761
244 762
306 763
52 764
270 765
306 766
530 767
547 768
735 769
142 770
701 771
403 772
383 773
292 774
234 775
721 776
156 777
275 778
285 779
761 780
18 781
688 782
629 783
353 784
246 785
389 786
114 787
145 788
61 789
243 790
722 791
73 792
668 793
519 794
283 795
751 796
78 797
55 798
383 799
494 800
49 801
187 802
656 803
594 804
586 805
412 806
727 807
45 808
563 809
410 810
58 811
414 812
454 813
560 814
10 815
302 816
435 817
435 818
410 819
208 820
52 821
541 822
260 823
361 824
305 825
806 826
480 827
426 828
647 829
96 830
594 831
228 832
797 833
412 834
359 835
141 836
652 837
492 838
750 839
609 840
662 841
800 842
183 843
583 844
574 845
362 846
837 847
180 848
254 849
472 850
338 851
311 852
439 853
345 854
74 855
436 856
212 857
838 858
163 859
91 860
476 861
74 862
52 863
829 864
41 865
545 866
349 867
363 868
605 869
505 870
186 871
292 872
548 873
736 874
102 875
171 876
326 877
392 878
644 879
547 880
479 881
499 882
667 883
230 884
31 885
784 886
690 887
406 888
7 889
421 890
696 891
708 892
509 893
869 894
315 895
436 896
223 897
689 898
842 899
253 900
15 901
19 902
787 903
159 904
734 905
469 906
408 907
161 908
642 909
98 910
123 911
6 912
252 913
393 914
481 915
302 916
750 917
693 918
540 919
809 920
209 921
58 922
914 923
359 924
459 925
694 926
615 927
93 928
263 929
240 930
508 931
649 932
876 933
820 934
83 935
661 936
915 937
98 938
159 939
357 940
523 941
232 942
916 943
29 944
719 945
546 946
14 947
579 948
107 949
299 950
27 951
614 952
131 953
81 954
231 955
606 956
357 957
619 958
34 959
719 960
231 961
796 962
334 963
295 964
72 965
659 966
870 967
902 968
147 969
559 970
165 971
579 972
548 973
392 974
215 975
425 976
287 977
307 978
861 979
487 980
947 981
467 982
933 983
52 984
859 985
964 986
39 987
533 988
795 989
331 990
877 991
551 992
969 993
589 994
628 995
361 996
125 997
557 998
33 999
484 1000
190 0 7873
911 0 26475
125 0 18320
778 37 28197
592 0 564
273 0 10416
908 0 7021
656 0 10730
653 0 19033
118 0 12828
764 0 14418
366 0 26667
482 7 32652
254 0 2094
638 0 13387
149 0 6588
824 0 27199
655 0 1965
562 0 21727
275 0 7946
378 6 2935
461 0 30183
213 0 27231
888 0 1815
794 0 3397
283 0 24948
115 0 16460
548 0 24350
248 0 28905
832 0 8224
148 0 7368
267 0 7851
176 0 20014
549 1 5527
329 0 25812
500 0 2300
444 0 5840
241 0 18282
492 0 15238
892 7 10311
68 0 24998
983 0 8335
612 0 5014
438 0 972
433 0 30
331 0 31414
619 7 22007
482 2 13639
770 46 29400
822 0 22298
264 0 29894
881 0 23081
168 0 31700
696 7 6250
399 0 12469
515 197 28282
530 0 7836
222 0 19642
113 0 23440
882 1 4044
492 0 27708
225 0 3433
730 0 18251
407 0 32351
86 0 21350
573 0 11623
864 0 21980
193 0 28069
177 0 21365
565 6 1486
2 0 9406
383 0 20566
420 0 30027
847 0 24697
497 0 23372
353 0 31615
789 0 7665
228 200 7637
607 0 4643
522 0 352
456 0 19805
640 270 6553
824 0 18430
921 2 7493
732 170 17144
911 0 25744
401 61 13356
288 0 23734
309 0 9392
482 7 5055
60 0 2977
644 0 19221
217 1 20100
355 48 17580
249 0 16341
988 0 1844
908 161 26350
875 0 27796
180 0 21648
950 0 5169
312 1 16202
731 0 11146
324 218 16645
53 0 11462
396 1 17250
719 5 1162
18 0 17638
141 2 5497
913 0 20369
528 6 21382
908 1 26267
657 0 29719
390 0 22018
467 2 30399
810 0 16122
111 0 17934
605 2 16173
275 0 8076
696 0 8057
807 0 14741
93 1 23875
520 0 9205
899 31 17511
331 0 1965
657 0 24464
765 0 15523
459 270 2464
863 0 7576
600 0 27293
860 0 23137
728 0 17271
958 86 13913
12 0 9550
689 6 15967
808 0 20896
2 0 4264
842 0 1558
133 102 886
367 0 9869
904 0 14074
585 0 29480
146 0 11271
949 0 10442
870 0 22239
683 0 15442
549 0 5791
780 761 3140
344 0 18906
39 0 18217
405 0 25927
781 0 27346
585 0 29422
357 0 19291
68 0 25165
644 0 11560
103 0 27336
911 2 22056
412 0 31300
604 0 15093
278 5 16967
198 0 10503
228 0 20876
771 0 12656
466 0 20771
920 0 4721
65 0 10959
764 0 23750
769 39 15511
597 0 2384
925 0 11890
512 0 26605
880 0 23236
91 0 229
228 0 28256
765 0 26932
331 0 575
258 0 14298
166 1 20829
463 0 31451
452 56 2625
557 0 3692
81 0 32274
528 301 10291
688 293 29085
141 0 13033
343 0 8926
850 0 12860
29 0 29393
476 0 2757
396 1 16311
977 0 1097
236 0 27147
593 0 12037
894 0 24945
309 0 14629
552 0 18047
750 0 86
945 0 6797
243 0 5855
734 0 11459
645 1 26766
68 0 4071
733 0 10065
650 0 23478
844 0 9725
729 0 1508
272 0 30501
667 0 12478
550 1 30637
787 1 5990
403 109 1932
604 0 18351
243 0 30099
332 0 29075
459 0 1366
994 0 18820
721 0 5756
953 0 30442
882 1 1486
430 0 210
974 0 24756
248 0 15739
296 8 2858
359 0 4755
385 0 15261
598 66 21811
262 220 3136
542 0 27432
524 0 17439
538 0 9742
577 0 25073
564 0 7174
914 0 2616
774 0 25306
912 0 31532
432 0 12868
288 0 28096
253 0 23973
27 0 10828
220 0 32428
566 0 29683
447 2 24823
32 0 8
303 0 31277
789 0 28970
546 0 20595
338 0 11685
704 3 15505
244 0 20703
866 0 31564
439 0 13190
320 0 10201
154 0 828
935 0 8268
405 56 6344
168 0 27827
942 30 20808
931 0 20057
695 0 18462
215 0 2019
781 0 14691
738 0 10241
883 30 19211
965 0 16482
756 245 14638
137 0 25987
466 0 11163
58 0 11775
661 56 25446
73 0 24035
715 0 19302
887 887 26668
373 0 949
132 0 31867
520 1 17252
212 33 1377
838 0 24393
885 0 29974
835 0 20866
610 0 20502
151 0 20359
995 7 13831
4 0 13205
379 0 30431
139 0 22566
468 0 22610
8 0 30196
648 0 5225
743 0 23156
718 0 26837
162 0 6968
987 0 14642
380 0 16251
440 0 9748
414 0 5654
384 0 8254
325 0 32420
472 0 32569
728 1 17082
613 0 16104
549 0 4250
424 0 1215
544 238 5467
415 0 17369
997 0 7848
200 0 27656
535 266 24982
429 429 23436
671 0 10613
571 0 117
998 0 27466
918 1 12395
423 0 16511
273 0 5360
201 0 21533
540 0 18988
877 0 12800
831 223 31538
249 2 21461
353 1 21561
61 0 6333
207 0 2744
822 0 7777
921 0 19214
176 0 6219
733 0 19565
938 0 22148
246 0 4821
424 0 17075
185 0 20792
723 0 27239
566 3 15852
945 0 11853
794 0 30719
624 98 29009
179 0 17185
944 0 24277
70 0 27026
231 0 13748
951 0 8273
898 299 30542
978 0 20456
372 0 15772
161 0 27105
472 0 8448
200 0 9240
455 5 12136
605 0 11426
363 10 10387
268 0 12174
399 0 3852
468 2 32652
410 0 31984
635 9 22410
492 94 14113
323 0 18338
248 36 14424
159 0 15057
123 1 27870
813 0 17290
395 0 28310
615 0 14645
265 8 15339
875 0 22939
957 0 12951
918 0 11001
731 5 29949
177 0 30236
10 0 16391
176 0 4158
228 0 32040
878 0 22528
165 47 18723
536 0 28553
15 0 24534
392 0 21672
990 0 9841
474 0 30109
11 0 21290
653 0 5728
531 0 9545
347 1 2975
812 0 9637
661 0 20928
335 1 3474
890 0 24743
190 0 9816
239 2 11368
329 0 16709
601 0 10452
94 0 21287
963 0 25085
103 0 20620
446 0 12476
609 53 11924
460 0 11653
797 0 4333
440 0 13198
544 0 9819
33 0 5688
320 0 9077
369 0 1936
266 0 9996
307 0 15600
515 0 31154
768 1 31102
885 0 6162
346 0 7634
604 0 22176
849 0 2606
827 0 18653
204 0 21476
687 0 22684
369 0 29996
51 2 19406
890 0 31726
252 0 23750
495 61 20842
956 0 12438
588 0 22106
366 0 16888
747 0 5452
981 0 18170
570 0 30481
816 0 17966
677 1 16903
401 14 25514
560 0 10904
75 0 31216
21 0 20429
103 0 16992
399 0 8579
833 0 13422
822 1 18480
932 0 18399
503 2 6100
564 0 19545
898 0 12853
129 0 19389
831 0 5195
732 1 15910
337 0 28939
660 0 9495
153 0 1920
827 0 23214
104 0 3173
133 0 18364
790 0 22025
9 0 3162
659 0 5799
892 0 12537
774 0 19943
225 0 19258
285 0 10515
427 15 3335
923 9 8115
79 0 1191
16 0 20972
150 0 11375
418 0 10397
674 103 26814
149 0 12897
42 0 8400
281 0 5348
305 0 24432
779 285 29035
947 0 8054
824 0 7676
564 0 10156
738 0 3847
402 0 6788
347 0 22930
373 0 27478
335 0 22803
822 0 5471
729 0 2964
826 0 25531
401 1 21194
987 0 6373
341 289 24315
85 0 19494
427 37 7368
755 1 2177
967 127 24988
909 0 5568
418 0 18304
984 2 11243
118 0 19490
552 31 12647
282 0 30690
432 0 15146
972 389 14070
177 0 25428
571 0 23819
700 1 28293
960 0 24280
187 0 12033
934 6 6334
625 195 6888
910 0 31420
581 0 13250
480 0 31772
262 262 27055
731 0 25273
140 0 11808
209 0 5231
61 0 31225
411 0 1605
155 0 28378
346 0 17408
194 0 16575
140 0 8481
210 0 5761
98 0 19787
112 0 28204
323 0 28664
392 1 13648
237 3 31959
469 0 5673
58 0 17413
74 0 18658
276 1 12226
530 1 29062
781 0 808
165 0 30446
36 0 18529
404 2 16757
614 0 8011
353 0 15966
223 0 19699
264 6 473
520 0 15258
601 48 26615
617 0 10873
395 0 31931
361 0 11110
651 0 20631
192 0 12499
723 0 14193
128 0 31103
625 0 32198
917 0 3375
598 54 2098
260 0 28573
928 0 21017
591 0 26992
204 0 11781
264 0 26542
78 0 15926
327 0 9887
765 0 16934
891 0 50
542 0 15869
706 0 13203
53 0 20654
452 0 16311
400 0 23613
184 0 8081
957 0 3176
708 0 4819
323 0 19241
949 0 2346
804 0 30443
608 0 4337
540 0 3806
839 0 8628
532 0 30758
198 0 11266
264 62 14540
562 0 29701
190 0 10696
577 0 27684
690 0 17163
190 0 25415
200 0 28377
102 0 5262
214 3 24082
850 46 6836
189 54 8856
772 0 9787
542 0 25385
429 0 2331
297 0 9395
683 201 9827
387 1 18509
181 1 10112
986 1 20752
898 0 10834
446 0 17772
944 0 23327
694 0 8378
604 0 19675
480 3 24107
174 0 29246
311 0 11382
477 0 13747
721 498 21114
46 0 7521
951 0 26551
734 0 18671
238 0 2163
105 0 22985
613 0 20038
687 0 32550
264 0 25410
169 0 29122
976 53 9484
924 0 14171
49 0 11267
937 0 15219
105 0 6150
863 2 30903
479 0 7275
66 0 30483
554 0 19536
299 0 28205
201 0 30956
227 0 16447
413 234 6802
144 0 2839
569 9 10450
145 0 12300
431 0 23553
217 7 4345
647 0 24717
533 0 26810
29 0 29591
576 14 29028
309 0 1730
607 0 27408
302 1 21263
326 0 2987
765 1 1896
745 0 27123
294 0 3203
575 0 25303
967 14 31202
365 0 6691
771 771 22654
927 0 6569
92 13 5929
725 0 31425
395 230 5825
106 0 29839
755 670 16147
879 2 18920
94 0 10261
461 0 30136
104 46 31776
998 0 14020
625 0 28075
46 0 3982
615 0 22746
372 201 31763
282 0 23853
64 0 15357
279 0 12351
156 0 25554
92 0 23176
644 0 31645
488 0 24184
197 0 10193
910 6 26675
278 0 6435
992 56 162
307 274 1070
448 0 5163
19 1 19719
311 0 16696
442 0 28056
6 0 7279
49 6 1394
384 1 18952
978 978 7593
673 131 1970
971 0 30086
436 0 23040
943 0 5921
975 0 767
977 47 32665
329 0 22947
341 0 15829
206 0 7986
161 0 25138
713 0 4304
296 0 30177
31 0 20737
191 0 15547
49 0 31777
30 0 23448
122 0 17905
49 0 25797
875 0 10279
241 0 19796
384 0 196
738 0 19515
797 0 19385
180 0 794
287 0 13466
775 0 7611
495 0 403
681 0 21952
357 357 14148
594 9 14612
349 0 28483
62 0 21636
859 0 25263
985 67 1890
781 0 22498
116 0 25918
666 0 25063
930 0 30077
753 0 5914
346 0 18344
738 0 23782
564 0 5888
979 30 12188
622 0 579
363 0 8431
932 1 22656
296 0 320
607 167 18149
412 0 29510
41 16 12211
432 0 12634
656 63 23261
425 0 9285
413 0 6920
272 0 30044
832 0 3974
129 0 14286
305 0 17564
23 0 1193
813 0 13375
219 0 12575
516 0 3177
826 0 11785
989 0 26994
15 0 6639
972 0 15572
499 1 22730
470 0 27215
405 0 16580
322 0 31992
764 1 31428
589 0 4366
227 0 4657
544 0 849
910 6 29757
727 0 8039
688 0 25626
999 0 26463
64 61 24204
146 0 4762
519 0 5939
479 0 13701
142 1 30075
131 0 5301
163 0 13739
794 0 22605
843 0 20449
212 122 29111
988 0 20666
992 1 18710
825 1 5381
605 0 31489
526 0 182
542 0 29470
36 0 13730
858 94 12242
665 0 9793
642 0 15702
811 0 9881
584 12 24118
663 2 11891
199 0 9928
692 54 25336
641 0 32242
146 0 5327
295 0 6048
54 0 25973
39 0 30934
715 0 736
235 0 19746
41 0 23566
243 0 15068
497 0 9507
8 0 6057
840 56 20237
684 0 20359
895 0 738
986 15 24025
890 0 18491
644 0 18636
44 0 25600
926 9 23668
35 0 2790
52 0 10587
993 0 8185
758 0 11663
535 0 20578
427 0 8337
191 0 26440
899 0 2050
98 0 746
160 0 11536
255 0 23534
571 6 7156
600 0 15724
785 0 7608
584 0 5862
620 0 23771
103 0 7689
142 0 12934
98 0 8687
569 314 14519
600 0 19273
627 23 4373
828 0 19055
665 0 28298
287 1 9622
337 0 29888
757 63 18467
890 0 25813
882 0 8817
266 0 21207
11 0 28407
991 0 8890
698 0 6876
357 0 68
677 0 21717
816 816 25195
429 0 14273
884 0 26688
275 1 18099
388 0 11644
253 0 15783
875 30 31309
893 0 8732
692 0 13583
341 0 30418
337 48 15845
354 0 28793
567 1 22635
55 0 11238
881 48 17173
965 0 6679
501 0 31915
723 0 5472
580 9 1162
692 54 24512
289 0 20196
69 0 14273
861 0 7775
481 0 31825
137 0 10050
33 0 1867
78 0 31633
283 0 23383
117 0 29145
167 0 20907
299 0 2884
937 67 680
184 0 21230
527 0 9940
759 0 26617
233 0 14772
326 0 21111
362 1 15642
748 0 24439
274 1 29383
479 61 29973
199 7 28111
988 0 610
537 0 6205
1000 0 19480
1000 0 23053
495 0 3100
517 0 20585
687 0 2443
14 0 10687
51 1 30555
878 54 24728
51 2 20010
849 0 1970
801 0 7641
427 0 7164
65 0 15636
948 0 24186
359 0 31369
655 0 15383
147 0 30120
81 0 31953
942 0 9407
851 0 22384
842 0 11294
471 0 14724
6 0 28559
104 0 21781
867 0 661
20 0 10102
915 0 17849
421 0 2397
394 0 23088
85 46 9380
606 1 24014
883 0 27829
735 0 15530
6 0 24397
419 0 1402
180 0 23306
774 292 8016
43 0 13215
140 0 14875
5 0 16424
956 0 24229
439 0 647
65 0 16545
475 0 7881
565 0 7638
95 0 16365
955 118 822
181 31 3370
623 0 9777
116 0 4847
217 1 16590
371 0 21360
440 3 28130
831 0 2497
851 0 6152
155 9 3961
365 0 24652
622 0 26999
1 0 22860
135 0 20457
686 0 22507
977 0 17868
184 0 30025
515 37 3537
394 0 26216
559 1 1697
808 0 1191
995 0 21157
828 0 26040
898 0 22164
929 0 18299
471 0 808
265 138 22126
228 13 28388
330 1 26472
499 0 20416
549 0 19166
547 0 1676
592 0 23874
22 0 32561
544 0 16360
301 0 32649
527 0 16373
710 0 19656
14 0 23595
395 1 1610
967 0 16745
130 0 11866
504 0 4827
35 0 16905
954 0 31157
817 0 10603
696 0 24739
43 0 18146
257 0 18070
965 0 20897
289 0 16610
110 7 894
851 0 10752
825 305 5968
987 21 4748
181 0 30769
744 0 9096
90 52 17368
450 0 26429
220 0 32353
588 0 30534
120 1 7266
770 0 32587
567 6 9962
858 0 10241
440 0 26086
3 0 8432
70 0 16369
408 1 26912
943 916 1098
461 0 25795
892 0 13232
546 0 11410
580 0 28538
843 7 19186
358 0 3693
660 0 6067
660 0 22802
804 0 12399
