5000
1221 17985
8942 20203
7747 13545
6046 22369
8799 17685
20081 12301
9791 5110
16029 7468
19265 14260
21329 13901
15969 4242
17582 11664
3694 16250
9096 2552
16515 1376
15203 18931
5129 15215
12528 235
8259 7936
343 1425
104 11193
13372 13417
4408 23046
4532 5212
5923 6436
1784 17967
20220 5706
4247 20219
23311 11295
16591 9888
10912 2036
19159 802
13199 22547
5651 20220
11277 11475
637 20747
17796 7450
7533 14182
4167 13122
20603 1553
8746 10517
750 10211
14650 7389
1917 23218
22135 6864
2042 1626
19174 7527
20639 2999
20430 5216
16590 5291
23285 22721
22455 14549
14795 4876
18914 20492
13211 7906
13172 15874
22372 12185
11576 16247
19780 14855
20001 17340
19049 10252
13535 8434
15098 1219
2680 21371
11242 11898
19429 9083
19073 4275
14265 22352
22992 7541
124 4357
9939 928
13900 1097
22139 11977
4375 18034
4604 7830
16821 17742
8954 20520
2258 19040
1487 2095
17048 15305
2466 12104
9753 2299
15602 5724
9294 5411
15305 10435
5124 75
13337 8782
15820 17548
7259 10716
10767 316
683 1401
13046 14106
3825 13704
16611 2686
17450 12095
21749 9687
22847 2686
21106 3474
13853 632
213 17785
21633 20484
14149 4812
15702 22544
1331 20763
19439 2666
9529 18466
15196 8015
340 23089
4036 5618
14222 6204
5775 5934
23329 15033
1082 7441
6504 7343
19923 22486
21283 21142
19429 10951
10684 8176
8223 2942
12901 19415
15214 7321
23143 18503
12401 17408
13737 11039
14652 14432
5138 15968
1309 19424
16542 17571
8287 21495
20058 20177
8198 8730
22238 14511
19778 17463
1712 2572
17110 9075
16656 5142
6499 21307
20521 22845
19630 11325
18532 8908
17862 15644
10804 3745
15410 11405
16972 15345
22506 2018
12661 12085
18811 12207
14007 8851
6405 18383
21016 6835
14968 14356
16665 12733
16889 11747
22482 3404
19207 7320
6464 11060
11214 391
17125 14940
18971 3566
12304 14618
13342 8504
7439 5124
430 14733
7145 5717
148 14079
1100 15643
12721 17976
6533 2726
11147 9844
18811 12586
806 21770
11478 18485
14504 10357
7111 170
21539 6293
16452 580
6508 7317
895 3194
8179 11028
21976 8896
5407 17206
6213 2885
13448 17837
18342 160
6038 17473
5945 20084
633 7444
11950 6419
14489 9770
16734 15284
8182 19449
7098 8764
6252 11874
5026 19464
20548 18847
12084 21220
6907 4491
8829 20443
10809 8174
19192 9952
16588 11439
5645 11155
11702 6101
7883 4457
14699 9899
20982 3881
5435 14205
1605 9349
18762 16710
19558 9245
8790 13748
17192 9039
1475 3088
5843 21427
9619 9183
21178 19462
11660 7763
14525 4038
4408 20950
20848 537
20562 1482
16676 17469
6499 21131
1247 16504
4670 19459
3274 19715
15481 19767
16964 11490
2760 476
14616 2867
9100 6864
17042 5339
4527 2743
998 11130
10722 19912
1606 1344
9812 15459
19790 1958
4369 6236
11683 15894
3881 18161
5247 8517
8842 9947
16307 14478
9115 7178
5445 2797
16815 11209
5044 7671
1694 4002
7340 10641
8108 11647
18912 19715
17510 4257
13947 14394
15343 7370
2063 12093
14473 17795
12017 12740
15464 12797
14547 7324
11949 4632
18957 12216
14155 8429
7420 5909
2172 9701
15975 14356
5988 16956
1639 9802
9889 19011
8125 7356
14239 12006
4085 9580
15773 7665
19531 13425
9412 2455
2988 2140
14910 3292
14296 1060
10756 7091
19370 14940
12644 7898
417 5937
14434 8608
11606 18242
12134 13358
8512 8511
10483 15953
13556 1681
10663 5803
4199 6928
1061 10127
292 9306
14872 5825
17840 1689
14588 12122
9380 10214
15801 9102
11391 5421
15891 17325
7175 6780
9659 15562
3470 13790
13022 10287
18042 1585
10995 11456
2148 4005
5898 1094
16543 3549
8055 9704
10842 4344
11266 8815
9912 10492
13451 11113
14808 14962
4314 10414
3503 8406
13128 17510
12696 4764
4994 15296
10498 7459
10817 7678
6554 8965
13671 5644
11888 13757
10001 2393
10088 6281
5762 3060
16962 1865
4073 10705
15467 14678
7941 5268
13982 2149
3420 3695
526 349
15750 5006
5412 8816
2671 16945
2001 11939
16688 139
17351 895
9474 8675
13147 5389
16682 12347
14961 16627
437 5574
2228 11133
6454 13838
6404 6953
4520 13396
10376 11019
9041 7928
10135 14842
2291 6766
12000 1290
3675 16968
15938 17407
14039 1310
8956 6427
12476 16607
4724 4423
13297 15070
961 9326
4609 6647
7680 2910
85 6979
7295 13208
4491 16898
9388 5628
422 5879
14356 11899
2675 12616
14236 13933
8209 582
10586 4340
9534 11190
970 4051
16996 13335
7137 11184
15616 14998
9856 434
2723 15577
2261 15784
12149 11836
2112 11184
4008 16265
11991 4445
10443 7742
10737 7553
12371 2608
1180 16415
14711 12543
13061 10918
9058 4765
11151 13387
1705 4493
11009 9673
1229 9154
16411 4632
8736 15665
9712 2085
7730 7784
11965 4523
8640 7238
10241 6571
12394 438
16216 6467
16065 10775
11519 15755
5258 14649
3983 15931
15104 5994
11584 13148
8664 6490
5403 15954
15486 5788
6806 2511
7223 2521
7778 6458
1624 4722
5394 6771
4023 3180
11806 12915
7530 10628
4759 11576
4629 6193
8590 15191
8372 4777
4643 13806
801 2207
4868 306
7005 7477
3566 5107
9386 359
5897 12516
1740 5671
7751 10281
2909 9290
1468 8927
2149 6122
11500 3350
11841 8798
1412 2291
1353 12913
3802 9996
13608 15033
6740 7130
8244 2966
10782 3155
4046 7884
12153 557
744 1447
15060 1514
13614 9502
9475 12543
5671 11102
1792 2003
13418 4515
10682 13537
1018 1363
11115 4378
3999 1195
7650 5401
14677 9945
6766 2489
13074 5004
7392 7441
5933 5465
9354 6299
14874 4980
13585 6366
7792 207
7842 11415
7308 8154
10610 3497
11171 2209
1608 5775
2833 7564
945 14656
11722 9640
14480 8983
8118 8368
9517 11384
983 1073
9977 10617
9326 250
1540 14325
9853 13481
9415 9912
12731 12124
12491 113
12911 334
13516 11830
1787 10639
6193 5730
2681 9693
2016 1159
6536 4063
6733 5284
6524 10063
3933 9493
5370 3492
6991 4158
7363 4590
8987 3744
10409 12120
6599 1436
12270 4691
12480 11763
3975 4988
6022 5103
7825 5324
9516 1350
12511 8886
9496 12202
3969 8437
13119 8085
949 7945
13794 5315
11009 2159
11530 5521
13081 9337
12519 8780
10242 8051
3768 12862
486 2724
9616 3684
8806 6548
13050 9186
10566 10556
2996 8434
5120 9311
3999 3813
12599 13229
5245 8557
5966 5263
6079 7014
9698 13014
9519 1579
10069 6633
13231 9190
25 10335
1614 4822
5744 10774
3403 275
1619 6187
7878 574
8958 1291
4531 490
8859 5951
6761 250
4651 5774
6006 12306
9145 588
11244 12486
12201 10021
846 7876
2365 4801
10727 8517
3099 9280
4050 684
12923 9897
4320 2085
12532 6968
5524 12159
246 7807
8624 1233
1716 12602
6964 9999
8400 6270
9597 10248
1560 9367
11904 12326
4382 9451
2187 10655
6896 8387
4200 8437
9081 2928
6459 6934
4412 12355
3017 647
4027 1622
3104 4109
12400 7432
4870 8482
9155 3643
4947 12397
2044 11628
11960 11770
10617 1322
7099 6579
8746 5914
6975 11811
2661 7074
5345 8779
2469 3708
12205 4188
409 3413
8508 11002
10367 5386
6893 8695
1708 11297
6028 7800
9576 11109
6750 11557
4903 7449
4940 3843
7202 426
12046 945
5414 3511
2863 3597
1385 11812
7556 2085
5373 7156
9834 5347
1265 7183
2797 5182
2927 734
2234 1915
5994 11539
5554 5839
916 918
7794 10343
6824 10379
2510 7287
868 10707
2501 3465
9645 6629
4202 8519
1544 1022
123 4326
10971 6112
5358 2659
7955 8265
11667 2552
5351 1974
3920 9563
653 8723
4534 9184
4842 2244
4491 9081
8570 11225
6078 6835
1607 4497
5435 9006
7980 11308
7174 8691
9602 6578
2925 9713
3719 9118
178 130
2583 6130
6001 1515
4874 7753
5179 6443
6328 1173
9928 8307
9412 3577
4098 6012
7768 8790
3508 11141
3890 405
10286 1039
6437 9440
5190 3262
8366 10776
10904 1395
5717 4088
1394 8977
129 8441
3835 10161
926 2311
7153 1989
6900 4671
8469 2574
10961 5844
6328 2837
4502 4265
3506 9522
9156 2031
6054 4222
6255 6497
8167 5613
8904 2797
7434 2377
10821 7562
5985 5666
6955 10443
5447 8418
10269 7498
8064 10337
7308 1347
4993 1413
1069 8288
9169 5778
9121 8148
7887 7509
4201 5454
9329 5329
5662 4513
8032 6396
1197 1533
3635 3262
2711 4640
10017 2477
9129 2307
7582 1496
2436 650
6643 5585
9417 9867
8334 5728
212 2917
6655 1673
9031 2694
642 1171
9046 8042
930 1596
1295 7456
958 665
6787 6816
7501 9779
7831 4298
708 8084
6082 6475
8566 1280
5536 7223
8526 4767
7374 7776
139 9204
516 4380
2280 7192
8522 2467
6084 363
1002 9236
1039 8065
5507 7417
8284 9882
5378 6636
6801 154
3911 5027
9174 9706
9271 5019
1790 2703
5482 8576
1405 4770
6422 2617
3560 5138
8654 7253
5899 5952
5348 4358
2479 5088
3870 357
8196 6413
1500 5954
6040 2443
8384 5198
8965 6128
540 7390
801 9140
9085 4679
2317 4429
3933 6426
3376 7012
1728 2270
6345 4764
7418 6006
4562 5923
3294 7130
3896 4130
5589 5163
8023 5037
4669 4793
7642 5546
3446 6975
1601 918
1535 7284
7556 4431
3219 287
2042 7295
3704 7292
1571 8040
9126 7432
6430 3206
1017 8155
4798 8671
7120 2876
5609 730
2771 3145
39 1480
820 7905
1610 1483
4995 1882
3492 3822
6666 8163
7444 8266
4524 86
2676 9065
712 7416
1868 2570
7021 7196
5745 440
7565 143
615 3252
521 4719
4527 5286
3560 718
6037 6963
844 2965
6464 8881
1178 5408
366 3840
2777 2935
875 2824
8945 2108
2267 8341
3392 2378
1355 5482
7488 4847
338 7584
6015 4416
5582 566
5844 3979
7852 741
2969 8657
2725 3845
6370 8731
7672 5421
469 8615
995 6504
4230 3876
7658 4938
7953 567
879 8486
6860 8346
2722 8293
290 8063
8010 8093
4067 1767
3162 6248
8080 7942
298 3589
959 7112
6882 617
2455 2054
6311 2480
6391 568
4496 1751
7652 5693
4273 703
6655 8368
3148 8098
1217 5075
6706 7166
4200 841
7380 6124
5349 6593
18 4833
4421 8297
4895 3280
1380 6457
5671 1436
4950 5194
1172 2183
7538 6023
2296 4435
2938 6366
3427 5945
7001 2694
1860 1630
2228 384
6635 5267
7863 2554
4540 6961
7658 7484
2548 8169
7526 4401
5873 1180
4419 6591
1264 4089
2710 4540
7087 3824
6411 7826
2062 3021
939 3240
3979 3026
1532 6347
551 7276
6677 58
3951 4619
3818 3810
6640 5813
3249 6070
7266 5540
1114 5124
1781 4239
3918 5437
3430 1179
6960 6603
5795 4902
1584 906
7704 4297
1 4819
2081 1585
4307 3770
1216 805
4564 7004
7112 2156
5993 3938
6365 5507
335 1198
3277 7325
3998 1368
4441 4686
297 5336
3869 1003
1186 2413
3714 1184
4576 4229
3822 5750
1356 3894
769 990
6276 2533
441 3127
2397 3828
1499 4989
214 5805
4405 4710
6293 224
6607 7584
3262 5921
6815 2155
661 5283
7142 5134
2267 4708
2478 6007
7001 6343
5104 3541
4716 1369
7348 2190
3860 5022
4396 4828
6744 1886
6192 922
5896 624
5439 493
5266 2371
1679 7216
125 3892
6217 1839
1770 4950
632 6477
2067 5420
5196 7176
3596 1942
5215 1829
4957 2317
4248 3743
6345 5953
140 6008
4317 2239
3797 5243
2530 6699
989 3279
774 6662
2462 6387
1316 4879
3200 4928
2570 1
6145 1044
4993 4259
44 5219
3709 3374
2922 41
1247 6610
2202 898
6817 2283
2369 4522
6180 274
2659 4866
706 1473
402 2781
799 5655
5580 3235
6316 1057
3891 844
3290 6566
87 1702
4232 5880
171 3738
1773 1378
5007 2106
4179 135
3897 3498
6277 4888
4591 3885
1666 3071
1994 2098
1691 3440
866 805
859 356
6628 6020
3707 5248
4287 6597
957 5812
3159 6146
2797 5165
2045 290
1745 2140
2373 3132
2038 3503
3195 2602
6005 1590
1667 3341
5151 733
1302 5028
2547 1599
2066 6581
3649 4532
5487 3354
2179 6441
6394 6409
6025 3554
3453 322
3484 881
5039 4735
5482 3639
2230 1038
6059 768
5338 1871
2014 4074
5347 4100
2118 167
2755 6343
6282 4142
2131 2892
1068 3229
4126 410
3602 522
5952 3139
5805 1999
4046 3841
5952 4785
1400 5067
2928 6321
3612 1805
5071 734
3362 4475
3956 803
1650 4064
5167 2073
2188 1137
5281 1937
324 4453
1625 2336
3210 4115
4825 6306
1026 4565
4990 5232
3437 6197
3763 1727
3595 6239
5131 1690
3575 1072
2590 3112
5319 2406
5041 4101
334 5588
4861 5694
1865 3843
2705 3599
1437 5759
2103 946
1035 92
4740 3389
6031 5940
2855 3957
1820 600
4639 3858
655 4545
2662 209
5404 325
170 303
3049 699
3229 707
4573 187
1562 5778
2354 2665
5149 4744
4993 3579
543 3781
3924 5479
5874 2490
3875 3420
1136 2388
1162 1548
4302 442
379 1945
5177 1948
2167 4545
5854 3280
3265 1736
3646 2408
2154 5513
3240 1933
2707 4356
375 1017
52 255
4766 4238
762 2624
648 250
1187 2296
2537 3093
3241 193
3767 2345
3152 564
1822 246
5651 2549
410 477
2634 4717
5636 3368
3543 4043
766 264
977 1404
1205 5036
3015 3504
1959 1643
422 5466
5459 1335
976 2218
1948 2090
997 3867
2997 4366
4456 2359
3047 1024
3934 1775
4496 1902
3612 3461
4003 2659
1557 925
1795 2393
1643 1064
1709 2588
2330 1926
1187 733
378 1810
2296 3856
3966 2825
2953 1577
2349 4492
3420 957
123 3605
4766 4446
2615 5203
2012 4797
2044 5099
2489 1591
2794 3947
4356 3667
2362 3250
3383 721
786 1068
1689 418
324 5159
474 1961
1253 719
1065 2529
4223 1062
3602 227
5158 2631
3312 2819
306 3160
4671 2769
3393 284
4560 2595
1058 3727
2679 3205
3803 3419
5298 1974
4398 2509
850 2063
3384 1896
4795 4424
729 1337
1100 2370
187 3003
1192 513
4145 4436
5229 4599
4101 3657
1690 4297
4278 4823
114 4732
2623 551
1282 4346
80 483
1063 2598
4495 3275
4001 3913
2211 4834
3552 929
2193 2001
4128 2635
1769 4277
951 3894
330 3128
1292 4624
2666 2705
2079 2322
306 2892
2751 3099
3841 1126
82 3294
2844 4183
5014 1970
4091 3342
2841 123
4566 1407
925 1561
8 996
540 3952
2073 3839
990 3104
3390 4494
4059 1588
2904 2041
4570 485
73 4024
61 3316
3036 2996
3708 907
1502 1774
429 623
1068 1455
4805 3058
3209 3166
210 4364
3338 1488
4908 4700
4286 2434
2260 4390
2462 1277
3639 732
1812 934
3135 1743
3368 4617
1546 1228
3285 2464
2456 3896
2876 3640
3130 2420
4550 4687
3532 2777
1139 2792
2526 1271
1940 2677
2419 2919
806 2124
1438 765
2910 1858
22 792
4444 4067
3663 3498
319 188
386 625
1529 255
816 647
3487 2625
4180 4003
2470 1567
4462 762
2745 3358
3365 1532
1186 2918
2139 232
3310 2655
4179 2075
4438 1663
902 1673
2205 1573
1899 2155
3215 2235
3760 2351
4562 4037
3951 698
251 3068
2563 1
504 4466
1241 3331
394 2317
2931 3221
1156 1353
4238 4211
3850 3948
898 1310
4080 3976
1686 1506
3820 4212
940 810
2063 3062
3917 438
1234 19
2539 4335
3085 1285
2541 1717
3842 198
2216 2265
3064 467
1546 1477
2050 870
1917 2202
3526 3970
4216 3887
102 2553
1498 1871
513 3722
1947 3368
416 1537
3968 2494
3480 2909
875 3935
462 4070
2364 666
4033 2459
3216 2056
244 1295
2963 1906
1779 634
3989 3870
2399 3364
3678 4157
1610 2681
1444 3876
464 2638
2834 3312
3156 3981
3414 2654
2783 1037
1216 4016
1776 4059
3791 2656
1181 3949
1467 2264
3787 3917
2341 3662
3824 1322
819 2988
2666 3734
520 3888
1948 3276
769 465
93 2039
1932 768
3971 1216
3970 2345
4002 4033
1840 2629
1550 575
276 2246
3468 1342
775 3125
2133 1939
3967 4055
2825 3466
1774 1553
2315 3587
1823 2416
981 1442
2159 629
1199 910
2325 186
3477 1381
3086 2027
1575 882
2318 2235
564 2559
3323 691
3746 3870
246 3774
3486 1167
246 2304
996 2266
2515 624
2126 319
2170 3691
2347 2904
2738 3603
49 779
2099 2581
2668 661
1202 1915
881 616
2962 976
3742 811
963 380
3257 144
2661 2872
1874 3204
2579 639
486 78
2683 1254
2820 1833
3463 1943
2922 3568
2491 2799
2013 3533
1501 2102
3643 531
2379 3320
787 2904
2989 1568
3567 3653
2205 3629
3522 2945
1288 1507
626 2508
2416 1217
1185 1861
1660 3132
573 3451
1366 2137
3704 2885
2086 2502
1043 3255
3034 2735
3530 1304
3236 1506
2523 93
1587 3237
589 508
1923 2194
1334 2705
3472 1660
3565 3272
914 722
2067 1302
2729 2980
964 1192
1190 2231
2831 1667
909 2189
1190 1576
1163 3535
3299 3065
3065 965
2245 453
1184 466
2014 2425
1170 757
2487 3338
2176 1169
2299 282
3347 638
217 2195
1221 842
1696 378
2851 3058
736 2782
2691 234
1384 2792
2051 1244
1932 1952
2341 2299
3054 3303
68 3410
1042 219
3378 3065
2614 1502
922 42
578 518
3142 2743
834 2024
1429 3090
2623 2318
1561 230
2841 1309
1348 2403
51 2832
3313 2565
1792 876
142 535
1465 2736
968 543
2223 2011
1081 2738
1514 187
1930 2200
1343 511
355 1519
1736 2699
263 1946
593 2825
913 1616
2816 1672
2488 493
214 3315
1839 3186
2425 1840
2160 1711
2238 3125
333 2625
310 1729
850 1424
3266 1126
2314 2195
2784 2307
210 820
1461 1396
776 1891
1949 2729
1661 2955
213 1998
2222 2554
2640 395
1642 1698
2407 2379
1669 1334
2471 834
2686 3018
25 1199
1429 3002
1142 1757
2530 2555
2637 1913
1057 107
2737 3113
1921 2888
3026 571
554 2246
2337 805
622 2455
1291 559
1767 2805
1070 1959
234 1330
1056 1920
735 2955
1084 1100
1306 221
1016 1482
1936 3022
881 244
98 1839
3085 945
43 1134
1258 994
599 1665
2879 337
371 315
1611 2097
2081 1997
2328 1520
2707 1980
2639 2188
630 2936
2434 1101
80 1424
115 751
1206 2444
2112 2168
1406 1762
1331 2093
2664 861
1403 2810
2144 2844
2380 1236
2685 966
702 2156
2738 843
1040 1140
1272 575
110 2419
1925 2585
1465 520
2356 2648
2894 2868
2413 2891
1754 997
218 4
2451 981
1478 1282
1808 2065
1571 2857
1028 145
1979 2333
2424 845
2486 302
161 2006
165 2250
2751 1611
2312 2733
368 1665
1147 1999
1932 291
1843 1016
207 1380
2006 180
1358 1808
1152 463
2059 785
1846 2139
1577 1360
2455 276
937 313
1342 1976
183 1935
1227 1046
442 733
767 1229
2412 1789
1218 2042
805 2064
2716 423
2720 1625
960 1772
2268 84
2420 77
2033 291
2023 1850
2709 2194
57 2451
232 1618
928 1907
1035 448
444 2398
1699 2141
788 1791
2132 2061
977 2178
2111 899
325 480
323 1950
1649 646
84 2168
2703 250
1243 1506
1629 1017
1506 1404
2471 759
1240 1274
15 1515
948 736
1884 301
133 293
990 631
1480 1001
69 1012
2474 741
845 2413
2548 1814
665 363
1843 366
2516 389
1727 1213
556 1330
2491 708
2384 2563
1994 960
2434 1545
1583 153
512 695
282 1991
2384 306
456 91
102 1581
160 1400
261 2515
1490 1370
1800 2143
1001 2105
924 210
484 428
513 2452
1727 1689
888 1971
314 2104
2456 2039
2209 295
111 585
641 724
853 1732
2379 1603
1772 1941
902 1777
257 1850
1756 20
2236 1093
2102 1251
520 2251
968 1293
1253 2320
410 511
1443 188
1980 2124
1514 1506
747 221
2395 467
1163 256
1175 1573
1098 1323
1030 974
1326 2100
1865 1335
2118 80
1139 1271
764 2062
101 1289
688 559
1075 2403
998 1830
300 867
864 597
849 148
672 1039
133 649
1404 1534
1049 1707
1217 2354
796 1840
2379 1062
1915 1421
686 2277
1756 234
1229 2235
1383 1996
278 2090
409 142
890 1264
1744 819
779 158
1238 938
907 2017
1631 1071
114 248
620 746
1814 1030
11 1805
1077 1112
1091 225
1711 183
1791 1371
360 1411
1135 1909
1190 779
1826 598
1837 148
1493 886
2248 2196
2163 1663
846 1580
1545 1199
127 1787
2107 916
973 1730
406 1168
1208 541
2167 826
259 2102
817 744
1853 442
282 1051
1712 2006
365 1567
1994 955
909 1417
2145 1089
1664 2013
818 1613
766 2187
622 1302
1414 1350
18 1726
51 1101
1920 2104
43 381
1723 1889
1486 1424
188 1864
1180 674
610 1651
464 569
771 1054
1378 835
729 1548
240 2116
2027 1051
1493 873
1556 1709
1912 647
910 1317
1201 2
1472 1598
2050 736
242 295
1346 1365
2031 1011
790 985
333 1915
2033 1880
606 1192
2114 1134
1255 1615
1874 1043
376 1173
1927 155
1115 1147
339 1744
808 1377
1166 1281
574 1350
1151 1852
1951 1246
84 1413
1208 1032
1301 2053
189 1694
1444 1751
1657 27
1834 52
1345 445
1544 1122
855 286
264 1641
1748 1908
644 1607
94 833
320 1359
1111 1000
111 462
1891 1926
940 45
542 791
279 600
889 782
8 95
410 50
1999 841
1162 547
1804 1976
859 184
170 382
761 1391
923 1775
1712 1442
1329 528
324 1317
495 1410
267 1552
1490 458
896 273
1903 786
1544 60
724 1005
203 1180
621 1758
869 1128
1864 1453
1920 786
902 1586
1576 905
735 828
805 825
1679 1858
1010 964
1767 51
946 71
1 1703
237 1796
1327 1087
421 687
249 975
1874 1644
1777 666
1413 1684
1790 670
829 1150
311 1494
956 1021
1039 328
120 843
876 902
1892 1265
628 1733
1390 1307
548 492
438 1281
1642 258
1724 632
1104 1237
1726 437
43 1225
152 657
510 224
1005 567
635 1011
1358 822
513 574
995 586
1773 1524
689 1169
94 569
1140 1127
1549 1474
10 65
16 1108
379 1374
1372 1418
1305 1579
1711 239
213 983
1767 409
1593 506
857 225
1705 1034
435 1543
120 1686
629 554
817 71
51 1013
381 478
53 1706
901 729
1744 1486
835 1269
1313 317
1242 216
358 1207
1466 724
1360 1310
1422 185
1307 1310
461 998
1201 1525
1724 939
1108 796
1315 1289
1107 434
1463 1574
1012 1531
665 99
1621 1164
828 1235
44 870
12 985
155 245
816 1375
156 970
447 1650
427 1125
1443 1424
1124 39
1445 1683
1558 26
642 597
809 44
685 1134
716 116
489 1429
1530 393
1613 1428
983 585
730 483
916 887
44 1294
773 1241
1455 134
580 1599
662 1434
1364 1327
187 362
803 218
505 867
652 963
1292 76
1168 712
462 619
1585 1601
1615 1286
459 955
1530 842
697 1235
159 8
1546 567
1116 923
426 1025
1283 745
380 1089
1265 1074
416 968
1095 1482
314 438
756 1552
1472 932
268 1247
687 1331
166 661
1317 720
965 259
993 826
134 62
545 567
869 196
129 970
1027 598
313 764
77 432
950 215
954 288
1382 1185
9 848
742 1026
269 908
1090 1482
901 1125
61 845
1511 819
1076 407
1411 1377
1045 54
1275 537
621 938
1088 404
1281 170
1156 918
1425 1248
418 1426
969 607
881 1030
1237 445
1418 1039
896 616
589 65
1271 682
11 1165
797 1086
930 1085
1466 523
1132 316
1286 584
397 769
697 994
420 160
746 198
83 277
1419 1202
1062 593
1255 1403
1128 262
937 7
164 1210
93 669
106 600
72 1218
1163 920
1089 785
904 366
173 459
757 864
1068 754
267 969
619 922
652 594
1320 531
1051 611
378 512
1094 526
657 811
609 104
195 182
1316 62
408 1174
1314 323
74 558
534 566
842 579
803 1005
1242 735
534 153
416 1342
572 1248
1320 276
303 456
1156 1350
830 695
922 367
876 796
341 964
190 44
179 790
1067 768
1239 212
707 255
1239 1291
176 464
1297 579
51 225
458 919
1348 625
1314 798
1212 427
1360 1298
1065 1022
698 15
1375 763
83 670
1095 439
1311 138
195 119
782 745
629 223
272 953
462 1070
326 455
1084 895
1256 779
747 691
1069 573
1061 458
676 240
1318 820
576 1052
489 20
426 732
411 850
1257 40
1153 606
1025 868
80 1010
1160 610
1284 600
847 262
856 821
1139 612
1188 464
449 41
101 1261
762 503
24 649
926 1079
432 509
173 910
692 1094
462 836
562 730
821 853
57 765
355 515
865 902
860 255
438 427
578 820
858 848
261 119
69 301
99 775
403 295
1256 261
9 888
894 844
88 1074
764 1208
555 1201
93 55
127 67
787 338
227 481
1190 872
1084 537
671 938
704 891
666 1015
853 1251
162 199
537 986
870 1008
945 747
949 251
28 707
936 262
1139 1139
215 560
480 236
780 511
995 650
247 875
656 326
158 281
519 214
852 458
689 169
511 321
1079 140
427 5
514 956
84 300
39 1193
387 319
717 275
282 571
184 1173
658 187
406 609
361 722
616 295
1079 493
202 1049
1188 298
71 982
705 1084
300 197
75 952
136 493
464 710
715 973
189 658
828 754
845 357
881 23
215 339
361 947
620 359
658 1106
820 526
898 429
1108 669
323 807
1087 290
1122 788
482 214
836 45
649 867
1090 105
311 1022
667 721
125 219
663 793
643 559
555 386
546 600
526 1137
807 1094
636 789
13 1002
89 889
55 1014
1007 694
845 392
162 936
262 366
1032 919
1017 957
229 701
709 440
1083 346
664 696
30 698
1022 226
312 329
810 143
718 767
516 99
158 1069
992 918
4 797
889 1057
302 972
423 54
60 909
423 682
194 582
985 535
281 733
555 870
903 573
918 131
1017 298
797 567
179 791
1051 1009
967 1018
894 52
196 186
241 92
645 768
839 1060
21 600
725 783
351 197
327 623
1001 829
109 961
215 627
410 980
120 298
981 83
261 687
862 252
828 312
1028 934
208 508
478 378
225 30
602 76
866 178
168 232
160 823
575 100
552 460
146 974
691 615
402 674
852 120
365 283
556 632
908 416
36 390
551 844
200 234
222 961
380 529
357 518
716 708
706 19
187 248
886 46
960 113
988 563
470 772
618 472
772 203
69 389
852 97
929 292
330 633
99 617
786 258
449 584
222 508
123 225
939 39
878 93
156 611
320 297
918 680
874 747
868 559
832 745
526 910
587 672
342 28
32 716
921 390
756 26
472 36
952 554
326 372
436 701
128 228
847 826
834 182
182 636
465 286
109 386
748 834
464 841
374 35
421 754
429 474
126 109
82 550
7 125
758 721
499 142
138 240
925 642
442 123
787 399
225 515
58 800
902 917
703 224
925 532
898 719
291 583
791 220
667 429
333 328
872 202
339 495
63 568
373 494
159 37
458 126
826 55
188 437
413 693
104 264
346 134
285 93
322 69
413 659
683 529
869 625
868 714
313 503
486 349
613 760
19 755
50 694
546 829
557 672
719 294
106 74
522 201
431 708
264 356
517 3
394 466
260 154
577 878
582 167
604 775
702 65
730 307
610 43
340 264
475 618
494 392
16 104
462 574
329 273
767 49
240 623
561 292
718 736
525 377
752 13
458 410
198 307
118 334
239 543
187 573
798 451
513 490
219 784
446 248
743 657
221 442
715 676
222 642
399 268
211 528
696 455
163 446
301 425
380 28
724 56
695 444
96 147
429 686
19 285
182 395
30 64
713 88
560 211
92 459
596 20
519 210
458 137
779 758
809 96
160 416
693 563
682 809
373 781
806 613
312 784
237 577
290 351
728 727
189 581
414 98
590 402
502 375
795 795
61 180
332 296
642 220
167 574
500 141
772 628
216 389
61 148
714 178
435 455
193 5
283 611
294 471
296 509
35 480
271 540
148 150
484 670
176 764
679 167
447 751
657 443
106 616
426 324
173 344
324 400
294 361
521 636
260 208
680 92
636 132
316 332
495 686
436 612
517 371
497 633
10 260
124 227
499 376
418 425
482 228
97 730
236 532
190 151
682 734
184 543
648 129
717 351
611 375
126 55
706 302
741 340
246 692
723 436
91 608
505 481
284 165
510 553
185 523
546 193
364 196
456 419
13 549
584 547
309 477
144 244
441 227
356 363
465 617
152 247
447 297
704 257
250 550
661 671
538 552
193 396
652 491
369 396
94 681
630 214
164 10
17 261
472 363
367 15
458 283
614 401
437 701
78 56
519 2
459 108
470 55
502 13
431 447
141 628
414 194
186 556
340 502
358 531
46 322
118 232
4 379
398 248
579 486
127 258
590 623
502 460
100 355
226 524
27 389
479 182
551 665
642 499
47 307
281 226
178 305
161 171
281 286
11 671
5 587
486 426
411 635
479 341
659 301
285 398
338 547
397 602
151 89
178 527
365 136
412 173
123 560
292 455
19 517
35 18
469 25
650 357
234 257
476 178
591 126
436 497
387 51
593 432
445 629
62 151
455 310
302 70
334 149
418 227
346 553
199 85
467 75
565 409
428 50
293 407
600 343
619 614
619 28
486 478
140 225
179 93
396 621
130 504
67 285
565 49
298 242
283 157
502 531
547 449
413 416
556 334
226 430
198 125
601 572
591 380
195 46
228 80
377 579
59 234
606 514
499 534
288 224
583 257
562 394
511 329
38 509
108 445
118 380
21 13
560 317
70 450
459 388
574 220
352 559
525 212
131 113
41 47
436 590
396 161
497 497
570 469
276 3
141 73
453 382
325 343
330 291
149 25
289 520
101 113
433 311
137 78
58 421
538 389
507 340
238 367
140 418
123 337
149 383
408 308
361 116
66 192
451 485
82 490
204 215
292 74
43 111
405 86
164 350
89 538
238 277
42 427
523 551
534 551
507 351
546 119
79 508
488 405
502 532
554 336
134 143
449 163
62 491
466 522
175 80
288 232
36 337
323 297
324 67
362 56
136 408
256 269
382 231
15 466
206 89
2 482
209 439
255 106
481 537
403 263
455 294
57 261
367 176
200 446
34 46
28 372
163 168
325 221
195 471
313 32
8 21
50 349
258 399
262 279
126 229
317 512
83 488
210 316
136 167
139 127
55 333
522 147
336 398
393 199
111 457
375 225
75 56
298 279
276 357
279 509
72 106
88 177
219 311
316 521
365 218
341 245
452 7
457 266
227 92
122 153
40 226
216 193
392 289
364 9
357 311
334 411
121 202
423 318
299 198
431 128
437 447
489 117
146 361
17 213
171 62
478 249
388 466
390 157
264 95
457 42
328 336
154 256
86 160
131 273
347 345
387 7
341 54
75 313
206 116
190 40
336 355
349 62
477 397
237 134
164 408
403 204
474 307
3 68
12 110
80 172
5 173
64 403
60 172
227 414
69 454
281 200
135 457
442 406
403 221
384 65
239 164
230 259
364 210
284 357
189 380
196 469
438 422
105 333
289 130
395 406
420 232
94 151
445 327
183 469
64 329
355 199
170 97
466 436
165 277
273 350
121 172
76 187
184 419
354 286
49 93
110 332
19 146
357 108
391 45
387 212
87 58
312 311
302 220
95 14
412 82
79 22
160 177
62 414
368 62
155 332
213 350
178 196
230 98
26 262
233 128
208 31
30 378
101 381
24 142
340 383
7 170
281 273
269 432
71 367
77 411
287 118
199 161
209 380
194 187
349 1
304 36
164 148
167 284
356 290
211 31
335 121
189 424
24 175
126 155
258 280
30 101
205 58
141 268
33 405
374 179
13 139
331 281
405 366
130 44
43 17
184 415
125 214
280 35
152 114
301 396
333 96
188 142
1 95
403 337
276 127
383 152
305 110
14 89
296 210
100 280
324 336
129 175
76 114
32 396
234 264
396 38
154 167
116 338
224 402
91 37
286 112
124 263
15 297
123 127
114 17
293 338
123 288
338 12
7 121
251 255
133 163
49 257
363 78
157 351
163 241
336 87
128 74
373 133
55 309
100 279
63 131
344 10
229 229
271 298
330 206
369 30
230 219
331 28
219 207
132 218
22 108
168 287
72 15
127 152
390 370
34 35
15 29
66 345
351 244
382 168
272 178
141 20
373 66
153 4
185 285
166 304
80 168
258 216
283 222
47 13
259 193
280 182
150 217
84 279
230 178
151 360
212 324
9 155
160 247
21 114
314 372
142 193
80 57
261 13
196 341
9 301
292 95
235 96
284 353
285 306
2 64
298 262
241 215
125 202
290 77
307 71
103 343
268 207
370 130
20 143
61 65
276 312
231 149
156 77
29 260
266 9
166 336
324 178
62 173
187 340
48 257
179 99
175 264
83 91
153 219
126 294
111 190
97 6
275 207
244 153
292 200
7 217
185 320
124 347
195 307
127 15
267 102
253 294
312 97
304 105
340 287
148 198
155 184
214 124
67 243
95 241
277 190
353 28
49 115
137 345
40 69
179 311
233 148
38 39
273 93
200 54
208 146
9 49
263 163
133 299
81 221
172 213
99 250
218 181
217 117
55 300
9 134
318 265
256 224
84 28
290 141
294 89
21 13
38 162
151 159
59 237
338 113
281 18
317 322
337 121
110 5
268 78
25 154
265 296
70 151
275 254
227 121
270 106
270 288
45 38
51 205
133 277
299 52
13 123
199 80
8 207
329 132
278 4
57 294
226 241
217 105
98 34
216 50
291 131
196 185
252 221
230 18
68 317
108 237
22 60
136 78
117 135
79 207
155 11
113 244
27 75
295 260
160 197
165 187
160 234
271 89
155 110
90 80
261 91
205 206
85 26
275 256
176 110
168 33
117 3
212 293
14 311
70 126
10 223
7 17
43 240
223 113
226 11
17 101
119 35
2 297
296 87
80 192
127 200
4 201
274 5
124 2
246 265
192 2
16 33
100 101
300 229
125 154
159 293
131 90
106 303
273 42
195 272
59 196
234 159
239 101
74 110
122 205
301 51
39 169
300 278
157 192
268 290
249 241
291 215
229 65
69 140
210 11
13 278
73 245
98 273
199 262
253 17
241 200
62 38
19 262
145 14
196 266
132 253
56 96
268 49
71 172
107 158
262 42
53 167
162 80
142 124
122 42
63 200
184 116
59 233
130 195
130 146
120 187
40 69
61 124
157 249
47 171
258 228
77 189
242 129
118 151
72 82
54 81
2 48
59 49
160 167
250 80
102 160
245 201
185 110
83 136
258 160
196 117
216 81
116 255
196 226
154 193
253 98
2 53
160 26
249 135
37 136
87 144
53 209
226 240
30 240
123 136
239 8
206 82
125 264
259 184
104 228
61 94
34 25
91 63
13 207
20 56
37 152
164 147
266 208
100 173
51 188
36 182
46 137
224 187
66 222
73 184
106 213
121 220
231 29
60 174
239 184
235 27
174 77
50 107
173 262
195 202
154 157
209 155
138 172
32 221
217 159
67 138
217 217
58 17
11 73
228 222
192 196
159 221
7 23
235 217
247 37
166 203
156 59
113 82
230 232
69 11
110 92
129 140
230 179
174 5
116 128
20 113
35 22
205 205
192 50
174 217
185 120
102 148
132 94
63 10
88 46
16 117
75 107
194 51
193 50
196 155
41 70
61 162
96 127
3 33
214 152
115 238
208 240
45 46
173 17
96 76
56 185
41 79
128 182
163 225
179 130
51 79
136 115
149 102
193 109
89 203
225 9
1 9
53 222
47 130
58 225
2 34
172 192
82 229
208 198
1 62
54 197
56 119
105 108
19 138
4 172
80 7
58 221
85 12
190 78
198 22
172 33
62 191
192 67
106 48
142 154
70 95
198 25
137 135
214 189
74 184
39 117
9 195
139 155
221 211
120 144
60 145
18 31
128 13
130 155
160 13
58 49
114 185
186 202
103 47
117 209
213 143
212 129
13 127
130 119
11 63
75 19
76 35
179 18
214 97
81 191
172 80
198 110
63 139
202 142
9 75
194 68
182 152
41 189
172 105
66 45
180 15
192 199
119 176
215 136
166 29
51 5
105 115
116 38
169 3
47 129
192 166
75 152
213 91
71 207
64 20
14 35
86 6
90 58
188 43
184 33
49 56
111 151
105 209
207 28
33 179
126 157
8 134
164 119
207 164
176 115
204 137
204 104
123 112
116 77
31 154
131 18
157 122
68 86
76 49
135 102
89 152
98 28
26 29
165 205
150 39
146 60
42 144
193 87
32 53
100 170
36 199
160 103
141 115
7 129
38 64
29 38
84 185
6 189
124 131
135 74
154 68
105 73
190 17
159 150
77 64
186 62
195 86
122 67
196 104
33 43
165 51
171 93
88 18
43 104
121 162
73 170
176 95
194 137
23 101
17 87
141 3
81 82
117 122
160 117
190 139
114 167
31 64
88 110
94 140
102 47
152 26
141 170
77 178
145 99
59 159
149 174
63 135
9 59
46 21
94 129
89 13
102 134
120 83
48 125
63 75
101 170
151 11
168 151
26 62
137 68
141 116
165 120
43 56
96 150
97 160
175 23
8 63
5 167
90 141
113 35
154 43
68 56
52 130
50 148
154 12
25 67
53 179
43 4
138 106
82 178
94 175
9 154
30 140
138 45
133 72
112 68
5 156
98 18
116 82
171 166
78 151
169 80
49 125
73 162
141 5
56 1
9 144
164 24
126 173
24 10
31 97
55 139
155 116
156 33
161 100
155 129
37 141
78 93
59 23
161 125
113 68
64 149
170 93
30 157
16 151
105 25
112 114
130 163
76 30
109 17
13 41
9 40
95 101
34 138
104 142
140 60
146 152
115 136
13 151
134 155
42 15
165 80
19 120
48 108
130 102
68 85
28 150
142 153
85 75
156 16
33 115
27 127
134 145
27 115
94 149
66 57
37 113
61 108
18 138
52 44
12 44
2 88
24 105
59 20
85 127
89 9
28 3
103 22
71 60
147 33
3 64
43 18
119 38
70 66
3 29
125 113
54 23
144 33
143 8
4 103
132 16
128 92
142 40
59 60
122 14
53 81
80 117
94 9
146 98
63 84
52 109
138 43
43 86
53 78
120 154
73 108
116 81
141 70
39 39
60 78
134 120
103 10
83 28
129 130
11 11
78 111
115 98
88 77
144 105
148 49
110 134
142 125
41 8
52 87
4 84
101 20
107 123
42 43
25 1
86 57
23 116
90 128
104 133
64 23
36 122
136 67
87 102
41 72
128 66
19 23
88 51
126 68
94 1
48 80
134 107
123 127
142 67
77 42
11 94
8 85
108 50
74 11
47 63
37 68
3 36
4 133
7 80
124 82
133 29
140 25
35 5
100 7
65 27
56 99
137 3
33 80
120 86
2 105
121 63
62 81
113 40
6 93
89 90
50 89
22 131
139 79
40 58
17 11
14 100
44 119
117 34
127 72
54 24
8 16
128 59
119 93
96 88
113 56
3 92
58 41
38 15
50 94
101 119
66 21
15 65
35 11
52 31
62 134
69 98
59 106
49 22
16 21
109 85
39 18
99 123
68 134
1 72
67 107
61 123
92 117
83 111
24 1
103 3
96 40
73 43
115 93
109 127
13 34
115 81
69 31
129 88
110 78
112 27
60 16
9 46
67 18
15 11
118 103
16 87
28 10
96 8
108 37
84 70
62 57
14 63
100 72
65 122
63 50
46 13
17 29
10 33
124 109
87 58
71 101
69 38
22 76
7 51
8 57
13 121
45 30
57 60
124 92
111 76
33 18
107 102
32 55
38 69
50 9
44 38
105 45
84 92
11 122
72 80
7 28
110 15
106 80
116 61
3 115
3 31
38 87
79 26
114 93
56 94
34 63
39 117
104 17
105 121
44 22
114 73
49 90
25 17
49 70
13 42
43 81
52 117
73 16
56 25
94 83
84 16
116 17
45 15
21 108
40 21
60 100
67 28
22 110
19 17
85 44
71 18
42 50
103 62
65 94
100 39
19 52
18 12
114 111
101 60
112 58
16 11
87 68
61 74
47 26
57 28
104 62
4 81
38 4
10 52
89 72
90 14
84 47
58 64
93 77
55 3
94 108
75 66
59 45
45 38
13 88
51 43
93 6
41 60
97 22
86 50
18 18
42 29
65 21
78 98
91 86
32 97
81 9
99 32
22 12
8 86
43 95
31 92
65 24
109 99
108 97
76 92
35 61
54 76
55 95
39 98
106 37
24 10
2 102
106 87
40 5
95 73
18 18
9 86
15 34
24 64
99 18
100 42
48 9
98 29
2 48
71 69
36 88
24 43
30 35
48 36
25 10
1 80
68 32
28 67
101 41
2 37
65 70
43 31
52 37
77 15
57 102
87 42
85 76
79 39
88 25
87 41
2 76
45 7
4 26
17 40
57 66
69 51
25 99
40 85
31 41
2 30
32 6
81 62
92 42
85 34
90 96
59 19
29 54
7 87
17 12
38 48
96 5
96 23
4 62
56 45
67 42
61 67
49 84
15 17
56 47
92 51
80 90
10 82
21 82
32 70
26 81
60 2
62 3
78 20
83 61
82 74
66 1
34 44
74 93
39 49
96 41
92 16
69 96
84 90
84 43
85 30
33 15
43 1
4 88
89 4
61 52
29 60
57 39
36 37
19 76
30 8
78 35
92 30
16 33
32 93
21 33
59 43
15 69
7 13
63 9
13 29
30 17
55 65
18 15
50 6
18 17
60 14
65 74
33 58
71 64
7 57
33 57
91 44
67 41
4 68
87 35
44 52
59 12
32 53
27 8
51 26
9 17
12 58
68 13
40 69
74 24
58 82
16 57
82 22
42 59
25 83
85 29
51 79
32 45
70 39
7 29
81 33
67 57
53 40
7 72
67 10
45 53
63 20
51 59
5 60
8 8
30 8
55 11
33 32
86 47
7 11
32 21
69 71
7 26
40 64
32 33
71 25
28 82
34 44
42 17
84 11
55 62
13 37
24 47
1 25
17 4
64 3
12 51
73 62
74 7
43 14
34 63
28 43
34 19
28 1
73 3
36 45
53 74
18 52
7 4
68 76
47 26
82 63
53 22
75 6
42 44
77 39
38 73
6 1
60 63
22 43
13 37
43 8
17 3
58 21
77 72
74 62
35 16
79 33
60 20
26 15
19 43
67 53
10 2
52 62
19 51
58 63
78 64
14 33
49 54
54 36
34 29
51 34
31 71
56 22
2 6
8 28
76 34
63 47
36 27
74 20
75 19
58 29
53 75
76 78
44 44
28 68
65 46
8 21
58 23
61 61
3 24
69 23
5 67
25 18
26 6
62 77
41 35
53 37
43 57
30 35
59 5
70 41
46 68
20 6
52 68
34 66
66 4
22 59
60 9
68 10
39 19
2 28
31 13
69 59
32 19
71 39
4 41
39 47
41 38
3 38
69 55
32 57
55 50
34 26
32 62
62 74
38 31
8 61
9 31
9 49
68 51
57 16
14 13
67 40
12 16
39 51
5 14
25 19
7 48
41 30
2 36
50 51
10 37
65 39
71 37
64 37
11 63
22 14
15 6
10 45
41 33
6 66
67 18
48 60
42 33
25 68
62 1
13 16
2 40
41 38
64 25
2 44
26 52
13 41
12 30
50 27
62 43
7 42
64 9
10 33
9 43
39 30
15 39
51 61
63 68
44 18
9 38
10 52
40 25
66 56
31 13
1 61
10 9
16 47
35 66
28 1
39 52
40 2
31 54
43 65
62 24
25 19
33 66
52 66
3 20
67 24
40 23
43 17
7 30
3 17
63 29
63 33
42 39
34 29
17 21
57 43
66 33
36 2
32 16
29 53
61 39
4 20
13 40
27 29
23 24
11 34
65 11
31 1
19 50
24 30
52 25
21 8
33 39
22 18
41 27
59 27
46 6
26 64
14 48
11 37
61 23
56 47
3 27
14 24
62 34
10 8
19 4
8 12
50 39
18 61
15 40
15 55
42 11
48 13
2 27
40 43
40 32
58 62
43 15
49 13
36 15
42 13
58 24
14 27
23 31
8 49
53 61
38 50
4 19
43 18
7 55
52 10
31 60
44 31
14 8
49 16
17 42
35 21
23 51
28 59
22 22
46 17
14 26
8 28
29 34
18 15
31 55
10 36
28 14
4 13
47 53
57 26
42 28
14 53
50 4
28 23
11 34
7 8
36 42
33 32
18 34
48 21
54 17
3 17
15 52
43 23
47 55
38 2
38 37
41 19
12 21
43 8
10 2
49 53
57 39
56 55
11 32
36 15
1 9
22 29
5 12
11 42
28 31
30 15
24 24
20 47
30 43
15 38
30 32
19 31
13 22
42 37
54 33
32 45
25 49
14 19
45 41
5 50
29 50
3 4
39 31
47 4
34 49
28 51
17 3
3 54
16 48
41 4
5 39
36 47
50 23
35 23
31 32
11 3
4 33
45 51
4 10
2 25
18 45
11 2
49 49
31 53
40 30
11 20
7 18
53 26
42 20
37 32
4 35
24 47
33 16
6 30
7 27
24 49
26 6
40 28
46 45
10 8
44 40
41 29
24 3
43 15
24 47
44 41
27 23
50 29
13 2
29 7
16 35
34 33
39 13
9 27
22 38
44 16
41 9
21 41
31 13
40 37
34 29
25 15
14 25
46 14
8 23
9 40
24 15
23 14
34 42
13 26
26 8
37 12
43 10
44 13
18 48
37 45
2 48
46 38
47 30
36 49
28 8
3 41
29 32
11 13
29 40
7 19
3 13
17 17
11 41
30 28
3 41
11 39
40 31
7 46
40 13
47 38
25 19
3 24
8 20
9 37
2 26
27 12
28 47
30 47
41 41
42 10
44 41
33 27
41 37
19 16
46 22
25 22
11 45
14 4
10 3
34 33
25 10
15 4
46 22
34 41
10 11
2 26
22 25
5 4
36 15
19 14
21 19
30 24
10 14
6 3
15 38
22 18
42 33
43 2
12 16
24 26
34 1
8 8
32 24
7 33
44 33
8 28
28 34
32 38
7 43
28 3
10 36
40 28
19 11
24 16
9 19
31 29
12 37
11 12
15 43
20 17
34 20
23 16
7 13
23 4
43 17
11 39
35 13
19 37
34 23
25 17
24 32
33 1
12 3
29 7
36 11
39 18
10 37
1 18
31 24
13 9
37 29
1 25
21 43
2 31
38 30
28 4
41 19
13 40
36 1
37 12
5 18
14 13
34 12
1 16
39 40
18 21
33 32
12 22
18 11
30 7
23 4
28 31
2 20
31 4
27 4
25 34
41 38
25 27
14 8
13 27
1 39
27 14
1 21
4 10
34 6
17 24
32 32
38 28
30 20
37 21
14 33
12 17
7 33
40 38
32 29
36 21
27 8
18 38
40 3
6 18
33 10
22 25
10 5
4 7
18 35
30 33
38 20
30 35
26 29
20 23
18 13
14 33
26 9
11 17
7 11
20 6
29 3
30 5
35 28
14 11
36 14
23 30
3 18
26 13
21 2
4 38
6 37
23 20
8 6
16 37
22 10
31 13
38 16
13 11
23 34
35 14
4 28
25 6
25 32
31 18
16 1
30 9
31 2
1 18
36 28
12 17
6 22
28 25
26 13
11 15
21 6
27 30
25 22
31 35
17 25
5 21
8 24
21 31
14 18
8 35
30 24
22 17
1 17
17 9
4 7
11 7
8 36
19 9
30 17
23 20
15 3
29 3
25 24
5 11
15 10
1 24
23 24
35 8
27 35
16 18
8 19
35 2
15 12
7 26
14 23
30 6
34 21
5 19
19 1
1 29
33 26
35 25
33 3
33 24
13 6
17 12
5 7
28 17
25 21
6 6
20 32
28 34
22 10
9 9
29 13
23 26
34 13
27 27
13 1
19 18
21 19
15 1
6 24
5 20
6 19
31 31
22 24
4 29
26 2
25 12
16 24
3 3
29 1
32 8
8 13
28 13
23 4
13 10
31 19
7 33
33 9
33 2
2 18
20 6
2 31
7 24
26 20
23 9
18 4
14 6
14 29
26 22
4 31
28 1
17 30
9 23
2 17
9 25
28 6
11 14
4 28
32 32
23 22
27 12
31 29
20 6
29 23
26 22
2 8
3 3
22 27
26 9
23 30
22 4
16 20
29 7
3 12
21 27
17 21
1 19
15 22
4 10
30 12
12 29
29 6
24 21
14 4
10 21
26 11
15 17
1 23
2 10
20 16
23 30
22 22
12 15
11 8
20 1
19 19
30 21
13 10
6 5
2 16
1 29
30 21
8 9
12 9
3 12
8 20
22 9
21 16
12 22
17 9
16 21
12 9
20 8
7 1
4 19
20 12
27 23
10 5
4 6
24 6
13 9
12 19
28 19
19 28
1 29
22 15
25 5
16 9
19 7
1 8
24 16
19 28
12 2
6 2
25 5
14 22
17 27
3 20
7 28
11 12
19 12
26 3
27 18
2 8
15 24
15 19
26 9
4 26
26 5
16 19
20 1
2 16
10 20
16 16
11 19
10 26
19 16
11 1
11 23
14 11
10 24
22 10
7 5
13 14
24 3
10 17
24 13
9 5
27 9
26 18
14 6
8 4
5 24
4 27
11 26
13 10
25 25
7 4
17 17
12 25
17 24
5 8
3 12
24 2
26 22
2 15
23 22
4 17
10 24
24 23
4 17
22 22
11 12
12 8
21 5
25 11
9 17
10 5
10 7
18 6
5 14
3 26
15 5
14 10
25 21
8 23
12 14
13 2
4 21
17 11
7 1
1 25
25 15
25 8
2 22
13 10
8 22
17 15
24 8
5 12
2 16
3 9
8 19
6 13
13 7
2 10
17 5
15 18
22 3
25 24
18 2
22 1
9 3
9 5
13 20
10 1
3 12
15 14
14 3
3 23
1 16
23 21
5 21
4 19
1 1
10 19
4 5
21 23
21 16
10 9
12 11
14 3
7 5
8 24
14 24
18 1
15 3
19 9
10 22
24 2
8 11
13 12
17 22
15 21
20 11
19 11
23 2
4 3
2 15
1 22
10 23
21 6
16 8
9 14
14 7
11 21
18 21
21 21
16 13
8 15
22 9
6 14
8 23
2 18
9 11
4 12
20 9
14 14
19 16
8 18
7 8
20 19
16 9
17 21
8 6
8 9
21 10
13 4
5 22
7 1
15 18
8 22
5 21
12 12
9 3
13 14
20 19
16 17
15 19
4 19
20 22
20 22
7 15
18 10
17 6
1 9
12 13
15 15
21 5
17 4
1 5
14 21
1 4
15 13
19 19
17 9
1 19
10 4
15 8
10 20
