1000 1000
54204 30704 76725 2636 75107 53247 37265 73715 55911 56145 52453 13570 99135 90521 54703 63405 91302 1531 48093 53285 58451 31514 67901 45414 35920 45377 42109 28359 58676 93879 99856 29231 40934 92932 48218 32393 62530 85482 22459 18440 57978 74911 32009 57112 65432 86712 20516 73085 88242 84961 42721 46693 16474 10621 8458 68746 72349 50566 13456 47376 60796 13312 76606 1729 6243 24823 50473 68773 26656 72932 3564 84633 64194 35573 41745 45977 22284 78612 19061 26877 63572 78134 73569 96398 88754 82026 81495 77455 48943 94950 24830 9738 8261 17788 11467 30856 42610 78291 15980 69266 51222 19543 70250 15416 55115 11994 61392 93750 6958 96805 20627 70529 74938 10547 83278 80043 8925 64772 73849 57867 59722 15031 67605 84334 32818 95423 31541 91779 73713 47520 77396 41287 83415 47646 73054 54881 75991 50797 64983 82948 63953 1961 69829 38890 12507 53106 35285 37783 34230 25485 12002 10303 40515 79606 94636 89684 91380 42529 97815 81444 6400 75210 22730 89814 39207 12135 61047 15198 62932 26029 98145 26884 27989 67973 82126 56847 37431 33762 10982 71660 59246 22983 81962 16113 18940 92949 5796 10319 35477 19962 8114 58229 95172 47196 48042 50730 59330 25440 65927 22261 67820 80424 65497 12160 48396 47622 69007 85826 81383 96340 73837 56980 19322 55798 73092 38261 48747 95240 64931 575 15201 73044 58803 26724 20239 23197 77454 95921 64988 43380 34533 32808 23803 29 44967 88551 47650 30325 90728 45384 26664 64565 2364 45985 36714 91807 597 85460 87046 65527 2387 18599 54923 77541 45322 91513 737 22775 87433 65725 82507 21966 98532 22661 21994 59850 27563 85996 90175 18291 31379 16838 99207 50094 79175 35920 41901 79771 37732 45298 61650 40118 63896 16572 17658 25570 8084 34747 64696 11869 16823 47202 33834 31706 86215 72179 91555 13777 74526 98081 32067 22257 31271 47625 72350 10445 83545 30602 6567 21276 75900 68216 77745 56147 1139 11754 81716 9223 62852 46412 37443 79674 9965 71276 11379 96179 59806 19286 9956 34332 17366 58374 56588 48636 5999 45289 75432 5895 75891 81999 43522 68142 66566 21266 24288 67705 49371 22356 93279 28575 68767 30721 8248 78731 18348 35979 91262 78153 71616 17569 28836 5333 92294 85423 70321 98292 47064 45752 20538 22954 44102 64059 7447 10668 1676 31734 94724 67399 54089 88002 95973 39207 35074 4220 34290 53421 56550 25551 47925 28165 59471 76761 49850 51764 78535 20170 66408 25598 65921 86945 64903 26375 51004 72349 53394 69031 20435 48117 36429 90875 52470 32401 30082 87543 52973 64371 57315 25874 6273 5239 70391 65743 98351 20240 17506 76886 40409 83913 18835 22681 87210 83738 65407 54565 56086 18800 23595 92872 83268 60024 83747 35737 8776 13828 39631 78100 94550 13297 3974 17174 34888 74364 99268 33238 10955 33125 26475 67715 33390 45310 90395 20599 29047 55802 75163 1484 90953 98757 10708 74221 75132 94454 9957 260 8281 65940 78359 19182 95588 98684 36355 30475 89399 35622 63713 353 68746 90187 68067 2135 51848 74814 39085 97246 30615 14247 15082 37919 29356 25789 12139 20839 20242 38448 21098 28522 4387 15809 64055 99974 14492 409 46801 3891 52382 10513 20595 37479 17051 88662 39614 68899 63475 95050 66144 10441 9297 81225 48359 55004 7013 76850 75842 43606 15297 13292 88479 36035 29100 52533 36008 59943 52941 82808 80185 21674 9672 780 59153 26723 5793 15118 11973 85619 10167 78116 96059 35815 75693 60769 90818 99057 37618 83012 42663 52914 96303 31141 88948 41754 26 41308 18048 69318 40467 98233 90992 66491 15364 50144 9565 21156 81613 21537 6774 91779 16004 19184 43946 8048 79952 51115 7105 33922 34126 66119 3187 46780 13611 8487 4885 13636 66146 22933 82954 22964 37517 73945 89454 52880 40440 99018 74035 38404 20554 80808 46534 36558 16343 90479 44605 12646 41594 68061 46567 92071 50531 66106 38851 64142 74592 60087 77777 57089 83019 77082 80052 20535 67378 69506 89766 24169 68523 63800 62572 5429 60959 9106 58338 77301 15936 19294 89947 73881 3707 52865 65952 54237 18970 21154 18378 9913 81240 12507 67001 80611 89588 63405 1145 56966 32910 7263 81134 17784 71062 60058 23212 48373 69163 97901 42025 1450 17195 48323 75331 20901 1188 41282 91489 36509 62435 9867 62774 60026 22373 46126 40636 28312 9530 41781 85277 42439 65395 82763 76575 52808 42820 16138 1180 28334 14039 43205 46135 47585 7879 21465 84837 9066 62746 76325 61927 41532 2543 24700 1558 41267 87177 42193 69579 96707 325 71207 55497 65719 70321 32071 18527 29492 48209 36058 74177 78599 95614 20312 42535 3493 41776 43723 28910 20874 36399 90836 78757 38942 31887 80314 96560 19064 38859 66138 32122 39183 53697 87618 21254 40369 36041 56132 69861 84249 92189 44037 79199 87803 80700 38085 91295 22476 81807 36556 59701 18205 43744 38457 57146 91982 35123 53706 11045 73981 36195 59518 29515 6243 47136 50768 46612 83176 6899 16472 83776 99088 76860 79326 3242 57560 17410 10888 96387 15568 47443 72439 33772 91186 10895 7270 83168 46017 77327 10564 19997 13521 86434 49512 36116 49921 16631 82727 33096 23530 15550 33223 38969 8761 28900 58562 66320 46309 69449 79058 61876 33243 51496 11999 40781 78743 19268 40300 41111 96594 67215 61108 26467 53648 26971 78934 3568 59953 61660 53015 99834 93561 86237 38802 2321 31488 97363 84993 94148 83163 64050 72375 16406 31898 84374 73538 26992 19993 13837 68102 32939 81051 45561 59405 34699 88883 54690 54618 48836 16349 7633 48669 26261 10221 3823 28581 41709 17537 13573 35856 700 93975 8231 33457 42224 8956 6994 69215 28948 20830 37316 61886 18232 82877 37642 52930 71759 92331 7548 36946 25031 31532 85615 51291 41752 89437 79872 83460 6973 9796 35668 24024 3770 60250 73832 45993 69205 80825 31559 98152 18006 68875 76390 36238 68103 14031 5519 56213 6362 29418 93159 47744 60949 78773 99035 2701 84561 78906 2512 7885 5053 54531 31909 8823 14780 5740 71167 83984 2917 2726 98488 37274 87952 74877 73511 72406 5259 95382 28618 11620 24799 21776 59364 85748 16900 74750 4800 1460 70007 7311 9345 75059 78194 57605 83881 92973 79696 71400 93309 82612
1 2
2 3
3 4
4 5
5 6
6 7
7 8
8 9
9 10
10 11
11 12
12 13
13 14
14 15
15 16
16 17
17 18
18 19
19 20
20 21
21 22
22 23
23 24
24 25
25 26
26 27
27 28
28 29
29 30
30 31
31 32
32 33
33 34
34 35
35 36
36 37
37 38
38 39
39 40
40 41
41 42
42 43
43 44
44 45
45 46
46 47
47 48
48 49
49 50
50 51
51 52
52 53
53 54
54 55
55 56
56 57
57 58
58 59
59 60
60 61
61 62
62 63
63 64
64 65
65 66
66 67
67 68
68 69
69 70
70 71
71 72
72 73
73 74
74 75
75 76
76 77
77 78
78 79
79 80
80 81
81 82
82 83
83 84
84 85
85 86
86 87
87 88
88 89
89 90
90 91
91 92
92 93
93 94
94 95
95 96
96 97
97 98
98 99
99 100
100 101
101 102
102 103
103 104
104 105
105 106
106 107
107 108
108 109
109 110
110 111
111 112
112 113
113 114
114 115
115 116
116 117
117 118
118 119
119 120
120 121
121 122
122 123
123 124
124 125
125 126
126 127
127 128
128 129
129 130
130 131
131 132
132 133
133 134
134 135
135 136
136 137
137 138
138 139
139 140
140 141
141 142
142 143
143 144
144 145
145 146
146 147
147 148
148 149
149 150
150 151
151 152
152 153
153 154
154 155
155 156
156 157
157 158
158 159
159 160
160 161
161 162
162 163
163 164
164 165
165 166
166 167
167 168
168 169
169 170
170 171
171 172
172 173
173 174
174 175
175 176
176 177
177 178
178 179
179 180
180 181
181 182
182 183
183 184
184 185
185 186
186 187
187 188
188 189
189 190
190 191
191 192
192 193
193 194
194 195
195 196
196 197
197 198
198 199
199 200
200 201
201 202
202 203
203 204
204 205
205 206
206 207
207 208
208 209
209 210
210 211
211 212
212 213
213 214
214 215
215 216
216 217
217 218
218 219
219 220
220 221
221 222
222 223
223 224
224 225
225 226
226 227
227 228
228 229
229 230
230 231
231 232
232 233
233 234
234 235
235 236
236 237
237 238
238 239
239 240
240 241
241 242
242 243
243 244
244 245
245 246
246 247
247 248
248 249
249 250
250 251
251 252
252 253
253 254
254 255
255 256
256 257
257 258
258 259
259 260
260 261
261 262
262 263
263 264
264 265
265 266
266 267
267 268
268 269
269 270
270 271
271 272
272 273
273 274
274 275
275 276
276 277
277 278
278 279
279 280
280 281
281 282
282 283
283 284
284 285
285 286
286 287
287 288
288 289
289 290
290 291
291 292
292 293
293 294
294 295
295 296
296 297
297 298
298 299
299 300
300 301
301 302
302 303
303 304
304 305
305 306
306 307
307 308
308 309
309 310
310 311
311 312
312 313
313 314
314 315
315 316
316 317
317 318
318 319
319 320
320 321
321 322
322 323
323 324
324 325
325 326
326 327
327 328
328 329
329 330
330 331
331 332
332 333
333 334
334 335
335 336
336 337
337 338
338 339
339 340
340 341
341 342
342 343
343 344
344 345
345 346
346 347
347 348
348 349
349 350
350 351
351 352
352 353
353 354
354 355
355 356
356 357
357 358
358 359
359 360
360 361
361 362
362 363
363 364
364 365
365 366
366 367
367 368
368 369
369 370
370 371
371 372
372 373
373 374
374 375
375 376
376 377
377 378
378 379
379 380
380 381
381 382
382 383
383 384
384 385
385 386
386 387
387 388
388 389
389 390
390 391
391 392
392 393
393 394
394 395
395 396
396 397
397 398
398 399
399 400
400 401
401 402
402 403
403 404
404 405
405 406
406 407
407 408
408 409
409 410
410 411
411 412
412 413
413 414
414 415
415 416
416 417
417 418
418 419
419 420
420 421
421 422
422 423
423 424
424 425
425 426
426 427
427 428
428 429
429 430
430 431
431 432
432 433
433 434
434 435
435 436
436 437
437 438
438 439
439 440
440 441
441 442
442 443
443 444
444 445
445 446
446 447
447 448
448 449
449 450
450 451
451 452
452 453
453 454
454 455
455 456
456 457
457 458
458 459
459 460
460 461
461 462
462 463
463 464
464 465
465 466
466 467
467 468
468 469
469 470
470 471
471 472
472 473
473 474
474 475
475 476
476 477
477 478
478 479
479 480
480 481
481 482
482 483
483 484
484 485
485 486
486 487
487 488
488 489
489 490
490 491
491 492
492 493
493 494
494 495
495 496
496 497
497 498
498 499
499 500
477 501
204 502
238 503
373 504
448 505
483 506
393 507
185 508
417 509
149 510
224 511
185 512
458 513
461 514
385 515
314 516
258 517
292 518
231 519
202 520
8 521
212 522
138 523
53 524
481 525
390 526
444 527
359 528
198 529
471 530
510 531
529 532
49 533
319 534
43 535
504 536
96 537
382 538
533 539
182 540
358 541
67 542
426 543
373 544
410 545
307 546
84 547
26 548
227 549
187 550
328 551
84 552
28 553
159 554
443 555
333 556
374 557
271 558
365 559
492 560
289 561
448 562
350 563
420 564
42 565
473 566
82 567
148 568
36 569
528 570
146 571
247 572
550 573
111 574
338 575
303 576
398 577
51 578
64 579
494 580
422 581
476 582
141 583
496 584
134 585
451 586
340 587
46 588
130 589
260 590
429 591
395 592
444 593
36 594
28 595
405 596
575 597
473 598
112 599
363 600
385 601
66 602
553 603
72 604
43 605
520 606
508 607
165 608
204 609
118 610
371 611
315 612
568 613
294 614
33 615
263 616
526 617
551 618
354 619
401 620
105 621
541 622
29 623
572 624
492 625
550 626
211 627
487 628
499 629
479 630
282 631
353 632
373 633
523 634
304 635
435 636
543 637
398 638
419 639
427 640
388 641
587 642
506 643
319 644
184 645
645 646
424 647
414 648
297 649
477 650
447 651
562 652
414 653
275 654
601 655
562 656
47 657
430 658
257 659
123 660
414 661
483 662
534 663
348 664
351 665
138 666
63 667
428 668
87 669
125 670
124 671
645 672
439 673
592 674
367 675
225 676
240 677
640 678
80 679
283 680
506 681
436 682
48 683
367 684
272 685
550 686
294 687
125 688
340 689
46 690
538 691
40 692
667 693
347 694
85 695
682 696
570 697
555 698
447 699
535 700
457 701
64 702
678 703
593 704
92 705
462 706
232 707
546 708
169 709
191 710
210 711
23 712
616 713
492 714
208 715
100 716
301 717
638 718
523 719
571 720
544 721
549 722
625 723
34 724
483 725
724 726
374 727
189 728
674 729
335 730
574 731
16 732
667 733
244 734
634 735
118 736
334 737
114 738
706 739
310 740
387 741
618 742
593 743
672 744
214 745
103 746
350 747
426 748
321 749
252 750
81 751
110 752
524 753
575 754
554 755
371 756
221 757
309 758
756 759
592 760
93 761
439 762
180 763
172 764
613 765
440 766
47 767
415 768
419 769
197 770
587 771
527 772
17 773
770 774
390 775
621 776
218 777
107 778
29 779
326 780
490 781
246 782
416 783
178 784
280 785
128 786
579 787
399 788
401 789
645 790
580 791
46 792
200 793
197 794
160 795
661 796
718 797
636 798
149 799
395 800
263 801
131 802
133 803
40 804
579 805
497 806
404 807
344 808
439 809
775 810
70 811
602 812
665 813
754 814
367 815
98 816
489 817
184 818
186 819
177 820
126 821
241 822
536 823
657 824
381 825
64 826
704 827
465 828
140 829
652 830
682 831
469 832
418 833
203 834
715 835
269 836
59 837
278 838
803 839
308 840
546 841
135 842
371 843
8 844
122 845
207 846
499 847
840 848
275 849
790 850
731 851
389 852
660 853
49 854
252 855
194 856
660 857
822 858
540 859
420 860
142 861
844 862
854 863
619 864
360 865
452 866
860 867
562 868
68 869
356 870
462 871
602 872
712 873
51 874
842 875
484 876
869 877
857 878
39 879
39 880
618 881
774 882
779 883
229 884
768 885
298 886
57 887
830 888
877 889
134 890
497 891
714 892
709 893
467 894
133 895
295 896
248 897
20 898
35 899
88 900
174 901
792 902
563 903
137 904
465 905
824 906
333 907
331 908
118 909
218 910
230 911
828 912
158 913
327 914
767 915
808 916
631 917
281 918
140 919
806 920
398 921
718 922
345 923
400 924
96 925
264 926
112 927
37 928
766 929
273 930
782 931
640 932
889 933
364 934
5 935
650 936
148 937
500 938
192 939
363 940
631 941
10 942
665 943
932 944
594 945
692 946
643 947
197 948
705 949
339 950
371 951
590 952
931 953
409 954
269 955
633 956
447 957
632 958
860 959
154 960
300 961
440 962
410 963
56 964
311 965
805 966
964 967
18 968
82 969
904 970
711 971
645 972
608 973
342 974
946 975
737 976
851 977
95 978
461 979
230 980
763 981
840 982
162 983
635 984
782 985
779 986
247 987
557 988
978 989
399 990
541 991
631 992
947 993
498 994
704 995
333 996
399 997
412 998
249 999
631 1000
381 142 98599
640 371 97162
429 8 47265
797 155 51979
536 373 7888
702 64 76318
878 123 73470
310 310 66992
13 13 37556
115 115 1927
90 90 70420
40 40 78370
202 202 88242
818 69 31396
149 149 1205
36 36 31447
353 57 96211
174 174 97716
165 165 39290
73 73 69410
999 180 14263
418 154 50107
139 139 93027
380 68 46447
775 25 54403
331 60 43060
777 172 48946
988 374 75493
703 427 62052
993 390 76725
754 338 52839
368 184 5345
474 416 15051
852 389 61927
299 299 97951
701 137 31010
113 113 70126
58 58 72415
551 328 4868
954 132 37746
679 80 56621
869 68 48266
213 213 91048
264 51 89562
190 190 75201
493 440 49171
854 41 59269
979 450 85354
393 282 25141
613 148 34273
358 304 98510
978 95 32114
243 243 85192
643 32 50770
204 187 7997
756 65 11277
278 271 3669
546 249 34119
899 35 94470
40 40 46775
664 348 84110
525 363 59314
638 43 94082
830 177 87113
951 371 33037
299 299 13454
576 148 75724
596 310 6324
714 209 61317
536 363 61922
310 33 45884
772 139 86176
85 85 14710
518 292 38886
982 308 64617
18 18 67103
823 133 11867
546 189 74529
870 197 24089
186 186 85688
460 399 42654
695 85 60792
870 197 4919
579 64 43876
816 47 61134
432 417 64691
887 57 65823
753 53 903
633 6 87696
721 373 53376
760 2 44717
413 359 29478
204 204 16026
475 475 82092
702 64 47490
187 187 28906
878 123 56145
52 52 21281
954 71 14286
1 1 12828
376 350 95182
93 93 90878
922 398 18795
299 299 93643
390 390 54307
880 39 98106
137 137 59439
633 360 99228
913 158 59298
550 186 96441
730 307 96343
911 230 18009
140 140 5879
934 210 97575
929 371 53324
587 182 17908
692 40 88720
482 303 31584
709 148 63754
7 7 72924
799 149 12469
493 108 59811
501 112 11721
380 380 33282
306 306 6585
630 81 79118
889 68 79788
960 154 97443
896 162 37010
649 297 29126
924 139 19324
392 282 2783
554 159 86734
275 49 73618
908 202 89782
844 8 89532
314 314 87325
101 101 42599
543 244 70933
552 84 15274
30 30 88412
705 92 19395
839 133 9878
572 90 82092
541 349 33611
674 193 34112
557 374 1500
881 328 40848
831 123 16443
764 172 75686
37 37 7852
800 307 41762
194 194 53577
423 28 38666
514 461 63014
125 125 33206
236 34 61063
87 87 10021
287 141 93873
729 256 49628
415 319 6413
618 328 32605
731 95 98284
307 307 39239
972 96 12734
338 338 41254
543 374 97979
958 74 19289
978 95 31429
202 89 38036
829 140 21679
593 47 87121
198 198 86461
833 213 96872
71 71 33148
156 51 28900
410 410 1887
388 388 69960
28 28 6672
808 255 12112
843 371 61966
521 8 13141
994 440 74695
454 439 49260
677 184 42796
176 176 34669
75 75 74436
961 300 23161
273 273 7214
944 367 36821
55 55 61608
372 38 87987
512 31 64916
559 59 90677
818 184 20860
613 41 84551
633 115 90299
68 68 85139
580 52 72006
146 146 98680
966 64 3197
573 124 7235
911 230 30617
826 64 43453
854 49 75318
66 66 59358
616 263 40824
267 267 5251
405 309 55302
762 439 97648
441 340 44400
990 85 73875
576 202 82862
192 192 78758
997 399 10824
314 64 21853
23 23 30163
846 141 59244
97 97 99552
750 100 7358
750 169 19480
149 149 81175
24 24 13132
237 237 80266
346 333 56902
521 8 12955
374 331 16624
888 198 74558
131 111 71897
34 34 13348
391 391 81240
871 334 11473
397 351 94929
880 39 94929
145 145 54924
399 157 66585
353 197 89267
976 121 63795
534 251 11771
782 246 4849
481 27 57027
721 249 96354
193 193 13056
474 474 89994
402 372 54982
677 122 2490
261 261 70723
528 154 89843
674 39 35445
797 177 7080
997 301 12106
23 23 86354
377 282 43702
432 328 64577
778 107 78301
111 111 25422
600 178 35248
322 319 40754
164 164 83792
608 165 52612
687 294 93264
145 145 86988
850 141 45256
552 15 62998
480 144 51492
780 254 65663
554 123 88447
153 153 9109
906 47 7797
698 414 96281
661 187 12113
276 276 95968
263 32 60550
518 141 18916
515 62 61059
359 194 74664
21 21 45868
467 251 45393
928 37 63081
724 34 67080
357 357 31766
469 141 1947
436 403 63978
338 272 77912
253 139 8326
312 312 33519
327 68 11617
195 125 77867
587 33 73023
20 20 97228
99 46 3093
216 216 233
515 302 91987
492 419 7259
404 244 41749
729 333 30597
599 112 39465
215 215 73152
81 14 57118
456 385 99160
683 48 79205
776 51 42071
360 42 83725
347 347 64715
957 163 3958
705 92 78864
653 307 64097
117 117 21875
621 105 81240
90 90 21624
249 111 26459
806 104 27509
228 228 59425
304 304 69832
19 19 52995
328 241 17237
192 192 12430
640 10 33836
514 327 75675
754 4 10969
729 72 53298
187 187 89401
695 85 35864
471 292 1025
303 303 92142
649 297 50963
237 181 40788
666 138 1082
854 37 21347
528 142 42350
849 275 12306
146 57 77714
546 104 29702
762 111 51994
786 128 25655
928 37 54644
242 242 34176
382 382 28347
815 335 75384
161 161 56525
863 49 9747
168 168 28804
233 105 73907
287 287 20832
632 4 23060
638 283 66287
282 282 67751
457 204 72585
156 156 98271
539 49 20485
415 150 66547
514 317 6106
317 174 12211
575 49 53428
758 170 14431
817 160 3713
456 441 4941
558 249 42549
142 142 33972
413 294 33259
897 61 66408
796 111 62076
253 242 97976
463 98 52867
891 187 62388
673 328 68547
738 114 42339
678 106 1588
226 226 7343
197 12 18637
807 260 41049
214 214 51622
289 123 28215
617 390 28382
483 364 89306
222 222 34047
769 126 61595
107 107 56053
694 28 73652
37 37 12663
25 25 26274
73 73 64681
46 46 50340
260 205 11813
641 39 2529
946 40 36917
345 29 35042
291 135 18196
343 181 96223
994 36 35799
656 444 86534
282 17 98482
962 414 33718
653 414 22923
817 351 35313
345 345 573
613 148 3601
6 6 3088
201 201 84268
776 105 70836
574 111 97780
459 187 6148
940 319 47561
10 10 66585
284 284 91601
596 51 95562
169 16 45220
769 21 85816
856 111 22458
475 457 79742
310 187 3034
441 85 18606
940 24 7492
500 33 20029
436 316 84383
36 36 35786
598 432 94801
817 200 29173
984 304 57098
441 197 74798
183 183 34424
568 148 22508
525 276 53883
16 16 45916
397 211 70583
779 29 46846
916 195 75277
716 11 75829
241 241 51588
338 64 70469
136 136 52364
911 230 78700
418 172 71975
652 326 96101
919 140 17663
502 204 28261
699 222 39807
328 289 81170
508 185 54515
95 95 98653
915 47 93325
279 263 41564
978 95 78328
304 304 11107
756 307 92634
771 340 90939
383 241 74512
189 185 21801
358 44 94681
225 138 50251
877 53 46956
202 202 51923
117 117 87659
444 315 8047
550 187 75353
183 183 76512
474 264 58369
985 246 28906
137 137 63949
818 184 31439
420 420 85491
376 182 11173
650 298 70832
309 309 85498
355 355 34919
59 59 69463
570 3 33740
290 247 51206
547 84 19382
848 293 9133
286 23 2761
128 128 9942
300 89 88592
483 321 685
332 332 57327
602 66 83856
416 416 54858
156 75 61197
361 342 24672
94 94 39964
227 227 90027
339 148 21818
281 46 87258
224 224 74006
908 105 6460
586 451 76324
442 122 60109
651 447 32535
847 341 22508
518 292 26680
833 13 76489
212 212 73777
29 29 29716
638 206 31489
643 465 64593
454 51 80299
129 8 80772
589 130 83400
123 63 55740
631 210 17174
662 43 93186
503 202 2889
631 29 39871
699 29 9077
187 187 43893
780 326 68943
78 78 17138
849 275 10632
600 315 59676
339 36 39885
513 165 40279
50 50 50884
938 92 26221
161 161 20843
589 111 57811
481 371 27232
424 185 38133
561 289 50622
544 304 97234
219 219 16827
456 186 52434
734 46 96895
970 68 23987
190 37 96128
385 385 12104
195 106 69211
427 328 47747
911 200 12131
533 49 78466
118 118 86140
944 362 68677
730 335 19264
976 334 57141
314 310 38529
442 46 72506
897 248 86611
460 19 98843
206 206 93635
689 340 14323
154 154 4230
645 184 35943
322 307 49742
585 134 12862
77 77 51524
958 353 86569
463 285 92161
73 73 95531
267 267 51164
901 174 76976
224 224 19258
805 64 94835
99 99 56141
193 193 32774
406 64 48721
929 416 16461
850 184 48098
362 87 29193
245 5 7494
408 187 27835
735 138 68682
992 282 99821
178 17 22633
318 209 56381
444 294 58206
516 133 82988
977 96 3232
426 426 21900
618 328 54186
464 108 77373
298 195 22134
979 186 92700
151 151 74068
135 33 83276
516 314 82241
721 344 22487
709 169 90582
940 97 95039
192 192 64091
377 177 32551
749 321 93745
883 29 83282
582 308 79645
649 297 88030
276 276 41209
868 30 71552
355 114 44575
288 240 75671
678 427 26737
769 338 5265
671 124 39091
415 227 29600
696 160 60259
693 63 53700
74 64 99009
282 282 54390
186 186 70127
760 395 82155
431 427 12375
167 167 14971
431 116 67315
874 51 7894
473 398 13053
731 105 73213
782 246 87999
142 142 56005
883 29 99717
9 9 93365
164 54 97394
538 220 26839
860 3 63306
174 174 84187
67 52 89115
472 134 57736
684 267 10781
34 34 73108
39 39 48972
755 159 50244
471 167 85297
864 56 80869
54 47 42223
359 359 24802
897 248 41853
12 12 69986
99 13 95604
879 39 1364
339 339 58007
310 310 52010
905 365 49176
202 202 78231
422 29 70497
996 333 76936
797 398 5442
649 72 1771
986 29 39135
589 68 5533
305 271 73320
311 311 42214
672 59 5579
199 38 93511
429 70 32848
277 277 70544
212 212 7137
6 6 48092
128 128 51146
263 263 27078
795 160 81700
114 114 47631
328 314 91467
258 258 14856
120 120 98666
967 56 17823
511 224 80776
999 247 45729
442 114 82667
587 189 3546
16 16 9728
715 208 75573
346 315 53088
164 164 24154
20 20 50647
37 37 19417
212 212 23750
987 221 52736
68 68 57201
734 244 59929
631 282 82802
359 48 82789
283 283 18455
722 227 95378
875 47 39772
874 51 68133
290 290 67355
391 391 44576
126 126 80590
678 414 10190
958 353 93158
760 346 11193
900 88 95572
355 355 70467
84 37 50733
856 194 35036
340 340 57549
694 347 15401
621 105 54320
210 29 73325
752 110 75960
261 261 88305
453 306 2284
377 12 70984
195 96 34911
928 37 61063
963 340 52504
511 224 49335
264 264 20643
583 141 39981
907 333 83628
866 328 18034
170 170 58691
805 61 7703
789 256 93150
51 43 38452
114 114 44445
969 82 78483
304 304 68790
298 205 28659
630 463 68278
257 257 97158
642 184 42843
333 333 903
35 35 74510
536 197 98044
339 339 6540
135 135 90251
617 286 48224
407 5 18428
65 42 23243
342 173 89571
852 367 54772
694 147 4778
948 49 10572
458 68 56121
501 309 69782
393 393 20412
643 185 90049
866 327 82984
646 95 71900
888 184 24072
810 138 90238
581 148 12736
359 359 99268
282 184 75687
402 402 80444
184 184 74335
947 182 35843
348 34 50108
331 331 29438
582 165 42109
5 5 17983
243 243 99902
978 95 72416
598 341 42740
284 284 76212
80 80 28428
766 303 73286
960 154 75361
68 43 69434
505 186 46041
965 191 43810
299 280 1159
200 200 39218
967 56 68558
706 444 61652
269 74 71929
696 133 68857
333 149 9779
46 46 26736
479 74 75273
871 390 95815
32 32 78599
190 190 52713
759 371 1071
669 87 32065
320 149 42490
601 64 90329
457 263 60479
587 123 3048
322 322 31121
947 361 19510
761 93 2549
712 23 80139
424 44 41047
494 23 95309
911 230 68192
400 336 88122
80 46 28384
910 218 13396
957 52 79885
429 350 90245
290 110 20989
190 126 73274
680 283 86317
727 374 61381
387 352 43764
578 51 38099
699 43 13242
435 414 78971
182 105 78374
66 49 86723
663 319 16185
651 12 45357
924 40 26953
592 197 94746
972 156 48097
87 87 78551
537 96 76437
778 107 2233
101 81 91689
826 64 43221
901 174 25395
85 85 24407
793 108 69450
97 97 85219
842 23 83374
290 109 48459
841 184 68595
629 390 88516
213 213 21619
901 53 47787
474 246 89969
868 389 52801
626 181 42260
75 75 28310
645 184 72332
371 93 34441
181 181 85438
127 127 38564
643 197 72791
261 46 82843
399 231 88147
367 367 88535
519 12 62067
778 107 35696
87 87 4167
419 157 48279
211 211 30231
1000 282 42811
563 106 20956
353 353 56354
547 84 75872
693 63 37610
579 64 65974
998 129 46764
693 63 65198
211 29 37355
489 196 28044
719 138 89507
882 109 42965
189 189 93682
542 67 22150
766 405 85631
375 162 85983
348 230 49111
111 25 3326
661 340 37311
367 76 1858
410 146 82404
916 27 17513
232 216 96326
266 109 18037
415 51 54441
45 45 26776
379 197 80755
490 411 1131
167 167 75718
478 401 52793
687 198 95290
91 91 13317
955 49 76884
632 314 42344
668 189 69218
109 109 27818
884 229 84117
990 344 84879
121 121 95301
190 190 85441
334 26 50638
623 29 29455
291 291 48503
526 53 34168
870 146 92247
439 180 8370
608 165 1224
724 34 3567
603 28 35077
255 255 49415
696 81 64792
685 272 47259
491 16 30680
345 169 44084
512 114 89156
758 84 20335
480 159 80750
55 55 67506
622 189 65382
50 50 82799
816 98 88901
608 165 62625
218 17 49992
250 250 27885
333 225 54998
488 335 16902
823 166 25060
924 220 12646
429 193 31834
162 36 10629
312 312 18118
564 369 37644
188 188 15013
532 187 98726
416 202 39302
765 7 28988
666 138 76153
78 78 14725
75 75 31917
909 118 11863
537 96 71272
6 6 23992
650 385 929
14 14 49116
739 351 12635
392 392 96993
380 28 22526
884 24 69981
608 98 39569
877 6 80317
739 462 7729
362 88 10703
705 92 68217
633 327 46614
748 4 57426
734 244 72003
727 126 39949
604 10 69972
584 82 7421
152 152 51427
821 126 61672
549 227 23571
603 28 23823
172 172 44736
785 84 34091
211 170 98486
565 42 99611
865 360 13620
188 188 87941
608 165 38137
386 309 92424
58 58 38423
980 230 127
803 133 78463
890 134 38898
981 130 94067
466 46 57314
428 218 34812
400 97 45598
340 340 12887
476 442 16996
251 251 65653
674 395 2264
800 353 95047
262 212 6966
159 159 79095
578 51 32492
891 103 74401
703 427 23849
652 269 71904
890 134 86345
885 266 28843
889 68 55673
152 90 90656
550 187 62177
867 8 37030
313 313 97348
804 40 75446
556 333 1294
404 386 30130
308 275 49145
652 159 34410
847 399 40701
871 328 51790
526 390 62493
55 55 11706
84 84 93496
784 64 65176
581 342 77911
874 51 77296
355 355 8923
499 408 73433
261 202 52832
313 313 65734
102 102 23537
946 40 33207
651 447 90190
498 187 26976
674 206 50669
584 80 68766
231 231 69522
505 285 22930
938 248 90535
121 121 44363
854 49 58716
742 165 28475
949 92 57965
138 138 9943
465 465 27148
133 133 27227
251 40 73013
772 444 97297
701 310 67193
588 46 23401
302 65 34062
