717
50
175
92
2
636
75
237
166
83
103
40
26
49
11
32
23
116
152
41
24
43
42
215
62
68
63
11
22
2
41
21
174
110
27
7
17
52
36
3
84
46
477
57
15
8
38
66
37
178
27
130
234
183
66
4
33
8
13
34
49
33
76
125
41
36
22
42
37
20
24
1000000000
1000000000
18
35
37
32
51
116
102
29
9
17
13
5
49
22
40
65
405
294
307
46
42
7
37
27
9
14
1
64
13
17
14
167
155
23
139
349
211
2
28
10
19
173
5
232
55
16
4
8
133
15
27
54
4
249
5
3
16
110
11
64
20
296
70
61
76
33
29
31
5
16
5
252
17
59
49
92
19
82
17
11
19
163
15
135
4
17
20
24
71
36
45
9
19
1
20
36
33
43
46
41
6
1
26
29
2
39
45
5
97
70
19
94
5
4
10
27
49
11
38
46
29
23
42
34
18
17
1
32
23
22
40
24
39
47
371
197
79
41
20
160
55
3
37
24
0
30
78
15
104
112
49
14
1
15
18
378
50
35
45
9
150
63
53
47
65
15
2
13
2
2
10
10
3
15
17
103
78
41
11
31
475
13
6
7
16
20
7
12
6
131
64
3
92
160
3
28
102
11
41
10
35
32
0
202
7
110
20
2
83
63
41
65
17
38
52
15
15
25
156
26
7
32
14
20
35
6
117
9
136
29
104
11
48
29
96
73
32
24
28
3
93
50
0
18
40
31
20
10
21
85
100
38
6
27
23
39
2
14
2
64
70
