0 1000
1 2
1 3
1 4
4 5
2 6
1 7
3 8
2 9
6 10
8 11
7 12
12 13
12 14
3 15
1 16
4 17
4 18
5 19
1 20
10 21
19 22
9 23
22 24
9 25
6 26
5 27
7 28
23 29
11 30
10 31
8 32
9 33
28 34
33 35
5 36
12 37
14 38
20 39
2 40
7 41
19 42
26 43
26 44
7 45
6 46
20 47
28 48
25 49
24 50
25 51
39 52
31 53
28 54
26 55
3 56
12 57
16 58
6 59
41 60
16 61
22 62
53 63
23 64
13 65
28 66
53 67
17 68
20 69
62 70
55 71
55 72
24 73
12 74
57 75
51 76
14 77
35 78
17 79
32 80
76 81
58 82
63 83
26 84
74 85
5 86
75 87
24 88
36 89
42 90
70 91
33 92
33 93
42 94
80 95
50 96
29 97
15 98
34 99
50 100
8 101
6 102
60 103
6 104
78 105
16 106
95 107
90 108
57 109
29 110
100 111
49 112
42 113
82 114
38 115
98 116
104 117
78 118
109 119
114 120
71 121
74 122
61 123
105 124
70 125
59 126
117 127
67 128
26 129
30 130
65 131
49 132
65 133
111 134
121 135
50 136
39 137
68 138
102 139
35 140
9 141
49 142
138 143
111 144
69 145
141 146
11 147
102 148
99 149
85 150
104 151
5 152
39 153
118 154
138 155
107 156
76 157
81 158
51 159
17 160
130 161
16 162
142 163
151 164
78 165
110 166
35 167
40 168
77 169
2 170
88 171
6 172
4 173
101 174
82 175
47 176
59 177
42 178
14 179
68 180
178 181
124 182
146 183
41 184
91 185
54 186
85 187
66 188
10 189
80 190
1 191
46 192
87 193
124 194
13 195
32 196
183 197
14 198
37 199
145 200
151 201
151 202
181 203
22 204
177 205
87 206
152 207
96 208
175 209
150 210
148 211
46 212
33 213
165 214
186 215
40 216
163 217
155 218
159 219
17 220
204 221
218 222
105 223
51 224
89 225
88 226
145 227
214 228
196 229
195 230
217 231
5 232
173 233
6 234
137 235
208 236
137 237
130 238
232 239
229 240
14 241
169 242
58 243
49 244
24 245
23 246
168 247
79 248
119 249
184 250
63 251
131 252
143 253
90 254
219 255
92 256
198 257
171 258
183 259
214 260
9 261
165 262
207 263
67 264
160 265
65 266
183 267
118 268
138 269
238 270
218 271
168 272
10 273
14 274
228 275
19 276
216 277
14 278
257 279
28 280
224 281
218 282
211 283
156 284
281 285
101 286
172 287
223 288
192 289
32 290
239 291
255 292
39 293
150 294
54 295
172 296
223 297
292 298
153 299
62 300
74 301
19 302
165 303
151 304
241 305
296 306
246 307
127 308
168 309
204 310
98 311
33 312
181 313
109 314
21 315
226 316
40 317
8 318
35 319
117 320
166 321
280 322
191 323
21 324
129 325
201 326
75 327
184 328
226 329
296 330
85 331
307 332
131 333
96 334
88 335
242 336
118 337
159 338
303 339
264 340
236 341
13 342
55 343
281 344
150 345
219 346
36 347
85 348
152 349
206 350
248 351
85 352
216 353
177 354
238 355
219 356
332 357
52 358
206 359
54 360
321 361
249 362
348 363
164 364
109 365
306 366
3 367
305 368
22 369
142 370
123 371
25 372
360 373
128 374
230 375
47 376
243 377
369 378
109 379
328 380
287 381
214 382
187 383
327 384
183 385
177 386
35 387
200 388
386 389
304 390
240 391
37 392
181 393
264 394
253 395
49 396
342 397
146 398
315 399
80 400
339 401
315 402
196 403
141 404
177 405
278 406
223 407
70 408
237 409
259 410
176 411
196 412
167 413
222 414
413 415
304 416
386 417
133 418
374 419
165 420
109 421
256 422
225 423
90 424
293 425
238 426
350 427
209 428
364 429
411 430
345 431
425 432
139 433
411 434
242 435
130 436
414 437
420 438
425 439
351 440
43 441
159 442
63 443
185 444
151 445
82 446
335 447
355 448
57 449
248 450
211 451
80 452
356 453
22 454
81 455
389 456
201 457
403 458
290 459
457 460
190 461
185 462
323 463
150 464
49 465
33 466
247 467
174 468
227 469
273 470
221 471
187 472
341 473
69 474
229 475
230 476
75 477
220 478
331 479
439 480
316 481
329 482
417 483
246 484
47 485
475 486
129 487
127 488
17 489
439 490
43 491
411 492
21 493
345 494
455 495
95 496
434 497
154 498
37 499
42 500
160 501
330 502
460 503
134 504
12 505
308 506
478 507
38 508
315 509
225 510
149 511
16 512
363 513
154 514
3 515
371 516
387 517
512 518
60 519
330 520
374 521
491 522
445 523
518 524
79 525
449 526
283 527
409 528
320 529
295 530
377 531
88 532
90 533
355 534
70 535
469 536
214 537
183 538
99 539
504 540
336 541
423 542
528 543
287 544
263 545
410 546
165 547
262 548
83 549
132 550
111 551
166 552
166 553
323 554
118 555
513 556
74 557
474 558
224 559
120 560
170 561
557 562
259 563
345 564
316 565
242 566
113 567
68 568
101 569
566 570
285 571
468 572
361 573
51 574
194 575
97 576
271 577
60 578
285 579
246 580
347 581
232 582
491 583
58 584
163 585
292 586
486 587
279 588
97 589
276 590
193 591
177 592
112 593
355 594
402 595
434 596
254 597
283 598
40 599
312 600
481 601
55 602
569 603
268 604
470 605
303 606
180 607
128 608
323 609
16 610
392 611
310 612
23 613
224 614
605 615
24 616
437 617
204 618
275 619
276 620
453 621
587 622
270 623
227 624
578 625
421 626
265 627
544 628
425 629
195 630
167 631
347 632
616 633
10 634
44 635
248 636
340 637
575 638
73 639
68 640
612 641
557 642
131 643
306 644
547 645
430 646
618 647
350 648
514 649
285 650
104 651
543 652
464 653
546 654
304 655
287 656
97 657
430 658
332 659
95 660
659 661
515 662
325 663
16 664
348 665
266 666
91 667
333 668
478 669
54 670
617 671
669 672
497 673
612 674
306 675
262 676
392 677
23 678
274 679
77 680
444 681
502 682
81 683
617 684
504 685
223 686
313 687
328 688
524 689
397 690
485 691
99 692
658 693
47 694
241 695
86 696
300 697
244 698
253 699
33 700
100 701
112 702
576 703
192 704
618 705
703 706
86 707
380 708
81 709
25 710
138 711
376 712
666 713
435 714
132 715
520 716
324 717
434 718
431 719
78 720
243 721
29 722
644 723
712 724
73 725
682 726
213 727
669 728
144 729
667 730
168 731
133 732
526 733
471 734
673 735
590 736
367 737
409 738
23 739
208 740
415 741
647 742
570 743
317 744
581 745
325 746
146 747
408 748
97 749
465 750
28 751
203 752
150 753
204 754
302 755
143 756
361 757
741 758
617 759
133 760
184 761
241 762
534 763
104 764
548 765
378 766
347 767
322 768
32 769
728 770
383 771
638 772
60 773
118 774
488 775
684 776
611 777
506 778
134 779
532 780
181 781
296 782
750 783
32 784
246 785
490 786
84 787
711 788
512 789
324 790
28 791
418 792
469 793
439 794
652 795
545 796
743 797
87 798
674 799
570 800
126 801
718 802
167 803
794 804
530 805
723 806
397 807
540 808
710 809
468 810
314 811
356 812
738 813
105 814
663 815
287 816
418 817
167 818
312 819
340 820
740 821
9 822
522 823
596 824
230 825
698 826
195 827
469 828
22 829
722 830
254 831
586 832
264 833
25 834
646 835
829 836
264 837
32 838
120 839
21 840
77 841
267 842
727 843
808 844
551 845
80 846
746 847
824 848
266 849
583 850
189 851
837 852
512 853
416 854
679 855
353 856
827 857
841 858
27 859
557 860
829 861
592 862
245 863
9 864
606 865
14 866
358 867
623 868
338 869
72 870
777 871
127 872
400 873
633 874
365 875
430 876
848 877
381 878
599 879
209 880
126 881
328 882
652 883
254 884
741 885
370 886
111 887
878 888
621 889
177 890
796 891
596 892
813 893
893 894
609 895
640 896
289 897
207 898
127 899
718 900
797 901
26 902
236 903
30 904
328 905
687 906
134 907
458 908
410 909
369 910
193 911
179 912
655 913
531 914
565 915
365 916
418 917
575 918
750 919
662 920
74 921
123 922
129 923
820 924
888 925
30 926
848 927
377 928
112 929
51 930
740 931
801 932
331 933
534 934
920 935
224 936
444 937
267 938
132 939
406 940
164 941
471 942
930 943
82 944
172 945
229 946
934 947
565 948
218 949
678 950
204 951
199 952
60 953
913 954
822 955
434 956
180 957
775 958
450 959
169 960
939 961
94 962
482 963
817 964
147 965
884 966
834 967
283 968
884 969
235 970
539 971
420 972
286 973
397 974
50 975
952 976
533 977
627 978
48 979
794 980
524 981
414 982
716 983
872 984
362 985
856 986
814 987
631 988
705 989
952 990
78 991
705 992
402 993
141 994
531 995
370 996
670 997
251 998
918 999
63 1000
1000
2 412
1 322
3 1
1 930
1 207
1 713
2 614
1 447
1 48
1 853
1 214
1 269
2 821
2 589
1 181
2 497
1 627
1 990
1 528
2 175
2 879
3 8
1 955
3 6
2 502
1 762
3 2
1 631
3 13
3 4
3 10
1 379
2 73
1 427
1 567
1 997
2 702
2 143
3 12
3 11
2 355
3 17
3 0
3 18
3 15
2 710
3 10
1 647
1 996
1 868
2 381
1 406
1 179
1 462
1 143
1 325
3 6
3 13
1 631
3 14
3 14
1 918
1 272
3 29
3 13
1 654
3 27
1 57
2 311
2 703
3 4
2 985
2 14
1 510
1 470
3 28
1 978
2 8
1 339
3 36
3 31
1 371
3 7
3 6
2 17
1 418
3 20
1 543
3 28
1 628
1 819
3 28
2 659
2 364
1 812
3 17
2 261
1 473
1 396
1 342
1 168
3 30
1 65
2 743
2 571
2 324
2 423
3 20
2 610
1 659
3 37
2 855
3 28
3 0
2 747
3 37
1 743
1 711
2 476
1 921
1 399
2 710
1 305
2 991
3 40
2 732
1 281
1 703
3 33
2 542
2 848
1 93
3 36
3 22
3 53
2 110
1 601
3 17
2 561
2 488
1 227
1 903
1 101
1 920
3 16
3 60
1 380
3 2
2 718
2 941
1 43
2 413
1 425
1 233
2 392
3 49
2 388
1 604
2 39
2 956
3 12
2 35
3 5
2 668
3 38
3 31
1 904
3 3
2 296
1 474
1 5
2 178
1 708
1 916
3 30
3 6
2 370
3 38
1 141
2 103
3 39
3 57
2 492
3 43
2 404
2 317
3 37
1 794
2 699
1 454
2 206
2 339
3 21
1 18
1 20
1 660
3 26
1 415
2 326
3 79
1 535
3 58
2 521
2 60
2 527
2 122
2 27
2 350
3 72
1 321
3 79
1 291
2 479
3 61
1 998
1 496
1 112
3 38
3 47
1 153
1 826
1 352
2 198
2 499
3 20
1 433
2 395
2 125
2 721
1 204
1 804
2 482
1 560
3 58
2 878
3 68
3 83
2 49
3 33
1 363
1 159
1 581
2 595
1 521
2 745
3 79
1 864
3 43
3 89
2 601
2 378
3 37
1 418
1 235
2 847
2 28
2 564
3 21
3 6
1 191
1 247
3 81
1 819
3 56
3 2
3 88
1 21
1 604
1 568
2 640
3 6
3 33
2 895
2 306
3 53
3 2
3 61
3 39
2 148
1 406
2 420
1 40
1 181
1 913
1 540
1 816
1 209
3 72
2 112
2 459
1 444
3 15
3 54
1 176
1 731
2 889
3 11
3 66
1 892
3 5
2 966
3 110
1 99
1 775
3 92
2 799
3 61
3 48
3 92
3 66
2 680
2 263
1 915
2 464
1 601
1 35
1 662
2 981
1 820
1 513
2 838
3 44
3 41
2 902
1 456
1 368
3 111
2 974
1 216
1 24
2 444
3 77
3 106
1 307
1 10
3 95
3 22
2 710
2 900
2 775
1 365
2 383
1 54
1 536
1 971
2 354
1 814
3 101
3 64
1 83
2 31
1 117
3 105
2 913
2 665
1 907
1 25
2 16
3 17
2 516
3 104
3 133
2 205
1 7
2 900
3 85
3 132
2 414
2 365
2 862
1 692
1 17
3 112
1 940
2 269
2 715
3 76
2 60
2 299
1 354
2 454
3 52
1 972
2 874
2 428
1 670
1 829
1 761
2 276
2 418
3 103
1 932
2 203
2 716
3 17
3 70
3 80
3 45
1 892
2 712
1 777
1 439
2 284
3 104
2 138
1 698
2 444
1 911
3 144
1 703
3 77
1 326
3 135
2 483
2 410
3 6
1 772
1 467
3 45
3 146
2 335
2 517
3 43
1 220
3 8
2 604
2 75
1 144
1 111
3 36
2 343
3 73
3 157
2 977
3 45
2 975
2 266
2 129
1 533
3 1
2 682
1 115
1 266
1 724
2 769
3 148
2 697
3 142
1 310
3 44
1 688
1 320
2 92
2 200
3 76
3 27
1 721
1 589
1 663
3 118
2 978
1 981
2 466
3 97
2 820
3 14
1 832
1 164
1 444
2 641
2 655
3 168
2 326
2 185
3 90
2 323
1 369
2 687
1 425
2 375
2 336
3 10
2 95
3 96
2 249
3 22
3 100
2 615
3 147
1 255
1 532
2 766
1 398
1 459
1 334
2 722
2 699
2 640
1 444
2 777
3 53
2 483
3 40
3 71
3 130
3 166
2 124
2 123
1 929
2 138
3 98
1 416
2 980
3 33
1 615
1 323
1 168
1 459
2 920
3 59
2 907
1 489
3 143
3 9
2 75
3 138
1 764
3 191
3 122
2 773
1 872
2 104
2 489
3 186
1 117
1 151
1 10
1 702
1 663
1 540
1 578
3 126
1 52
1 858
3 115
2 523
3 153
2 710
3 171
3 28
2 160
2 911
3 197
1 181
2 194
1 791
2 840
1 740
1 882
1 806
2 300
2 235
3 158
3 123
1 69
2 920
1 818
3 24
1 705
2 982
3 122
1 221
3 91
1 284
3 106
2 653
1 286
3 57
3 98
1 562
3 103
3 54
1 737
2 396
1 562
1 218
1 698
2 134
2 111
1 726
1 810
3 88
1 326
2 434
2 540
2 168
1 122
1 348
3 17
2 490
3 67
2 288
2 848
2 704
3 97
1 626
3 34
2 681
1 196
3 90
1 565
2 519
3 153
1 993
1 540
2 10
2 487
3 151
1 500
2 717
3 67
1 657
3 21
3 149
2 801
3 171
2 852
1 265
3 174
2 937
1 894
1 932
3 118
2 674
3 165
2 404
3 7
2 538
1 968
2 885
2 795
1 62
2 673
2 765
1 164
3 26
1 335
2 881
1 68
3 235
2 718
2 957
1 472
3 153
1 459
3 190
3 164
1 659
2 404
1 860
2 967
1 399
3 198
1 368
1 188
1 381
2 996
3 166
3 225
2 778
3 230
1 275
1 732
1 163
1 262
2 429
1 584
3 134
2 123
2 657
1 195
1 414
2 657
1 983
1 98
1 298
2 14
2 730
1 642
3 60
1 622
2 367
3 2
2 742
3 43
2 797
1 808
1 297
1 852
2 111
3 148
1 643
1 900
1 442
2 301
1 170
2 276
2 621
2 317
3 245
1 616
1 106
3 193
2 327
1 549
1 905
1 421
1 136
1 681
3 188
2 896
1 712
3 69
3 258
1 992
3 51
2 552
1 402
2 388
3 185
1 901
3 93
3 122
2 438
3 155
2 34
1 744
2 665
3 163
2 526
2 658
3 217
2 350
2 469
1 387
1 953
3 124
3 83
1 560
3 109
1 534
1 162
3 127
2 260
1 684
1 250
3 213
1 952
2 171
3 249
3 55
3 81
2 911
3 207
3 91
2 633
2 13
2 51
2 355
3 5
3 213
1 88
3 114
2 67
1 557
3 162
1 989
3 18
1 689
3 36
3 128
1 742
3 184
2 743
1 742
2 977
2 776
1 992
1 109
1 594
3 213
2 913
3 144
1 396
1 593
2 854
2 905
1 406
3 21
2 37
1 496
3 68
2 260
2 139
3 105
2 250
1 717
2 708
2 504
2 887
3 77
1 6
3 250
2 639
1 617
1 437
1 47
3 103
3 206
1 72
3 81
1 5
2 555
3 159
1 343
2 652
2 181
3 131
3 270
1 819
1 402
2 224
1 53
2 854
3 258
1 911
3 284
3 115
1 599
1 593
3 131
3 123
3 175
3 51
3 169
1 265
1 209
2 245
2 1
3 69
1 396
2 24
3 171
3 55
3 109
1 459
2 687
1 430
3 188
2 947
2 271
2 585
2 502
3 243
3 140
3 205
2 441
3 40
1 131
3 315
3 10
1 759
3 192
1 314
1 538
2 588
1 402
2 276
2 817
3 272
3 141
2 102
1 172
3 193
3 109
1 934
3 314
1 702
3 29
3 239
2 104
2 799
2 347
1 945
1 619
1 505
3 2
2 486
1 261
1 706
3 244
1 404
2 180
3 281
3 55
3 309
2 772
2 940
2 147
3 207
2 979
1 343
3 95
3 30
1 628
1 268
3 13
2 44
1 519
3 197
1 842
1 443
2 151
3 235
3 95
1 897
1 57
2 375
1 420
2 659
3 277
1 201
1 121
1 887
1 360
1 295
1 741
3 221
3 112
1 805
1 789
2 229
3 332
3 48
1 693
2 25
1 478
2 744
3 43
3 322
2 7
2 126
1 725
2 687
2 654
2 665
1 719
3 321
2 584
1 870
2 253
2 410
2 552
2 201
3 62
3 46
1 453
1 672
1 748
3 200
1 772
3 5
1 391
3 142
2 440
3 70
2 763
2 692
2 489
3 155
1 5
1 107
3 80
2 84
2 298
2 413
3 134
3 263
2 550
3 340
1 607
3 289
1 112
3 190
3 232
2 474
2 179
1 255
1 459
2 346
