5
5 1
69 -59
15 -29 -84
-80 59 93 75
9 -33 66 -23 -13
5 2
29 32
-25 -42 68
69 86 36 -85
-53 -36 26 83 -80
10 2
578987286 -653880727
398175109 -450810325 886765799
-249186656 -915034776 -153981743 772188160
612041548 -926445949 921766215 983595693 -930762334
210888736 758537738 358021920 -268464228 980078112 -88889144
-939355761 -192139650 -185978100 399414817 54601584 -419554359 -798783261
-557382493 546787184 -689904227 -609948621 438475014 -331214291 20095471 622573935
-613490884 346296185 898454177 387193043 445857006 -338296445 -397747381 895960916 113689629
810801776 -4031676 392511577 900863866 947066572 -987440956 -804107025 708102647 519167161 497005756
15 2
505730024 836740247
-870983329 424931427 350331319
245169105 -412539959 -302705449 359458944
650309148 -464787477 43119640 963192649 -104427818
-543059300 -450567327 482580540 176081627 -154873100 -73949563
-182013736 886312993 -688250408 -881599737 -204120013 -741049452 932886575
-82715303 390991159 -375556754 -783554715 -972810616 -771012098 903057137 904490405
972941546 -858016019 -28864020 -63217530 -844819504 -589211045 628373716 440595570 -999523542
-931512840 -622613400 47239643 -639178286 177383730 -16441624 349436849 688957624 566910307 933985234
857649247 -291427375 -37043507 -250442295 644533538 817786563 -820868039 465605486 -915100949 -327402291 -230163144
-297220730 -825961524 -339461592 -136051384 -75241910 236685660 476543720 567415908 -329179472 920277082 514093452 559796165
-779446845 610946786 -832581571 -315774330 905945614 -916805384 236474088 -314750308 -718579398 382547791 971515249 80634797 207624678
199641804 -590165828 904701355 -740175110 50008350 695459555 461711942 463860821 -472703849 -533966351 650862102 -315218570 -638315837 -611392500
819740598 501335636 935075163 482750675 -551800876 -147587890 826390251 793978137 -684738787 133773454 638373406 -778339582 688562767 465350557 533416061
50 2
-423324829 -587547822
427426881 -976863461 -282068467
507420791 -400518450 -407453877 515391835
-545532605 -998874449 -606139453 771944814 910664653
81716482 294890707 -911631273 483661228 -366986726 914590257
-696216134 800890821 -258570586 913968025 77799236 -780921943 -81191558
710126908 768335304 788268689 -283439383 -649016056 912965946 -255787424 148131417
-82524725 187917994 828790191 170712095 268632128 -61256149 -41806562 556798983 -374050946
395410120 -891739518 313911185 -231178204 -395344096 529133006 176182376 852926131 334997097 132741172
631964971 922702807 -874810612 -744793464 -603739739 -319789523 -74051011 294358493 594600622 759188326 -688382762
-524402723 -692439869 569619928 -64719938 956049769 -660449568 297861956 956158570 632660944 -364417349 261508200 -537761606
986410052 -532834367 -653623314 958346799 -95168303 -259437389 -486940981 173734339 -247834166 211338077 543342984 -570979683 367044183
484842089 657671114 748122131 -836727237 801333917 -873783517 966943725 770436661 316526472 -548141695 447251219 -185982649 536739419 312551741
476197310 -921607006 457984618 -475521530 248346439 165716080 -88825731 614442149 38464873 -810163233 -409635692 801382421 -501349254 -167946195 582634391
-514537555 564086851 214903774 -169506420 478887239 -188885212 -424413400 505759981 -890618637 176541844 -838305207 -545911013 -23822845 518090998 -882546031 197338172
-939187075 -710110507 256223458 -151052812 919641695 -203770323 909004144 291025369 547971223 -498471256 883179971 277363997 447991255 942940816 458603837 -345885044 -683480187
-886432469 -892218942 866489802 -398945282 -116084327 -627068176 805835234 -705812878 -570698077 711838006 -170357447 -479511810 120092624 -209080757 -83675817 611096023 -938638917 643020733
-791177661 10208414 -285730334 -197108519 -412197817 620313072 -132983217 649219978 -445493420 204674577 -820479889 375232472 -45656506 664467213 -405175295 -765271386 -385117317 -899381179 -656471192
-858967533 489250880 565273786 152839828 -581249942 -120770634 -759267620 -484823386 -577279995 212945729 -125974575 896155593 -817126610 -261770943 739940091 -268780785 -151059129 -400190684 169632371 -858030639
-902574946 -251380042 717506652 -74122826 880844723 -724862931 -508373487 -118851847 -824665925 -240961311 -54555295 301592515 59892175 -172545525 956982753 -787965974 101746470 41535338 -407327412 677878887 810637567
223631420 -149594368 -171940162 -988852866 487660724 592109776 -26177187 -561652020 995885409 887987847 432119910 564663240 107951576 -372337283 -692413336 362394237 -693230552 -329332064 -514269700 -551208808 -330074130 18816629
-205086430 -28921031 -74933929 371438288 915048683 294022719 -786516125 529332539 769408661 441540343 -863496116 962136657 -659815592 666847484 -399738793 531639612 -516914675 333764966 -597669538 801298698 47073089 -868030572 -390468480
-562797697 531021639 206358905 -719222012 628296195 -916913044 817275504 -718332488 175678102 868756555 60224826 403224903 -751895022 369038952 -255784370 489276366 435279999 578487200 -623398519 978620695 -741325550 -394914968 -445166392 -696629808
-926155305 420822374 216329559 -469937207 -536587903 -972861112 824384729 299379682 906916159 741714691 64062051 607278522 -586639834 -922323538 -356089490 400567410 -157771863 10844077 -512566450 420171413 -209663214 372198802 449883921 -222188321 -876226044
-211045598 755473651 -433314397 213419543 -208153411 -682911656 103838655 -877072206 -865169885 186442921 -905279951 -125267947 926071737 603552838 -976607777 -284034071 -438792267 422107414 -573416334 285530614 421289552 -94520029 482198758 163009227 -995292138 -335326560
-405539000 -584992367 -420800726 -688169738 -998580237 339846319 299146592 453885764 -378309061 312965749 -894405289 -788929160 -600144815 -810789514 -771121533 59079626 462591009 -917786631 377640497 101044360 982585786 573495609 262346303 -329196266 -900051501 -219220742 895393706
-862680727 -462358012 -772155132 89874469 -728665470 -471980282 271280856 -811484932 420164370 996454454 916576507 964830445 -555287726 -985388422 -402895056 612380498 -124028410 625572298 -558050971 62796898 -215058821 919243635 -27350834 -994674788 -249019350 -784257254 324619491 183497704
56060149 -265447363 -843389130 -924695335 754024085 377500528 538953748 -346820687 237640358 -765585695 -579294780 -690599483 743173076 712958344 -700590110 959237906 869408594 -755026261 -334248813 187295592 -745005289 392422731 -167827691 -519150103 -715859911 472624426 -721567097 109400271 -480391567
329868104 554190578 -896625194 103712117 365094845 732093431 312529369 -209793917 -520115172 -293150579 734951987 -495023483 -88367468 -227957901 -397555016 612830003 -980262498 -361160176 747425351 -392225719 -249345440 -583284520 153671769 43309103 -870052983 645074840 125806460 -493267320 -431546668 931973687
50263361 314383730 332687350 584148764 -369303821 -29634180 -790029678 -745453773 -278130801 -243069527 -200986719 -32727024 49242164 802921264 -481603769 -945681359 -433649363 -747680678 774958219 367582962 276108298 997240976 668396087 -63879445 103923620 -150804690 -908595808 -552836603 11344969 791049968 400739825
-878072920 -447098367 -607816715 502479866 371777310 -459763199 -894048773 264419537 -978766942 503051503 -319272599 170865045 171591957 94201401 -437263583 -393795447 -678897638 505631734 397141736 -115798471 -324920613 893496014 845362802 255553717 -578243966 107074181 -814780849 29668818 -340045900 -242583986 -902019677 602814476
-128288189 171995892 -803109174 430563446 -419633502 550684766 406591671 334161515 -343433605 -334724651 -905760311 -109570487 -133517960 90804049 855013395 -447706795 -653935297 561542632 -210948326 -578311319 386651102 -218039202 739642391 75248068 -299621390 -472277328 875447951 728509661 25125511 615056024 -853309830 41119065 630590818
511217517 -387762712 16498767 769100887 427952942 170847972 -765832885 -450070139 809475971 378127099 -491869831 -961801875 -158310874 -697709939 688493660 593275674 -428653957 -893049433 -482872700 -234927045 503027800 -676973434 832616424 474262255 -47033576 -697920033 -199924024 403843589 59623492 -758868948 -219909933 109099188 -69196652 435746975
609499724 982226312 499545986 881501323 744831551 361685462 -887009594 -653956943 -448987636 -299246283 -543959962 -178357318 -609506346 963395990 -416389750 554321368 -876630173 -232803742 372306482 -313074564 -747235856 505650496 608873121 71098879 308043760 356158991 699011213 96564455 978541051 668788429 79300172 273820661 741867574 330042972 867841728
484606743 -768283545 -427117409 74373733 -488006431 48684852 485542185 808923544 482531796 -443678505 461468963 -944302879 -37870672 244175284 410046027 919760701 -584315298 125679196 343276363 -927202451 113509960 -748723147 -615523496 687174935 -176845834 -716412519 837363517 966041868 647121432 -531887120 -397271988 -555896474 868025199 -160654409 193724289 -535864169
-820942426 -149076482 -583169324 649985396 321178266 331553302 -525559460 -830260833 329598961 740435969 932533224 -806168911 -918055747 -189769969 927834696 676646644 189191546 76150337 -756960091 431568451 971831130 902916489 -399218236 -746995779 -837460615 819571699 154096789 -199721823 -487633635 829880846 -680061681 -789567737 -578044775 705726084 -466541557 -745220450 -775290069
-196252939 137612743 -236877038 921866512 -172815945 -902972090 -861276283 475319003 -847048424 -509379314 -632196850 251888418 835030084 400401815 591972144 -460222560 -412886654 -170192890 758015814 967948382 -367391496 -957544077 -476322334 994723851 481828552 922856469 930031381 -539536804 395165624 -743092095 165255863 238088097 996741268 -28943752 856170660 -845570377 380110721 -662488530
-973685714 -858799834 -594370975 136212103 -224525653 96119821 53158110 872493993 -218042056 -770431460 47740226 507360756 -971825359 -368475327 -303318393 202740941 -477390673 -268724538 -337371415 173471359 -245979094 -573754676 160793046 237017771 -818885152 432694995 350249624 -629990291 938382600 606058349 172556831 947678694 695835550 -541151393 -502313351 225865067 655434397 -96097384 -851078021
-464638921 90390480 -296516279 -329127527 -351363499 827511077 168832077 -255256150 -864714738 128273279 -580593994 -470998812 131872030 312751321 -743909129 699195933 -81128789 824342770 481533951 -541669100 793503408 -178775707 346774997 143341464 -738913347 311082542 -725083855 307348151 -721083124 -806106571 -708804336 71866241 -199411080 -349214930 -872565773 -625131088 766413385 847588813 858775578 469239884
878326249 -745118004 -629388018 121343592 180701243 -316288927 538048573 964641473 309543534 518087030 -567909031 304773458 -894928312 167415415 -378084434 -40226238 262925872 -819411747 650786856 -714287715 823119370 -904016440 138876447 534956408 587459949 558430470 330891515 -740051952 735561620 526099277 -8900305 -922410416 -927406975 113509774 -316378631 -477754114 465298113 856324704 -614249357 -783576657 234280848
-217262317 -752089792 -10322763 60891956 -918914826 -884303503 761599823 264911082 967480561 509296932 -104857794 801529436 -29804756 548996854 592659976 -125576063 76844865 654177243 -452652061 433990276 -77109411 -153319797 -198234555 -345914799 -519799339 18500444 -214532269 592670263 216441866 -865263988 615136581 984344588 -698137110 866789517 894333323 438974992 -206301509 638228466 -170898500 -543991686 -604185267 -81050214
-603581289 -105729513 -128853800 859918576 946065234 109061908 41944791 716995644 -916313392 -944299857 973848301 778399819 305213222 -37649148 -322229182 184327833 324722429 15658414 -492596481 440734339 942422689 601794029 708151285 -349932529 -253666557 127757775 -948938337 -3644410 -662291029 725686346 735971011 -330482646 -906568456 608446471 457503672 459928319 -452055573 955462911 110337411 -702534386 132647207 -745656639 919982903
736432581 -901789212 301925168 -188117599 663749204 937909672 -317650820 36543631 -112647583 349885927 -505845765 -320143229 -845832269 991594365 895212438 536114240 -35447989 327196887 754122815 -489025454 -147876354 -912144179 280955088 -260946361 -572068932 640178892 555429512 -653313387 762048745 416511378 -159945265 211167776 502248016 122488301 903104006 -965514980 -433107227 -120478044 92082339 617747302 20908740 -380146782 468238459 -188265570
-554440074 274663090 344765988 40276940 629417547 -434634067 264786945 933383367 -549905983 -187753253 932287133 506839688 124560631 671545954 -592476560 832828717 -352443881 529817653 563199655 -169114754 -101747371 -217233335 748633099 160658834 65753031 -616671951 449476786 -326054982 -176538520 949724925 463464754 -6619960 -35946799 -545374267 -366564255 -407166602 -294144320 79266966 -275700773 639468193 262004573 39716972 948453639 -38956711 -490278392
837445020 -145279677 -755847346 858964842 -174794314 -680964875 -872337624 -613546155 -870264497 -126126009 -672304424 311676827 -642165927 -886146639 -301328696 277791965 -227389674 -319399640 644121063 279087256 842558386 -180600212 656404816 -330152671 -951449667 914464403 -142924111 -54032417 537522628 265290180 -396314923 -717638848 -322851082 527527904 576686688 -616318353 25669957 -605912834 -551043015 203895643 -602898180 242543709 -204475022 39463431 -346609523 -145951648
216805759 -697716437 -721426475 156931391 -964610561 -185105186 810202061 450049357 921026132 815936616 -856230827 -393890519 456969180 -679014650 550415787 -764971786 -12830333 -942716009 -165800454 -591042475 325918062 -241970877 352654237 296072693 932299875 -218941116 -806170550 -814103049 -187283975 -595244430 -800048527 -598627657 -252366051 930548199 -308662030 597917241 -231835914 264838634 739190575 267123908 -729220593 -433953112 -950527159 -688363861 971261180 -393960384 486147805
-363057522 575105372 182136663 408298334 -532858408 -309213983 54845296 910131717 -215052752 486160921 -38486699 -534082484 -124559504 906435252 245103082 765715266 -787679364 186037832 273916541 -949526429 799230697 401860598 415787031 -537078583 -123528761 -760525242 42680597 -434730629 590640768 -524609570 -203173584 -450189931 141143760 884989537 -137069929 961069446 -559742814 -463533999 -82613036 174154342 189088488 -386639266 437210095 -322403411 775118621 381278251 372040148 918524752
856600385 206654767 -743576113 841408413 363079981 472555740 -421680967 65320241 62562697 -161117127 -234121411 641176307 -317964239 -55360977 -667734465 -763013588 406841369 -609940197 -268855937 985767305 -146777741 -815621337 723244539 -798546171 -818564109 26670373 595690747 53456239 -399067876 617502818 -424716422 925757740 903009113 215458253 98461983 -464556990 -397851821 -569932856 861819592 808192920 132112498 672547843 916091832 216910247 -162788840 -155001113 -583631371 -194230100 425492639
701719620 776156268 -524995769 506208293 -40427648 -248988557 256763824 -275535169 421987483 590984457 280221494 806931794 -979161669 433118735 544155325 50273451 -390798785 -647411409 901782108 51852091 424133823 -97375797 -729543675 812176232 -518180083 -569380494 166765834 318723181 -561204081 712116360 -981972380 856060643 248272259 -633467710 118013008 456738058 370547134 840477590 481291083 401953331 -571031439 727340920 558130298 45732141 915140977 886029151 505058983 -648367508 -125670563 609228855
