0.483806 0.574561
0.516667 0.529762
0.526807 0.545455
0.423077 0.385417
0.501852 0.535714 -> 5
0.606061 0.628788
0.483929 0.503846
0.456522 0.521739
0.463636 0.243182
0.372596 0.420673
0.244444 0.48
0.615385 0.581197
0.414414 0.531532
0.24026 0.222403
0.422269 0.394958
0.511905 0.301282
0.42449 0.602198
0.497024 0.455128
0.444215 0.214876
0.414141 0.254545
0.441288 0.175
0.424176 0.641758
0.483974 0.474359
0.504464 0.470982
0.265866 0.296226
0.357143 0.269388
0.516484 0.357143
0.287037 0.593434
0.136 0.445714
0.22449 0.450835
0.448718 0.474359
0.479592 0.272109
0.450321 0.477564
0.255556 0.488889
0.426036 0.5
0.494949 0.20202
0.344898 0.571429
0.517483 0.468531
0.441176 0.451681
0.213043 0.246894
0.383459 0.539474
0.216667 0.429091
0.534091 0.44697
0.446581 0.32906
0.428571 0.509972
0.468085 0.21513
0.57085 0.61336
0.301887 0.44717
0.263986 0.444056
2-9+5-9*(7)-9/7+2*(((2*6/1*1))-(8)*(4-2/3)*1*(9))
-618
