100
8 50 74 59 31 73 45 79 24 10 41 66 93 43 88 4 28 30 41 13 4 70 10 58 61 34 100 79 17 36 98 27 13 68 11 34 80 50 80 22 68 73 94 37 86 46 29 92 95 58 2 54 9 45 69 91 25 97 31 4 23 67 50 25 2 54 78 9 29 34 99 82 36 14 66 15 64 37 26 70 16 95 30 2 18 96 6 5 52 99 89 24 6 83 53 67 17 38 39 45 
1 2
2 3
3 4
1 5
3 6
3 7
5 8
6 9
4 10
5 11
5 12
12 13
2 14
12 15
1 16
11 17
12 18
8 19
8 20
13 21
7 22
12 23
8 24
17 25
21 26
23 27
6 28
23 29
28 30
13 31
29 32
22 33
14 34
19 35
23 36
10 37
30 38
17 39
10 40
22 41
9 42
10 43
16 44
14 45
2 46
43 47
12 48
8 49
27 50
7 51
48 52
43 53
38 54
22 55
40 56
40 57
47 58
35 59
38 60
7 61
22 62
51 63
30 64
35 65
14 66
41 67
57 68
25 69
2 70
65 71
67 72
43 73
39 74
73 75
20 76
39 77
42 78
58 79
60 80
68 81
32 82
80 83
44 84
28 85
48 86
40 87
68 88
62 89
81 90
71 91
37 92
9 93
11 94
64 95
81 96
15 97
33 98
42 99
25 100
