300 25000
-3343
-59
-9840
9636
-6625
8383
-486
-1530
2326
-6666
-4845
6591
-1219
2416
6040
4653
1381
2565
3005
6269
-5033
-3101
567
-8195
1367
-9065
-2524
-5771
-3193
-660
-9027
-5966
-6428
-2191
371
4601
9122
-2561
5609
-8815
6686
3056
-9752
-6259
385
-7705
8225
1978
-6034
585
-5276
7003
-8853
9715
4067
-1939
-5423
361
-8029
1769
-93
-716
4022
-4947
-3199
-6614
9933
1142
8054
-1647
1704
-2735
-74
2175
-5100
-437
-6203
-1203
-474
-2738
-5334
-2454
4327
535
2557
-1672
6091
-7377
5862
7783
-6938
-5685
1594
-7322
6193
-6338
-5605
-5786
7363
1987
-1674
-2193
4544
-8988
-5940
-1623
667
-5381
-1865
5626
-9388
8753
-4821
370
-5181
-3151
861
-2518
-4389
-8265
7716
3114
-3768
-7573
-3493
3017
-1096
-4690
-3634
-998
-5342
3219
4822
6949
7652
-4689
-2596
-1485
-9049
5077
-1241
-7282
776
443
-1869
-9399
2330
-1568
-2210
-8067
196
-9549
-7031
-2219
-1678
-7638
3389
1737
-9781
7772
-7188
-6354
-2369
3373
2233
-8625
806
-5468
7610
633
-5597
418
-8419
-5004
-8691
-9321
72
-459
-2257
-8115
8966
-4230
7473
-9753
9216
4430
-3184
-6736
231
-2483
-4940
15
-3908
-6900
-7615
9559
4648
-2983
-3890
-1147
-8308
-9823
8405
-3316
-5025
-5105
-2007
6282
-1899
-6977
2384
-2400
6942
-7704
1253
-1057
-2641
-4225
-3767
-4698
1955
8252
-6537
5646
-6426
-7621
-3472
9915
-9687
4552
-9214
-2436
9978
5428
-922
-9064
-1290
-6996
-7642
7646
8159
781
-2625
4224
1195
1265
-594
-5470
-8386
2894
-2939
-332
-6823
-4480
-2178
-9855
-1294
-2366
3637
-6399
-57
-1660
1646
-8172
-2197
-8038
1279
-4271
-3284
4658
7658
-1894
1198
7081
-5720
1429
-7398
-8356
-4018
-7593
-492
-3068
-4190
-4559
-4352
5649
1937
5480
-3221
1557
-3664
5639
-808
-3849
-8719
-3415
-741
-3099
2941
5383
