300
129187081 186949571
129380395 186653852
126673616 200230707
129405070 186567640
129415041 186796575
129374835 186577280
129372043 186538175
129381280 186660754
129317038 186706013
129336218 186736290
129354441 186578809
129103196 187651334
128574577 187445745
129283754 186776830
128655190 189672215
128457806 187244198
129366040 186615154
129222731 186826449
130301212 190249103
129343595 186592508
129429602 186632054
129354837 186557482
129365199 186568659
132128188 188153261
157381535 208383894
128906528 188146233
129375416 186536298
129360278 186524817
129088068 187021177
129408001 186825657
129388473 186549365
129331240 187394825
129979326 187450847
129396400 186637838
129358654 186529824
129117858 187111665
129375677 186606418
129402288 186581402
129444324 186855717
128508259 187193748
127319749 188421336
129362235 186591302
129359690 186588755
130300431 193052905
129244423 186489657
114756125 198178448
129201542 186818778
129411921 186525397
127655295 188064056
129648735 186686255
130663735 187203885
129209671 186813391
131449404 189002554
128873458 187376315
129372616 186537597
127903475 188070503
129370388 186550186
129278775 186741541
128369992 188143423
132632537 187648907
158016626 209018988
129358718 186529611
129366569 186569016
129836289 190171680
131649904 187721662
128466466 187252861
129371032 186627631
129359124 186530145
129217113 186833132
129368838 186533817
129485568 186606613
114158611 198775972
129485270 186726038
129387448 186550395
127353258 196352561
129411239 186809647
129358739 186528866
128991787 187576657
129361133 186531508
129371130 186612564
129405991 186527033
129039673 188814437
130563126 192329002
129366723 186543502
128221303 189857205
129520611 188023472
129378520 187895467
131991011 187007379
129425484 186562680
129411923 186648656
129914177 190249578
129453857 186858960
129286982 186853022
129561267 186696839
129332556 186858579
129308336 186564931
129344441 186573495
128929371 188169072
129506334 186684796
114704383 199830747
129411000 186901815
129696946 188281819
115238982 200365355
129358363 186529256
129387660 186547920
129358787 186529693
129183556 186979711
122677959 196235045
129344556 186564417
129210199 187019314
130023213 186608899
129369996 186537699
129338132 186645030
128163047 189918528
129450524 187602233
127319750 188599324
129430438 186835536
129014540 188913879
129392555 186701460
129314688 186867278
129710667 187236690
129594818 187147958
128873180 189454223
132185926 188257681
128282769 188230647
129254139 187798627
129452039 186848007
127249665 188724319
129405453 186567319
129425039 186546078
129277545 186843579
129089579 188988919
129359153 186528450
127171367 188802619
129204990 186958283
129379616 186559417
129393552 186700457
128266246 187453100
129311673 186870300
157903663 208906022
129346675 186611021
127316573 188947830
130547643 187023367
129441909 186620364
129825836 188514962
126758149 200482552
129340074 186689798
129835496 190170885
129284585 186604299
128612160 187901235
128870352 189108412
158881992 209884355
129163644 187149176
129359088 186530109
129418641 186800173
130442301 187995449
129502218 186688910
114704380 199321748
130253321 187388974
130793726 192559605
129316324 186518976
129581525 186708589
128823787 187456393
131962231 187409338
129410204 186808612
129382327 186543212
129405106 186574992
129978956 188587311
128931904 187480039
130936194 233547816
129409260 186523761
129382364 186543257
129359334 186531791
131367433 189205193
129358730 186529631
129361999 186534461
129140547 187212214
129168105 187239772
129399038 186639806
129531294 186733763
127508414 188232658
129840692 190165694
129376918 186533661
129431117 186750842
129400006 186535582
130001951 187137544
129668579 188185527
129608218 187066811
129347750 186643996
129982200 187342632
129442655 186650542
128977388 188876723
128316891 188196521
129382517 186662002
129327790 187398277
129462785 186748832
129370998 186601724
129287063 186489708
129148954 186902245
129331201 186587797
129339967 186569015
129373486 186630391
129340145 186641049
114936812 197997750
131083331 188636486
128085078 189996506
128066084 190015504
129353622 186558699
129500287 186842753
129394852 186639389
129277465 186557861
129529808 186650856
129397878 186717596
129190566 186511430
129359742 186527860
129503772 186846236
129375606 186606488
129563746 188066612
129353238 186604557
129277471 186536151
129410929 186580820
130044667 186630356
129841808 186493177
129251314 186453947
129711290 187264438
129476367 186734949
129339019 186770223
127518893 195834446
130937554 191954577
129373306 186608788
129216582 186832595
129377497 186656969
129433185 186947111
129568644 186704227
129349265 186613615
129360312 186532334
129478551 186732757
130534592 187333036
130206682 187435619
121535201 191399364
129357743 186528111
129359878 186873794
129233512 186996002
127904337 189535597
129373364 186778454
129370474 186537216
129391905 186524708
129214981 186977477
128404167 188109242
129359978 186524516
129407763 186642138
129314897 186714971
132844044 186154344
132962395 189034159
128229646 187489705
129378283 186657760
129359441 186531901
129212357 189160236
129365200 186609374
129382976 186539717
128797665 187300521
130032982 186408490
129604206 188118369
129073088 187681443
129487280 186847710
129331207 186587813
131866249 188415201
127695133 196010684
129358639 186529841
128975605 187523746
129377223 186672675
129305726 187369302
129390502 186567286
112314546 214926162
130643196 187224423
129573709 186716408
129370981 186539240
159862639 210865009
130532352 190867749
129358570 186535135
129565602 186908073
132426009 189570548
129410412 186639479
128940395 187573004
129338386 186634398
129358044 186534607
129332560 186745547
129354385 186603298
127505978 188785555
129840693 190078755
129388704 186568505
128723607 187296721
129651514 186856600
129340302 186632474
127486963 188254121
129402029 186607110
129449663 186654746
129520728 186779311
127876879 188143457
129101728 187253434
