26
157381535 208383894 1
157903663 208906022 1
158016626 209018988 1
158881992 209884355 1
159862639 210865009 1
128508259 187193748 2
128229646 187489705 2
127903475 188070503 2
127876879 188143457 2
127505978 188785555 2
130563126 192329002 2
130793726 192559605 2
127695133 196010684 2
129411921 186525397 3
129425039 186546078 3
129405453 186567319 3
129502218 186688910 3
129531294 186733763 3
129520728 186779311 3
129452039 186848007 3
129453857 186858960 3
129608218 187066811 3
129979326 187450847 3
130663735 187203885 4
131866249 188415201 4
129372616 186537597 5
129372043 186538175 5
129379616 186559417 5
129374835 186577280 5
129402029 186607110 5
129399038 186639806 5
129381280 186660754 5
129393552 186700457 5
129392555 186701460 5
129397878 186717596 5
129373364 186778454 5
129314688 186867278 5
129311673 186870300 5
129233512 186996002 5
129520611 188023472 5
129563746 188066612 5
129604206 188118369 5
132632537 187648907 6
129368838 186533817 7
129370474 186537216 7
129369996 186537699 7
129370981 186539240 7
129366569 186569016 7
129375677 186606418 7
129396400 186637838 7
129394852 186639389 7
129380395 186653852 7
129377497 186656969 7
129378283 186657760 7
129382517 186662002 7
129377223 186672675 7
129336218 186736290 7
129332560 186745547 7
129339019 186770223 7
129286982 186853022 7
129204990 186958283 7
129214981 186977477 7
129305726 187369302 7
129331240 187394825 7
129327790 187398277 7
129378520 187895467 7
129668579 188185527 7
129978956 188587311 7
129485568 186606613 8
129529808 186650856 8
129561267 186696839 8
129568644 186704227 8
129573709 186716408 8
129500287 186842753 8
129565602 186908073 8
129361133 186531508 9
129370388 186550186 9
129365199 186568659 9
129375606 186606488 9
129373306 186608788 9
129371130 186612564 9
129340074 186689798 9
129283754 186776830 9
129277545 186843579 9
129187081 186949571 9
129183556 186979711 9
129210199 187019314 9
129163644 187149176 9
129168105 187239772 9
129450524 187602233 9
129254139 187798627 9
129696946 188281819 9
129825836 188514962 9
129425484 186562680 10
129506334 186684796 10
129487280 186847710 10
129982200 187342632 10
130547643 187023367 11
130643196 187224423 11
130534592 187333036 11
129581525 186708589 12
129503772 186846236 12
131962231 187409338 13
132128188 188153261 13
132185926 188257681 13
129409260 186523761 14
129405991 186527033 14
129400006 186535582 14
129405070 186567640 14
129405106 186574992 14
129410929 186580820 14
129441909 186620364 14
129449663 186654746 14
129462785 186748832 14
129418641 186800173 14
129430438 186835536 14
129444324 186855717 14
129411000 186901815 14
129376918 186533661 15
129375416 186536298 15
129382327 186543212 15
129382364 186543257 15
129387448 186550395 15
129388704 186568505 15
129410412 186639479 15
129407763 186642138 15
129411923 186648656 15
129431117 186750842 15
129332556 186858579 15
129594818 187147958 15
129711290 187264438 15
130442301 187995449 15
131083331 188636486 15
131367433 189205193 15
129287063 186489708 16
129316324 186518976 16
129308336 186564931 16
129331201 186587797 16
129331207 186587813 16
129346675 186611021 16
129349265 186613615 16
129340302 186632474 16
129338386 186634398 16
129340145 186641049 16
129338132 186645030 16
128723607 187296721 16
128823787 187456393 16
128940395 187573004 16
128369992 188143423 16
129039673 188814437 16
128977388 188876723 16
129014540 188913879 16
129089579 188988919 16
129212357 189160236 16
129840693 190078755 16
129835496 190170885 16
129836289 190171680 16
129914177 190249578 16
130937554 191954577 16
114936812 197997750 17
114756125 198178448 17
114158611 198775972 17
114704380 199321748 17
114704383 199830747 17
115238982 200365355 17
112314546 214926162 17
130936194 233547816 17
129190566 186511430 18
128457806 187244198 18
128466466 187252861 18
128266246 187453100 18
127655295 188064056 18
127508414 188232658 18
127486963 188254121 18
127319749 188421336 18
127319750 188599324 18
127249665 188724319 18
127171367 188802619 18
127316573 188947830 18
127904337 189535597 18
128221303 189857205 18
128163047 189918528 18
128085078 189996506 18
128066084 190015504 18
130300431 193052905 18
127518893 195834446 18
127353258 196352561 18
129359742 186527860 19
129359153 186528450 19
129358739 186528866 19
129358787 186529693 19
129359088 186530109 19
129359124 186530145 19
129360312 186532334 19
129361999 186534461 19
129366723 186543502 19
129354837 186557482 19
129353622 186558699 19
129354441 186578809 19
129359690 186588755 19
129362235 186591302 19
129370998 186601724 19
129365200 186609374 19
129366040 186615154 19
129371032 186627631 19
129373486 186630391 19
129314897 186714971 19
129222731 186826449 19
129088068 187021177 19
129117858 187111665 19
129140547 187212214 19
129101728 187253434 19
129103196 187651334 19
128929371 188169072 19
130301212 190249103 19
129841808 186493177 20
129648735 186686255 20
129651514 186856600 20
130206682 187435619 20
129251314 186453947 21
129244423 186489657 21
129277471 186536151 21
129277465 186557861 21
129284585 186604299 21
129278775 186741541 21
129201542 186818778 21
128574577 187445745 21
128612160 187901235 21
128404167 188109242 21
128316891 188196521 21
128282769 188230647 21
128870352 189108412 21
128873180 189454223 21
128655190 189672215 21
121535201 191399364 22
122677959 196235045 22
126673616 200230707 22
126758149 200482552 22
129391905 186524708 23
129382976 186539717 23
129387660 186547920 23
129388473 186549365 23
129390502 186567286 23
129402288 186581402 23
129429602 186632054 23
129442655 186650542 23
129485270 186726038 23
129478551 186732757 23
129476367 186734949 23
129415041 186796575 23
129410204 186808612 23
129411239 186809647 23
129408001 186825657 23
129359878 186873794 23
129433185 186947111 23
129710667 187236690 23
131449404 189002554 23
129359978 186524516 24
129360278 186524817 24
129357743 186528111 24
129358363 186529256 24
129358718 186529611 24
129358730 186529631 24
129358654 186529824 24
129358639 186529841 24
129359334 186531791 24
129359441 186531901 24
129358044 186534607 24
129358570 186535135 24
129344556 186564417 24
129339967 186569015 24
129344441 186573495 24
129343595 186592508 24
129354385 186603298 24
129353238 186604557 24
129347750 186643996 24
129317038 186706013 24
129209671 186813391 24
129216582 186832595 24
129217113 186833132 24
129148954 186902245 24
128797665 187300521 24
128873458 187376315 24
128931904 187480039 24
128975605 187523746 24
128991787 187576657 24
129073088 187681443 24
128906528 188146233 24
129840692 190165694 24
130532352 190867749 24
132844044 186154344 25
131991011 187007379 25
131649904 187721662 25
132962395 189034159 25
130032982 186408490 26
130023213 186608899 26
130044667 186630356 26
130001951 187137544 26
130253321 187388974 26
132426009 189570548 26
