0
0
0
0
0
0
0
62
0
2441
472189353
290851749
0
571837445
112082082
0
40143040
836116077
95908350
986798741
951828285
108480960
480665119
140117193
0
700170296
0
388372924
913833949
483666528
707184654
0
0
936534078
336472881
902037756
0
41865736
0
977568548
978531703
762163200
79137593
775721645
798555465
572109716
538276686
215708184
269241589
421980872
907126348
24342549
204605066
580168286
544707019
418574788
743174707
955313323
750848151
0
0
101487186
0
382120662
207087304
0
0
0
0
856783740
0
911851043
813833038
916519505
0
246863170
0
759436367
0
0
388691063
63477419
288452380
776186908
769643787
468269968
465823497
571443452
0
998933230
71345953
79937725
235898969
445782459
605929696
902415974
508562621
462089503
666501071
933981091
620485561
105847492
5571083
443466513
0
0
242622138
163000268
555736980
0
531880131
17570883
909780634
38294419
0
438220447
585983623
600495884
629095668
55659169
812475451
960608079
533146103
219588818
0
147681412
484767723
0
14684055
720130959
0
402471862
0
414991346
820973662
488185040
0
0
943927615
780823936
269979920
643307003
800288308
254838347
0
0
95230856
0
700116814
637953391
975461044
498773916
0
579868067
810456950
0
199689774
0
46020674
485508860
879478731
180784792
681714263
448300468
513050002
42353016
67340255
486142612
377484207
0
688901344
442990428
701452976
618928225
628580936
832595936
413345183
197183239
496224425
433792164
0
980218058
339646097
453225524
0
853079191
871629608
928250352
184781168
259621077
870711094
778022624
304192052
300618144
502106498
740208558
611745537
863990692
0
912200295
0
951733508
41781861
40601393
629077713
0
429689377
926015461
0
0
371869821
358182271
540385091
50688546
0
192271726
846638085
605531368
0
475220196
342899472
0
647014050
39818008
931248760
993121285
0
934223933
331449233
725971692
0
58352594
83389017
0
839369845
31064810
262178959
645543306
23227898
124310675
969851411
0
275453526
310935010
765548122
965756563
0
697777173
0
102638313
127115383
961151323
908615491
926709064
189100513
587416103
555863139
205936176
586783411
402876362
726106769
427323590
944510414
906264895
709210084
277457366
868827436
0
540864866
957172952
746772685
427201388
89743539
196697571
558137539
306067618
83940484
0
768936325
853210108
616288155
358944748
358944748
428653216
764674080
0
0
212852614
0
990223345
877557083
123662883
0
535593581
628453276
936873672
24211460
517341132
0
78162513
278060567
946633077
0
9312701
774020710
389267968
522794939
105734975
421915670
948715040
0
0
0
297528786
0
992356708
0
48501593
0
289380155
601215467
213124231
0
314647140
622887424
860966202
657273923
356226535
552418817
617292597
727822545
886706892
302542384
305764343
0
462364923
553698374
906422485
0
666822143
0
775373899
141163193
0
0
866846778
752065238
69582862
544606300
546755840
752263890
806719931
1334948
289411981
528271767
0
835118848
288911305
587247903
0
554134511
459400722
646124517
865704325
2931176
631418342
968979281
259614447
0
0
541048325
688207881
0
49542144
617971933
743986365
0
0
0
118673804
534582556
877874587
427388359
0
0
337030398
516320843
490082273
638220226
652152938
443129364
0
0
966412391
460068068
135486796
127344394
593181080
97243950
879974366
528089208
0
380313279
367574732
0
753286045
67185591
597888589
0
193251334
710862270
220892857
591480357
75053917
807351710
606150664
366642604
0
310006068
876910086
682601337
481097580
259581772
31480775
0
0
0
665881852
405566571
558326972
517223237
308305264
968740470
802797827
710568297
24101434
835993247
116234488
907283671
0
178928362
153284187
0
0
0
414930492
192506866
0
934372864
0
418311602
884299733
513035912
75292792
23598407
80224597
884373587
138864214
0
594434917
795754070
927534095
0
41671203
947846490
259073671
0
0
576051134
601024895
0
93789163
686141110
112815648
624256518
0
0
176262856
93592458
760344490
858181290
0
552011511
0
692208214
813635104
0
0
301580702
110853189
0
487714012
77769206
933337879
473723635
169022277
0
757581399
0
130842691
0
487304023
0
929670738
494893571
0
339218220
970008316
872487421
379624254
353509677
681431813
356597114
610658476
786276444
324914478
0
471285418
893713686
795176015
0
0
239371150
847555642
50889095
604729904
951905378
122120053
589301949
662969906
916668262
15153313
158835817
0
685811539
962818532
692063543
715880423
0
14978150
369958704
991822221
71901659
258371084
255188536
456939274
0
996060664
418113942
435192580
46762196
791762970
690925718
316987133
29439153
607949287
752675702
0
36927999
0
891548482
530059104
943747689
0
986072895
237079912
0
562136626
134122741
0
819093360
726228155
45587658
766961119
0
200374722
895968628
333996667
854445029
0
694636843
567218321
92841475
625374293
0
101782490
0
970468806
904641062
0
851535194
917352208
546849201
274989957
573032156
0
0
192494700
0
430288588
697307918
0
432629239
0
0
0
593662031
0
543498197
413431543
45013828
0
0
899377635
0
0
0
0
956381867
347474139
920098542
24186026
566385711
844651147
70736223
157835735
67402265
724098473
804444018
282871724
135672268
913974620
128213314
450875015
298769413
697316921
300490414
909484008
99125605
577986223
369509509
0
126649008
0
502687821
470526626
668261826
800588012
0
0
993190050
0
417992228
0
268522547
489252342
805417323
0
67671236
565666149
0
216688078
160829806
373171919
216978661
465020935
805949800
506792459
0
799152923
0
589759354
136295048
639841126
0
545756075
220625550
286420076
0
929673053
712976563
727836862
479152176
510764971
515557254
597267348
443660430
0
528754913
0
303455797
563641799
835112865
510787624
880038025
493532919
364559552
0
864444314
33839179
177391227
499989464
403806691
0
0
798731223
43520929
66961479
0
953526584
804614037
342112117
69670284
790132475
0
529382623
151350296
81286819
964297764
198583248
88831457
0
0
0
0
0
609945764
0
47428518
556326722
814801740
411692191
183107199
828719063
625138822
809491713
949952323
701771932
0
0
765188190
40079786
0
918012166
0
0
703521782
358330032
749231129
357165142
352451363
471039491
648470489
170351582
65417037
0
484039889
788311273
539783221
943965310
821664550
968088733
319057659
324586924
110569344
339913132
792598277
67182773
930785539
937728988
690977628
269309976
602724996
0
199717411
379475896
206589981
966849518
647598046
421336604
79421193
304702802
631031291
187602642
195665537
340178272
928654563
81456239
191347507
457191105
441308680
383764330
174594044
0
871026699
708652435
795863021
979757032
281169096
878597313
866869007
980025312
576786546
508584413
115518605
939256754
984170189
0
244572866
741778135
826685009
351937206
420519974
892114402
974531303
255275258
235338621
743416945
547095460
634763269
626525959
541819793
620686540
14782166
0
494119658
483017859
868584813
0
939838252
381520414
865462073
0
938038364
694778118
6374448
498584479
807464808
486859165
583163485
323633525
568869164
610580751
0
217224375
222007972
907999514
65664756
622986077
0
254888180
0
441895757
142351300
0
113013541
0
0
711517161
325270366
364411576
568215783
0
739925204
759499015
25266068
863547278
906778666
13856256
162743582
925528961
461245311
814320349
771450110
831100739
0
0
60220822
854657128
775529155
724134975
962478545
902834497
0
0
369491173
561440314
0
476524184
903212871
81556103
855554242
956533577
479402705
0
0
449415038
390150945
805975619
990708482
406170906
0
918329277
117974161
0
606961255
439011331
638669736
0
631043307
748555390
363339852
0
739625560
775720689
866590499
0
0
8360529
154977073
738647712
997531384
911024750
334369415
436466662
0
830683989
617738529
750257013
0
766633769
455437130
0
583606584
0
752663177
42001834
333844184
384290481
0
631776693
115122782
543276599
588344475
889768074
120941345
0
553179731
105783638
293231401
994548355
791534614
637118474
935507312
272488733
76511803
0
420618829
853423138
0
651931984
0
366458631
535737554
0
736392009
0
770806200
611837832
0
0
168075882
564649328
899201488
920261445
818481963
545748835
470158064
98709851
167145964
421823523
503780676
399489408
312534671
0
944112287
430637405
0
119342113
479478668
35021757
0
0
37847371
766319920
585263148
45594940
293561305
829445667
583470089
479748429
0
383953760
0
0
222030512
596820413
225822350
2355976
70207780
893668800
89208593
0
323717304
310459232
107975952
0
624043814
217908371
300638166
19913732
64711031
682298785
369580135
0
341386450
315985105
145274390
0
675240554
334868103
590253530
753358730
715454277
443088001
763603182
549550796
8177383
735889673
964227633
172656166
580537819
341290293
0
0
966265367
917938491
0
437377947
434728473
725129231
822768029
0
0
0
142714896
353025407
545602359
458447511
626113797
744764412
970057496
397184319
640636210
0
0
45374670
723901857
4765061
557982564
834054696
0
449603321
90457214
60245037
299708517
408232371
390655784
517533345
38324228
945889582
457693990
0
491285459
890313216
599730122
0
558883118
5961651
803214018
614357337
0
813644551
966965944
109745371
521566458
672603506
584708739
0
192839368
645057516
858943244
672844920
0
528083742
941139641
227297087
72354884
387609752
884390994
565719710
0
580294179
181795923
447359509
992161037
0
691212092
176241343
951988124
0
144068137
413473376
867529583
578909820
0
448211014
260584408
220312024
870913642
861858115
404762990
186827094
474997263
172866985
871772531
558464255
817305028
0
0
927750005
483538197
733674461
0
536009644
531133273
594075506
357486309
628182552
6916726
433259883
961185476
726168173
0
353700799
0
558849721
884572298
0
0
611134818
204230999
906449439
278057994
180014712
521247074
714526461
388118748
0
100672228
0
358484355
557592545
372349996
109354056
139244179
980083205
0
379712557
555909783
651144019
583250850
0
634262933
41844983
250682999
757499006
0
868602664
105411070
0
141211966
0
869270096
909725453
0
167892516
327251494
613805376
480528192
736138990
0
927908986
841088969
105619608
0
506366119
225062002
0
680376652
330696161
187517417
0
845824801
794967283
0
0
360163930
0
0
0
282766033
239109169
846318784
935728926
528911987
244906891
0
808314481
416001428
837120158
625883373
658431964
583708195
451093552
841824564
0
917655045
0
859627852
958482511
875230458
887106434
0
555475882
662550683
577511071
740760426
919031896
287958239
591485677
673204252
589356820
0
985162730
845285604
20862848
478265200
276409954
0
811092174
81744658
0
824928054
158870576
168929207
542897254
0
717098436
168876029
0
0
797014766
202859167
408374577
500471127
949543275
0
0
844468661
413989985
0
605862013
576066610
557383194
28337724
144045195
181567464
936778891
450121494
927348734
388487156
0
43734238
853934467
116851568
885142665
600919779
721015011
421018142
0
307323389
516832852
0
875256318
82820684
915901234
0
0
0
0
722098760
614463168
583343316
408640794
338969886
112060606
0
129931035
361013442
89378352
545923086
0
252584533
33765820
509359119
0
46060765
518082517
326711200
0
0
425587456
0
439747139
898044292
0
895707109
223199992
684922865
414641951
835414294
703526109
99703426
241712490
730578233
634204121
0
0
952749174
566620774
776133967
419556519
350269891
643468020
691625705
950534910
807574398
0
513616316
978615923
723672548
0
0
685860854
9489853
0
643739078
823165604
37665670
135673561
245220030
506229484
519969941
441794867
607988088
700765314
38775583
793594815
0
9516199
961439446
0
399223124
745432824
0
91655060
406727836
0
98524795
0
539861087
595480375
619148821
505576008
647289793
543919608
958830192
0
748512138
0
210960214
814757995
260749788
569241483
0
0
808217040
993258624
480276705
153735056
306728047
591978173
0
801735242
496409285
795137141
0
499141556
566050689
0
569460703
0
790077845
0
265651926
0
0
497158418
54774527
0
826777693
119828170
0
583153920
747048783
396327659
520086741
917797671
646784603
457931677
0
0
593370435
728859953
250002876
270445493
799907522
799960414
276822905
909952546
179456452
0
482249335
0
85538071
352158561
491616895
318365877
994796455
555100572
758085121
204672028
562931942
426956387
473844955
872301124
0
885990245
291265305
0
0
0
0
953077835
39944001
389597867
271514307
550383063
189175008
797618874
914255008
366871968
734757974
0
910985518
263651178
967964153
0
0
0
0
0
674160080
121749664
0
19067914
0
0
0
955261759
148215634
603782971
0
852559448
674532497
877526724
368671628
431077873
0
0
906572821
0
408568484
730542237
728344847
0
941569391
357834862
18663942
149233725
427343084
0
194028217
194028217
267227659
894683402
0
959870690
0
929239285
0
528507361
733040333
0
18212751
126111764
225191917
31467485
538323921
0
0
841947530
267832123
0
819134811
0
0
111870998
29583301
0
458281846
641416776
978286305
869642876
223447036
0
654362407
726883511
686805857
867933069
172982498
935075630
3744576
911097967
352090047
0
0
750427659
598985461
251697775
0
639352401
241196966
636044323
14908809
595576005
139482031
188435643
318258943
942921063
194165324
273743926
111713764
513023118
842036848
183042076
39745932
0
408227401
0
808359682
389075488
500863804
430619060
542142648
445266329
459874567
71961560
563627198
293410924
227193101
985457801
216276602
983177779
0
263879013
878517189
492730061
69115496
820953184
824941354
872351476
943366167
0
668773206
0
335745795
257159617
976482750
100446691
0
563878368
361156101
519339512
83202531
0
684549698
414573739
87560630
685632682
915284980
325204403
0
944629757
0
376449911
0
802517167
671028694
370046169
389622561
813304706
466116423
171778524
0
0
0
0
235365557
432596503
132589143
410894876
232520817
849253377
276966967
903600249
638728455
767607569
526461629
781291817
517092608
707447816
294503102
682734615
315065929
776228377
18157073
359225079
770213207
17742329
621228437
326017235
336338884
777284479
665402630
120133035
242529657
662381767
628825976
396271891
981294136
391422608
957703145
186016545
0
910332181
367779314
965794814
960880472
0
657156130
365953664
621943365
467532089
824452565
785647232
0
817162532
359813388
148626415
0
419885361
434893819
642421367
473869842
183409492
234324756
0
263111740
558672278
0
391605793
79603346
250245377
935772145
847297159
187691736
0
0
126513312
534148707
0
939686569
415174470
791717667
109697476
835102626
899063519
945322718
146970450
356192982
0
69474240
884066868
512896554
0
0
0
628381310
927487145
399968740
417388327
807323469
792748477
413221846
0
750722790
378443994
651963750
0
571632581
47382249
757066735
335652787
653435152
43688542
0
0
461838676
376634687
226236539
471574137
752953929
199072276
0
425582051
292264350
315776922
307689496
201428941
420031213
500276235
0
0
0
547087829
903693474
0
193806519
741277292
906721480
0
341928541
248542663
227751598
751256491
0
304117351
866272691
0
407122321
990374072
0
0
703920396
900317125
57019252
337410655
0
286332752
0
0
509185712
356572227
578723597
774575288
783544798
878146265
880606831
633441589
582407253
401686415
699414235
177344669
161786731
0
687511839
160274696
0
0
128380678
0
509359951
115791118
200849497
217815345
501405856
0
648386638
522994324
0
681274722
0
472795830
337844544
0
645590397
961620476
337263740
881632730
597060321
582109002
558290115
319327580
185606963
696219203
648024923
769964942
246474437
560390652
367139573
224880619
437000156
564672062
338183109
484824413
715177532
0
0
804996696
240818485
558498031
0
405966527
484636060
808895889
298282890
0
932839647
659888405
937344891
323036754
562125898
431342119
771623698
148602698
79245073
129132076
0
0
16003301
649198608
358384808
865997865
0
39589169
164550309
0
340808166
92654042
0
275975353
880341214
0
134255189
0
987035607
681305165
936587977
267766468
0
825936658
0
481027323
82660270
0
537880482
0
966532747
936008909
673575537
0
202842370
828488629
705567909
152488639
923896357
580766310
0
933396487
0
917866567
0
0
0
0
832419790
0
541427476
734725776
0
24391068
0
865457810
0
667098595
916707355
695876333
506000766
321950172
0
462089600
641599995
154330185
480993053
359498985
285771737
751937606
694161431
0
745498234
0
890588192
262870137
229883234
891751997
987987888
0
0
170639389
374562171
591787448
0
266327921
652199315
961881841
0
132068720
659932931
916239508
510860574
389462171
244898169
138599268
539484703
0
0
0
227753086
0
9757232
248459661
370021888
326006408
0
324009755
938308056
462076747
0
617019452
0
0
0
113153798
95668656
959750170
701664983
0
143010
92330953
467925839
738396201
0
0
478329099
198186549
0
7822782
0
989132846
0
993160953
819703878
697839605
927308385
438332697
856883756
233202766
0
787070357
179843443
988370374
455759670
546880390
245159411
70685052
252968322
310085590
687795222
495721128
574963083
196899930
548122780
601892087
166005642
0
0
0
246021890
329743046
0
913258567
0
124676966
329640344
0
397152304
0
482654573
831927949
0
0
0
0
0
876113420
240721655
479477180
146240831
169865875
279885332
584013865
0
0
261232379
128092552
140887308
328614471
73607451
996258042
561345394
12119603
0
676842979
0
0
0
304199865
279841406
814135290
79649348
479877788
265808919
374705929
294612929
983010168
262657690
986115652
239291754
752247723
142408254
794094882
256207298
771768272
915117385
817321711
539233839
586611424
0
0
585249825
548834831
572021510
290552193
524960974
138569284
418597634
0
3117574
447016156
326189675
0
0
727018174
170845917
185760803
953345220
0
244515220
912885154
204427844
0
0
0
824616651
423656609
738800729
945631366
409107345
330455164
407663118
282361144
926150122
990025764
772677739
516350496
250883310
868343403
301425680
0
0
244726230
713866392
27750232
0
0
0
887181743
0
70929508
147923890
0
0
217235547
797535059
97257218
983776290
29236056
23507310
46465651
0
948712182
400481436
0
439335322
0
144748394
970379683
655790623
593305403
366889557
659643923
0
76424001
228153674
317522942
620601504
0
889453300
191626180
414101307
10580453
727701856
488263355
399356182
420609414
45330884
355598903
630934106
782474580
169061687
689067394
370187595
0
455450842
152340369
287617285
193770078
546504053
0
0
563571053
0
903940525
880085210
777091096
0
0
479624047
527663635
35887481
319265635
0
31421789
996673646
0
927480332
419315156
0
211751682
0
290512913
398182426
417128163
932010800
583286825
695939224
0
838311811
400715876
945996633
999519602
180564757
0
883106791
312714183
604887966
827770653
392736002
225695046
0
964825871
234301127
0
937706156
186227011
383573252
598023464
0
366591819
609405834
589613180
329915325
105580839
0
663482239
46644470
0
542606561
0
367508226
0
207481826
525891144
0
4156683
712214582
0
339749026
236412698
256484493
630018753
0
448953164
873124254
0
92397467
740014077
282767627
201726649
0
988504283
218978833
786330167
0
461185314
372827599
0
603607961
0
20953190
903446659
851865886
669840544
850153131
667668502
872166653
197042587
708773902
0
591186212
557645404
575540624
144524674
211824743
697305541
611098501
248757887
778629194
0
206658952
677631763
119558900
750196859
758478288
875251150
0
905099634
0
10348355
718220956
0
399785484
375086292
752237839
393599511
0
161705283
17447653
399808
280535795
849137476
918461060
776506163
168504146
0
637498719
538635333
300699330
0
936198369
995893441
0
983089522
0
0
258848642
617054452
33899043
125158324
984329353
842475069
367038117
189341823
994316174
452442385
0
432118231
19695585
0
355023136
602278072
23089452
11790193
0
0
976704890
721730591
911792724
221469181
396793536
271289858
0
294147133
169658465
331702371
22399127
0
0
390986222
0
849458589
538030287
433129980
0
298995658
248122654
466891237
0
0
91557614
626441369
30082996
0
546629631
470242458
676080097
106747494
591400164
0
924490313
693601317
985927833
801404741
900145442
0
0
327325208
0
892002532
616218560
318071227
158444415
0
477413145
635792695
0
415968921
484467849
473060958
700241753
636399533
0
38369652
423381696
0
438082691
157846890
0
509701829
0
0
272193778
992957241
478441815
698304873
726040142
564522202
391341996
555650094
685436024
0
0
204376528
662871191
417653320
772156318
0
466312387
0
0
0
27556248
589526798
967186380
0
329937766
288863952
115822373
255768899
359086395
0
782839299
0
0
582517298
449573198
853432837
779986813
0
227733500
361267028
241793987
29868322
175329384
622997758
939569781
553638872
550640293
18363025
982905273
348533581
445900281
613465086
395747748
0
614656559
464503265
164186466
502924810
957157876
403924291
957571138
754034409
726002631
685636466
849919787
995084286
493221733
696669458
638313149
651048661
271900737
82144552
0
756894939
0
0
586608663
0
0
175928559
0
477436593
0
999786258
793055432
644455818
581593886
531678583
258364402
134418444
605726757
826483002
586910718
957498088
727901589
0
352382600
415798370
454632438
0
479357438
804079375
576644081
165542656
769332503
88940445
0
0
350724523
197470549
690812209
127294108
881051441
117562881
581089507
0
485817784
778493065
408718432
53448061
578875390
0
447613464
0
119399493
0
712596588
964292846
0
717987716
663084917
847707404
564579187
851873342
833732400
565987441
25879173
373189656
83298890
61351530
0
883389835
530027224
778116602
165361609
0
409197562
296868008
966712771
354370291
469719259
126387662
338705295
0
640067880
0
736973635
930564186
251141141
149582993
0
825851555
676343403
0
785975165
880816040
676553099
0
991380074
78125033
472227398
177301622
717596475
0
0
0
0
832790372
83568735
457327677
0
131172547
157494876
0
908535602
639097441
223917915
19833096
506289661
0
748628413
652873777
376862136
691723918
221190993
0
76608333
717279403
467855212
401083842
528169607
0
0
674079769
94872957
0
793104082
908797267
0
244070372
339667626
0
293853194
279965386
660439023
690654834
889548248
630268969
496155401
0
0
0
0
0
0
117706596
795896774
121121300
0
101841287
505161661
114138295
447561665
19399076
0
673907266
437607818
475703604
759615056
618424610
764967381
97261712
367595397
317327843
214499619
482644803
617472235
0
320031959
291442365
0
964302077
0
881652832
483479170
460197569
402890945
20019764
0
598673985
275148017
536893283
911468968
579378395
314189146
620837039
464714384
906966810
92213448
210545542
960001984
397073481
930355545
941973603
637752588
503895838
98880351
325736814
274659512
0
172904343
699790719
552054477
0
279122612
227636135
781558599
274794900
200657135
290843239
833272420
82561014
767672190
719436996
308304592
0
549258515
0
0
0
0
0
507616963
0
0
852970241
606750205
473306598
0
0
5185579
758516568
59518970
0
679088577
0
767188036
53866111
912180608
310496676
608125244
767834225
996319870
791104922
323602679
977823615
576787567
0
935616787
518076597
371681767
323029761
952102859
351440730
679689485
30310241
0
813754279
391004445
217005138
367316876
590387496
976497357
604560076
679446248
0
856828402
744960977
0
24015811
649085135
740225615
592293215
343636320
687374972
275541077
977586523
904596356
175611465
964135863
953277366
0
0
627567817
982681787
0
767756243
830092943
350768763
463183965
73053452
679489729
0
798373811
0
819217048
679702255
146533706
893239756
302507053
729027141
227992465
815843406
326435121
0
0
0
366691980
823719714
0
268411203
798432792
985953
49949572
146458865
848058250
867092238
962655797
30110476
825101488
160625493
0
143043320
993160914
0
861946525
617528777
305210667
0
191442409
778612276
281099671
0
0
0
357665727
566766438
672767094
281599516
414925916
796264158
174878908
0
813356529
823850274
222130242
564623037
0
0
235626897
494568307
0
701158339
402211939
999116056
386047943
949083965
0
994808813
113204561
410677768
508980777
566175651
338802477
96706119
904826541
662860429
501203813
721673298
523330199
337386090
0
0
519302678
670368575
0
291457342
333002575
0
0
488043223
247282909
551804293
514393729
619293278
0
457209635
430311451
830903249
323505557
119435615
894074683
330034967
0
391437037
175426179
0
312448184
0
455855897
0
739100993
189799715
863518906
559336603
0
509659258
303795853
85851720
171291746
18510462
343823928
357328010
889957856
441958309
23638869
45694889
314385469
0
960781937
235654317
0
773403185
0
466666294
497564973
599639032
625728790
142446686
20193652
304135606
229724673
598930374
874945385
0
523856953
976220198
0
184016369
600739698
0
794584127
872246950
499763020
537821340
0
666681663
688350059
0
390516254
738413415
284016243
144916989
0
0
493692266
874732579
555839195
116772510
0
316710674
968464336
742341479
0
811842099
0
588415716
859207323
0
793903517
730804744
245294258
791771750
669669658
496947662
530610519
391932208
617727824
0
640797450
0
0
620622372
620541762
350097192
789405400
0
867637847
820601425
0
860562510
404141382
260166490
71456166
145322275
115398474
856464747
934642283
841180356
672317577
425907772
962926190
0
990883669
0
674385632
143224124
55968541
0
5726143
241645164
965897881
478438814
421977363
0
652827772
651180015
904990039
610357745
639549099
694659303
156803754
14406296
0
77037173
621011829
28008527
72242802
812817632
0
181026917
0
0
755474137
0
216044679
981618763
108284711
361627576
261580237
0
365891023
626186204
0
0
416344384
969593797
275754025
644411309
320809292
841949661
17947906
104307990
494163652
0
0
529312433
757870730
849943119
763415560
247789888
736917438
504781385
550481912
151302678
0
997267480
555788549
776361990
74720729
531636546
755889457
983835680
242006965
34782102
687925769
747981844
771664942
443727273
804940074
38539958
656453178
0
693469537
0
86134526
312939170
438836086
0
0
0
0
137472806
834793522
840524001
638780119
228226958
0
0
346202266
328382286
559898342
31755338
780698282
403192425
0
657719909
532097139
490282387
949297908
714929627
888164644
928890907
0
693381871
864948304
0
0
289705256
865401408
114762375
986652754
563495172
0
905552773
18357175
802659848
397338294
0
793608502
14320876
188072686
790948633
409950777
652866137
969634725
796985579
123924619
772890591
0
945948555
968176779
884683608
723570045
114794267
996507668
0
938117705
320206733
0
0
883662344
289599922
304047096
0
0
0
799271649
164486935
980005924
709818332
395152970
844764019
0
277793550
550105965
0
0
792263497
16433578
238869189
880494541
377239789
907211055
425618178
854510332
0
200280206
839482215
0
404476331
0
614131625
225544965
4182281
58735295
0
188482576
777244193
652512636
886682132
359743335
368147328
0
0
185016965
747030481
899148543
771168909
225865761
815933255
412273575
884822313
0
748203591
259756053
71566222
0
408220360
155876793
187796149
114271586
0
0
844449608
848002159
494477813
653977812
0
436765275
0
916089058
963259028
0
904859894
0
0
10988567
0
71274130
582509438
314810153
453085573
0
649957420
250837391
203898091
0
659652873
666563916
718770301
848749978
0
897794444
69150699
889737877
0
0
357255092
175966996
647306718
424496549
424496549
977652014
741984826
11562258
571094806
0
713652052
918414216
0
647049962
113636785
651766870
0
0
174179017
0
676720420
0
940317264
0
263378860
200856785
465466036
262070527
0
763399802
0
0
189353121
111386139
0
0
179585515
916018471
366284222
13995066
223338176
96983151
0
0
148383277
603251300
17350769
561065269
963824135
2310504
891490536
795292398
490666094
701602190
133426275
0
0
0
0
0
0
508797891
910586629
449716334
574123758
122832078
530851213
0
394404829
7256897
942289110
103876287
315946230
268902489
79401172
739062206
35851311
453788994
0
1963277
630858371
821401932
53469051
265831768
5644523
946630123
0
606922630
0
0
739527143
0
0
339116878
0
0
529718271
439226922
222406837
441415793
746597994
0
0
0
229072218
708889801
789014935
465937431
813261473
774491031
0
0
0
164654965
647131779
952497779
785897733
0
949408012
354016162
799309797
467840245
486687226
268638521
559384288
0
788557546
569276663
429018204
61127959
527130180
400722811
373890720
844621614
0
793796882
409674950
0
239625396
563215200
235515597
758093947
385660483
891617582
467643619
56912115
391216971
804424052
0
793363117
976402979
858581587
0
0
721229855
899688905
542410935
0
324298280
848847051
334419679
274350460
269284632
39272135
791063288
0
584696462
0
555501114
481795779
238635627
0
0
320856490
418426656
743818562
949684955
351457313
641405285
870294180
58298740
0
78822612
624360147
0
0
0
95657618
640453055
564142435
329479101
344773565
179619550
127662645
379294473
698712546
48211829
0
808618580
388618093
0
174310052
0
738797166
35316732
338163852
0
627714864
862039932
0
231206896
919194980
0
328385012
536171167
725061584
601067645
837974404
111311674
366630252
203080840
0
823655839
541712273
866268698
870024622
0
0
934132054
146540427
0
522855990
137650143
982970916
0
0
516291823
574016571
0
844057835
0
0
884150965
864869320
793609007
738505341
0
278704891
823912670
517374528
135438343
104941253
44727884
76816103
0
163080957
800179874
82975688
681912335
387994082
960763556
197386087
56207462
456318452
0
857796575
0
553262071
890388211
769183609
92640387
176703025
0
171731289
0
62510218
109634006
338394573
977503152
972682838
141802884
127470533
295162561
707134444
0
717070515
286014573
569877833
282749763
295026955
739645223
646163678
771608863
487894120
354227131
287339129
801362193
0
368429197
137710840
120877683
817128707
37975872
256505873
0
266343553
717814006
137697529
0
0
0
773140618
0
96995607
549703171
91986509
706321302
967186008
544239274
584674134
333379152
553123160
40881821
840559553
0
0
281234411
517598843
946492546
829171345
682138553
616120726
0
32782194
288721299
617479782
0
453508813
260683274
990868659
293877814
193392309
789206367
614280905
634667591
202251325
835975434
279490002
0
7063665
273163216
10267019
651875519
460455393
62253513
882166255
0
0
847172290
303302174
907483681
0
963053322
344241886
63567514
722795518
375881444
0
902842705
222717768
716888415
402636181
220847590
0
0
27989310
698211828
44058683
0
0
0
0
0
670774291
786612526
96171791
0
864191777
878981599
0
28581691
451382766
0
21356988
256400317
61511439
0
933748428
922242399
0
371920034
284544717
512626927
502031920
941626910
28795371
933463042
933697585
931898534
411399962
494804566
590866605
953990191
941236401
782478609
462796268
0
810929006
673236018
255901648
0
73224660
521226190
0
22099313
620533994
767359808
336432988
250111770
17751326
408857193
0
813886926
0
513600081
415146571
134493348
266329082
839785218
754693596
0
837067277
3343199
811188017
295429846
706565157
388494452
0
244139058
686671978
360033705
525281455
0
223227049
136064922
0
0
2664963
999471742
741724044
114524925
218730101
134265874
146376441
399851428
234803784
489031575
0
746092884
0
0
346317774
476321510
0
101683370
625043943
252353279
386768930
227451172
759411236
14356137
0
470921346
261968515
694629993
521815257
908845585
265203816
242446577
986845147
0
384137250
798688827
80474879
125159975
921135234
0
718155743
658573611
672628810
62662565
0
0
948744037
0
896543343
154800943
231435792
0
612272214
393748896
794309000
0
176512358
0
395371140
0
809696579
167332655
926955197
245639113
364749506
271603840
0
0
732594640
96597373
0
583451413
0
328360393
0
599750933
950896653
338411961
365173659
662858407
988651891
198957838
383542940
0
616875226
878221239
924535592
61012697
547509115
597837080
338977831
143065167
0
0
0
472924153
871852371
161349857
216302853
0
223994039
0
324464504
54415793
249482207
788759803
0
447997558
0
430109477
114583089
467587850
245634251
123077333
76239997
312506580
856523449
745440253
608702623
518600103
935379626
293538147
0
654400221
0
0
676725367
872678314
369261264
849008342
243604007
537897663
975626031
103899628
329493605
0
461672305
504953091
0
38776045
0
688342693
228835094
389237206
208712058
715895002
759881180
323456189
504720824
66304210
0
742510045
780217545
776322697
192715174
0
925045214
0
21229891
53650588
0
995596639
659758579
573026130
0
154341089
496209016
879064213
160513218
223473726
402357836
825316301
872360761
222278744
849434338
694836050
975812528
598265046
0
0
195070895
497712565
304162613
626955702
665828432
0
397814430
127733128
452087599
797329127
46233973
0
0
748027559
468942115
847953850
0
586885241
309688594
129360937
112642120
335069086
620749009
726706085
820635522
424188094
270722330
494673774
998241827
126859841
587869345
204443438
330542925
96402170
634758721
746988054
53861408
504732245
959969115
794333617
773821578
0
0
174314294
64749817
945394241
188618195
143786080
593330171
851982185
724963251
246060780
252181476
895670989
843909235
485730375
0
0
663665335
951391988
782433045
0
545549765
0
12075644
0
0
459938756
778961630
0
0
276350542
876429158
81590402
840968301
0
658660524
700405292
697856451
842221837
0
118475455
594784796
251817649
761246204
701438636
893296635
894382693
33640091
0
0
445750032
260081812
762314066
787358655
198160100
348857007
0
805486036
834557357
954996886
428579336
0
720219933
0
50100410
768456078
413924565
627767218
362026101
494653662
241150501
632432478
438854759
0
837775968
508235571
173054325
381009593
231196953
567799599
822668466
787645252
124701973
9640304
0
333865094
593616385
0
215657721
988468763
975666246
149689378
510214609
460183041
613196622
774033712
0
429585347
372988092
269023525
528727935
367221584
0
548932815
0
0
0
445192094
0
848691489
728012885
964584505
226613633
994002596
707589049
972132560
0
594159958
0
882603869
598213076
768362313
282797837
160864058
478622092
0
168637896
758102477
0
404899127
310695242
867925594
929835935
825318
690478969
0
311365310
164274507
527473860
494430632
65144220
216666431
42357353
85090352
0
390176215
0
0
0
846708258
308689896
375730813
26271779
844519772
877337243
365309108
0
227096102
761055251
678868201
0
0
127920184
347394341
663596514
185170444
170167897
950786292
0
344009651
326528552
380355783
0
424598637
0
356839560
471916882
619382544
208234963
882292350
104057869
437079765
0
826211907
223977039
287338055
0
0
0
612233883
925207569
0
184517172
741113177
0
0
75997442
0
0
559366149
545914778
819876095
725174027
411157185
856853435
0
173137161
46707740
481879913
312137466
0
405765209
447859454
984972391
34330217
961951187
766065078
751265888
231691036
0
69691814
736901321
0
385824139
670514348
541193429
299748010
218398000
0
0
783645165
581207326
0
20599981
566650809
825099547
521077191
0
946493995
258876403
205390298
563190765
0
0
641202718
881075362
0
0
0
226617974
0
396979365
0
907095963
79173672
0
0
945049340
756564288
982312014
883693994
839861610
378526410
0
983594063
537762416
932861276
365590142
0
582143937
387036732
369466704
494848527
0
414573283
35426301
977835666
0
335425488
408645015
265515820
0
5452088
661673888
179138174
262710317
0
631219122
274121599
989235155
0
657614232
619619220
533107965
587673950
995307456
343643080
945823908
945731477
0
708800440
857235799
534339947
819131518
578771002
868475275
658941743
57525263
982232008
793629872
676771211
0
774556638
708230990
0
419603506
6292550
682032952
420200368
0
0
333796193
131836768
766475029
60056304
0
0
0
0
168664924
169827455
908020704
821931889
318060081
543928129
956506823
0
642791026
187019796
13403171
825776382
0
543875323
469259677
474131688
292093197
301639650
229553441
0
396377021
198951402
415444823
0
443955856
511006847
463894899
376370345
0
76904055
0
48109066
115129687
0
0
17652068
78179107
0
478883078
0
646620938
726737391
0
906854183
475678232
286274456
54711147
0
504144145
0
757636299
511560075
0
0
0
547593390
881498739
0
351754496
934358393
0
435579157
0
899750697
0
662511505
0
0
675330269
392979482
0
45576617
59186954
869361448
0
186310889
393311727
0
156461818
561702076
985031581
125816614
898860741
0
737366268
52822065
731309242
352295723
1982745
556110726
235274162
0
301450423
0
92558301
654213274
964673709
800065196
0
0
941961423
0
372946812
54859877
94193756
0
935147401
441637527
78523593
719129211
327569741
213299637
16579416
236198366
141777088
0
622421075
607298357
0
499293473
988905674
405056096
637835573
410089207
437728378
171541829
0
280582033
494788394
564803345
564409497
630856120
984166218
408256300
82589873
927261799
389126509
0
432287241
223160391
706664086
656766588
212408473
349454877
199902361
270670054
517071104
681523410
490780940
446732587
821800312
882488190
0
806858360
40309211
0
956983973
803889661
594438925
536448980
284956835
253723663
639881047
901926940
0
520356758
665891904
975517691
728596075
433736542
236061171
92047519
1862470
473564512
431676915
160729509
846891687
187148991
0
0
382399672
285778222
0
31595255
0
0
552921116
0
843582341
485936996
596016260
0
670305009
719897041
217474785
0
0
626682075
151126999
335554649
123449248
431792500
215158429
0
870702427
516527538
0
616208273
841695652
0
404374634
490293163
0
0
336305046
0
0
226667417
763866819
0
0
267603829
510623020
920148368
0
391041171
634112982
501480801
748424807
0
909993221
488329491
0
359639069
437535732
27394276
587069009
0
324849403
669016694
349242113
880334112
912134887
0
615756726
0
805926375
187738353
798297073
0
484515836
83648302
350728000
195076732
0
434087614
0
776754140
0
262048804
269208254
0
408907431
235419362
265316455
906818665
745783310
0
0
294425787
719399918
384902079
679321717
424664160
22426178
107805080
894346973
0
0
34683437
509592228
935906724
223706437
374625021
839356074
0
586645119
750885847
482619817
947382508
751593775
657004461
938278202
164530671
0
0
754436590
114506165
452051125
548806262
69722095
0
693100024
513044913
0
691617364
791203178
302232946
0
891376787
649481006
62223035
628823472
838700173
0
19638335
338507796
285878766
140462864
831757688
0
844270893
0
46292419
585311578
572165422
730186695
559165771
644378501
653304825
306224318
0
605960140
605894868
37556421
793416437
896607577
873467962
269666815
253672671
101635341
0
794616514
0
836987874
649067928
14688818
528057672
93225395
0
873058283
533964795
945964988
0
0
29286845
0
456035789
918396492
0
932353885
489346612
779483627
753605424
31842548
841916765
129220329
249341271
0
472690492
71398799
0
448105924
39557733
754979858
0
669191750
247349354
13055678
174577186
12415194
579077918
0
332433597
473823460
919548374
933736981
952476635
505373986
0
154683879
