1000
1 2 3 1 3 1 4 2 8 8 4 3 3 7 1 12 10 11 5 20 6 10 20 17 5 18 22 26 15 4 22 2 21 34 32 23 17 1 21 20 24 23 23 12 11 41 26 1 34 13 35 8 48 50 26 5 7 32 8 36 42 9 37 49 27 49 54 22 21 39 59 59 49 18 66 3 41 56 40 12 81 28 83 51 37 46 35 25 9 85 76 5 32 39 94 43 21 49 27 24 101 55 23 103 46 78 103 68 9 44 86 6 94 46 52 18 76 114 61 38 26 65 14 15 49 48 80 88 37 113 91 10 125 53 12 8 70 17 23 110 17 113 89 56 39 27 90 129 102 5 108 36 18 91 33 124 117 130 114 127 153 104 108 116 38 124 38 125 17 74 75 82 166 137 106 152 18 58 73 60 152 2 53 75 52 151 65 102 155 85 96 170 27 80 85 18 28 155 130 80 159 193 80 92 189 92 89 126 99 26 173 167 88 117 89 211 190 175 17 74 70 93 213 223 144 16 74 24 65 186 129 215 215 15 13 40 167 129 63 228 166 143 15 69 211 136 122 20 190 151 35 151 122 62 72 167 71 257 55 117 82 74 229 43 11 223 59 77 52 19 159 48 39 195 185 8 263 160 11 21 261 232 230 111 100 92 276 10 183 111 239 190 250 244 236 11 281 59 229 109 35 272 234 76 108 95 263 30 300 228 158 151 115 149 206 280 47 229 19 15 180 39 317 155 72 8 169 113 42 136 62 270 111 253 10 14 183 209 287 260 319 101 213 210 314 162 184 135 130 291 14 128 260 16 28 68 353 239 201 51 97 257 54 361 297 205 167 222 258 307 356 73 373 139 316 182 96 214 154 156 209 164 155 291 62 46 73 201 121 8 377 83 103 106 349 214 189 78 153 22 103 135 89 355 394 246 105 402 329 52 318 55 381 162 34 289 245 149 293 373 145 245 319 55 118 307 13 113 22 93 375 157 99 80 30 284 68 104 439 112 103 362 251 284 214 286 279 418 21 128 252 98 40 172 31 191 427 220 58 37 157 422 108 346 235 383 329 150 124 264 251 238 451 135 4 186 341 323 448 205 90 190 469 154 26 316 224 333 323 403 267 103 224 226 374 390 8 498 497 239 1 384 364 301 452 381 406 86 56 422 70 76 178 82 193 482 146 66 155 151 489 66 221 32 338 320 35 169 272 237 105 223 70 268 356 501 52 87 285 156 43 357 429 69 205 330 336 177 234 77 443 303 549 245 293 169 401 370 173 474 214 332 543 284 7 251 24 54 327 412 66 368 132 482 554 417 228 45 528 285 492 402 249 91 225 532 464 329 241 157 112 131 593 172 142 248 541 301 521 543 494 506 93 190 253 534 39 168 382 594 40 128 327 381 42 92 469 573 282 391 206 298 448 170 273 345 45 253 139 425 176 505 627 216 340 185 22 414 304 162 194 279 67 491 136 168 193 641 87 452 14 466 291 597 420 313 165 375 219 657 149 652 123 501 314 287 501 294 160 563 356 279 430 141 333 486 595 536 456 84 295 409 452 63 44 172 529 181 169 657 402 253 114 300 39 568 523 513 441 466 132 537 687 14 149 366 386 537 610 488 511 227 414 618 332 150 229 114 31 121 700 26 541 648 368 72 124 261 678 510 22 514 499 288 621 464 42 717 67 404 363 564 415 671 467 274 321 147 193 280 572 364 708 670 342 512 246 679 176 691 324 69 266 449 141 342 336 677 462 350 49 70 170 113 396 728 333 242 343 266 124 149 741 741 493 311 665 519 644 104 11 777 130 549 122 90 301 485 493 597 307 676 272 72 779 346 70 262 250 221 245 506 160 614 809 269 603 630 634 354 781 179 817 512 813 207 217 264 502 539 89 104 438 138 377 538 66 43 573 353 287 727 395 248 495 625 478 844 129 679 534 261 294 416 148 528 555 308 471 268 6 518 515 549 237 792 361 660 245 229 563 512 89 704 578 468 656 730 685 122 478 864 278 16 240 402 633 721 412 840 285 822 593 472 764 853 293 359 439 402 176 477 476 468 801 255 580 374 888 722 736 303 75 629 396 587 483 84 269 547 242 87 559 278 709 231 925 352 28 292 258 755 848 193 507 533 348 43 5 726 3 282 20 674 397 115 561 93 49 338 699 365 590 940 538 651 419 474 132 494 925 64 889 493 133 863 203 115 324 100 908 843 451 58 590 557 501 445 424 891 174 771 56 392 203 592 591 251 170 412 353 231 414 599 255 54 401 334 274 1000
2 293
1 402 30143 15703
1 298 19014 30066
1 395 26089 4633
2 557
2 929
1 414 13516 4363
2 630
2 429
1 203 14347 17012
2 617
1 420 11673 26838
2 515
2 726
2 635
1 342 15115 30090
1 395 32353 9193
2 30
1 314 25334 25549
1 960 5275 31481
1 483 11059 27992
1 879 16389 20673
1 725 16809 16114
2 416
1 482 2957 5786
1 562 6479 9922
2 891
2 576
2 309
2 456
2 912
2 988
1 536 9530 19045
1 705 17959 11478
1 767 29802 18214
2 403
2 958
1 143 341 29353
1 700 22219 26488
1 908 32694 18566
2 235
2 652
1 415 16152 5562
1 662 10726 24141
1 843 17246 6946
2 532
1 390 5823 785
1 50 12954 10409
1 640 15720 11538
2 121
2 514
2 88
1 863 26555 25655
2 699
2 73
1 586 5737 6274
1 928 16416 13979
2 70
1 317 9160 3657
1 913 15177 29348
2 396
1 576 18860 18781
2 478
1 965 1427 2384
1 382 22818 10130
1 773 5390 22964
1 500 25995 16445
2 208
1 257 13561 26945
1 368 24578 28599
1 501 31256 3285
1 348 3183 10317
1 436 26085 28741
1 203 996 20747
1 812 650 5380
2 615
1 40 22418 15866
1 751 26069 19567
2 155
1 191 12528 1256
2 294
2 74
2 973
2 459
2 989
2 317
1 675 13618 24029
1 4 18242 6182
1 994 4567 23992
1 365 26996 27779
2 377
1 823 12916 17308
2 672
1 617 16726 9889
1 578 31514 23552
1 787 7475 7086
1 11 14405 26339
1 350 17904 3803
2 633
2 471
2 5
2 232
2 458
1 637 4822 13815
1 184 12511 7196
1 208 11741 10050
1 750 28077 6842
1 529 1099 28534
2 164
1 361 15696 26155
2 252
1 814 3186 25207
2 898
1 664 18303 24341
1 823 31307 25761
2 192
1 213 4738 14410
2 480
1 301 31713 21368
2 727
2 18
1 123 1572 13679
1 870 19285 21569
2 813
2 817
2 463
2 471
1 701 27667 13824
1 847 3540 14361
2 506
2 801
2 321
2 451
1 276 22351 295
2 776
2 170
2 611
1 64 18510 30936
2 131
1 863 25666 7873
2 891
1 341 8350 4051
1 282 12800 12878
2 155
2 860
1 79 18401 13368
2 569
1 872 11967 8973
1 194 32696 25938
2 555
1 329 24629 7616
2 142
2 490
1 17 22724 25855
1 276 16917 12650
2 747
1 553 29247 24654
1 949 15606 13126
1 844 18848 23528
2 764
1 573 31987 28931
2 118
1 459 32408 7017
1 19 7056 231
1 393 2198 6199
2 816
2 171
1 64 26762 26742
2 875
2 291
2 150
2 575
1 771 13043 14812
1 825 4438 20202
1 594 1513 4301
1 932 6112 16272
1 958 20403 2169
2 940
2 826
2 847
1 807 6869 12459
2 795
1 686 22109 25378
1 497 16350 19774
1 200 31772 25130
1 931 30821 17044
1 10 11116 20228
2 824
2 715
1 378 6286 23150
2 280
1 125 24354 4943
2 935
2 444
2 892
2 688
2 758
1 63 11375 11052
2 265
2 681
2 945
2 850
1 555 25569 4321
1 781 11508 20096
1 381 9323 7044
2 604
1 843 29238 1833
1 50 24435 13139
2 407
1 345 22725 27917
1 760 6693 25840
2 263
2 527
2 467
2 475
2 194
2 681
2 165
1 765 1828 29089
1 234 4161 2776
1 661 2132 26220
1 959 1889 3401
1 176 30239 25380
2 87
1 65 30808 26347
1 746 2045 22459
1 229 17792 8416
2 686
1 791 20577 30893
2 94
2 564
1 266 31967 6276
2 520
1 355 20945 28859
2 614
2 768
1 745 24907 15561
1 66 13873 8934
1 667 27975 29742
1 100 10587 30582
2 532
2 418
2 644
1 947 4303 23928
1 887 25203 12169
1 822 4739 23439
1 975 14077 26404
2 522
2 62
1 692 31413 28134
2 647
2 534
1 956 18132 24295
2 697
1 165 20028 23668
2 241
1 159 1826 21575
1 473 25694 22942
1 213 26975 26155
2 290
1 550 5688 22180
1 639 28932 13135
1 624 31654 1513
2 322
1 195 9853 20762
2 80
1 366 26793 26788
2 885
1 754 4407 31936
2 685
1 802 25276 27560
2 508
1 382 15606 14736
1 570 14982 11612
1 253 13166 29876
1 529 2602 32264
1 347 25429 26474
2 473
1 128 328 2150
1 35 25860 17793
1 363 29560 28880
2 536
1 141 2817 29744
2 442
2 367
2 547
1 790 29252 25560
2 443
2 547
1 986 4608 20929
1 751 21336 12822
1 856 30569 12317
2 168
1 595 6825 8202
2 723
2 936
1 598 14795 3052
1 741 8906 6157
2 584
2 685
2 580
2 40
2 633
1 270 3295 7252
2 454
1 93 25349 4883
1 346 29265 1703
2 784
1 684 10851 12255
2 257
1 607 28585 20878
1 53 5265 324
1 181 11983 2230
2 757
2 787
2 556
1 160 28062 26856
1 843 19854 22427
2 680
1 224 23292 22726
1 488 22194 4135
1 918 6645 22893
1 430 1278 4041
2 654
2 469
2 90
1 892 26674 9712
2 231
2 815
2 380
1 856 16752 31439
2 237
1 678 17706 12951
2 675
2 665
2 928
1 94 31469 10160
1 83 23458 26837
2 955
1 620 26310 30016
1 230 24819 6933
2 282
2 700
1 935 29423 686
2 812
1 667 26370 12876
2 197
1 722 16892 28627
1 198 19375 15224
1 353 29538 7730
1 298 32553 18283
2 615
1 749 26143 5380
1 498 29704 28101
1 7 32743 13324
1 560 13380 30706
1 457 29944 370
2 492
1 982 17502 16836
2 672
1 950 22168 32635
1 258 10874 7384
1 187 9249 25948
2 834
1 658 330 21371
1 292 26684 14058
2 933
2 966
1 421 9729 31711
2 704
2 187
2 62
2 152
1 500 4480 3165
1 99 12640 9711
1 347 14146 28017
2 44
1 172 6624 32393
2 308
1 683 30868 3177
2 54
1 945 19074 32758
2 529
2 794
1 426 5535 27569
2 993
1 253 21758 6032
2 346
1 525 7934 22695
1 349 8183 3692
1 761 16253 7962
1 574 27162 6344
1 988 22171 20772
1 127 32532 22463
2 260
2 642
2 953
2 15
1 642 18072 24923
1 711 9943 21088
2 91
2 161
2 801
1 779 12601 7835
1 45 1371 24500
2 297
2 51
1 743 28390 14826
2 618
1 306 4663 8909
2 953
1 539 1213 24505
1 935 30572 27189
2 141
1 614 13115 8083
2 666
2 398
2 695
1 246 20641 31477
1 432 5025 20866
2 365
1 420 28601 26836
1 384 28197 7187
2 113
2 576
2 167
1 239 25472 28740
1 391 32709 17879
2 9
1 458 11606 6573
2 599
2 499
2 477
1 326 21850 1126
2 343
1 445 6003 9193
2 77
2 828
1 870 14261 26930
2 212
2 206
2 865
2 535
2 469
2 220
1 746 13903 11702
2 112
1 360 6668 31034
1 110 2563 731
1 167 28689 12720
1 173 12043 5943
2 219
2 44
1 506 1891 7993
2 640
1 845 19794 6837
2 114
1 283 22163 27723
1 361 9410 23708
2 798
1 198 28093 19929
2 163
1 530 10318 29961
1 510 7530 25410
2 704
2 992
1 78 22696 5439
2 274
2 661
2 25
1 570 5972 13637
2 693
2 872
1 482 25724 30013
1 810 30041 15296
1 186 14859 991
2 533
1 849 29777 8066
1 211 25547 29685
1 390 3758 15077
1 487 12958 7308
1 125 3521 26957
1 577 11041 6890
2 200
2 104
2 463
2 86
2 174
2 454
2 950
2 448
2 485
1 726 23792 19936
1 128 4900 24832
2 609
1 395 4486 29435
1 103 9154 18034
1 371 13717 19207
2 425
2 323
2 963
1 78 23507 12368
1 527 24774 22774
1 574 3710 31041
2 449
1 31 28744 30126
2 756
2 957
1 291 28037 27226
2 468
1 686 4612 19759
2 537
2 602
1 551 10413 3269
2 683
2 864
2 38
1 20 22574 32106
1 201 28933 18483
1 79 32748 16625
1 478 8005 8862
2 677
2 766
2 319
1 702 22572 15736
1 854 14774 10883
1 585 7609 26174
1 321 14172 32226
1 875 9495 20619
2 991
2 458
2 829
1 664 10650 20561
2 175
1 253 18124 821
1 313 22948 2259
1 135 19878 25532
1 821 22273 25466
2 797
2 512
1 478 6859 5768
1 564 30508 25107
2 560
1 885 25629 1328
1 988 9886 13537
2 223
2 191
1 885 23182 5861
2 751
2 797
1 720 7098 3671
2 433
1 738 22283 7179
2 110
2 924
2 624
1 195 14828 3957
2 321
1 774 11014 12405
2 880
2 326
1 322 17452 25786
2 402
1 388 26679 1980
1 993 6861 32741
1 444 2726 4249
2 49
2 874
2 24
2 538
2 175
2 645
2 516
2 576
2 264
1 296 15284 16399
1 527 27956 2412
1 650 512 24377
1 876 27437 7091
2 736
2 427
1 202 18256 17889
2 92
1 148 4119 7431
2 361
1 468 15111 21320
2 879
1 224 18518 24180
1 253 501 20843
2 637
2 518
2 145
2 871
1 460 6434 29356
1 126 5364 22473
2 613
1 335 14656 23797
2 281
1 748 28279 10087
2 304
2 258
1 980 2239 17597
2 476
2 64
1 246 1615 14673
1 774 31159 22185
2 316
1 651 23141 23485
1 1000 20598 17522
2 493
2 486
1 853 5457 28072
1 931 2571 440
2 926
2 87
1 864 25381 25968
1 366 15045 27533
1 919 13952 21065
2 150
1 724 8029 2732
2 990
1 100 11283 8537
1 469 9444 4709
2 624
2 830
1 484 18118 20405
1 259 26698 178
2 241
2 859
1 703 27351 1345
1 168 4970 32728
1 98 14781 14205
1 36 10302 1617
2 895
1 124 24067 8965
1 736 27697 21773
2 788
2 740
2 871
2 238
2 391
2 587
2 356
1 974 7639 28732
1 23 20001 10788
2 419
1 484 16531 8926
2 374
1 879 19809 19258
2 315
1 59 7185 24570
2 643
1 570 10 14402
1 154 27626 20413
2 105
2 38
1 208 923 28514
2 565
2 445
1 757 11267 2283
2 973
1 448 22967 1790
1 304 11666 3603
1 722 9770 11274
1 468 26048 27196
1 144 7985 29904
2 139
2 776
1 988 25568 288
2 247
2 283
2 115
1 555 5123 3685
1 685 15751 25442
2 536
1 574 20684 17190
1 441 1662 359
1 13 23344 16878
2 731
2 419
2 3
1 503 3841 31067
1 302 2686 22996
1 929 27052 2458
1 360 8517 31840
2 608
1 415 7743 16195
2 956
2 963
2 276
1 51 9891 27031
1 203 14513 20640
1 559 27472 26939
2 89
1 797 10482 1119
1 82 19302 30991
1 713 5307 21578
1 571 32388 19193
1 924 17756 22873
1 641 32716 172
1 251 7279 3375
1 21 2899 30795
1 203 5795 15119
1 227 11907 9438
2 662
2 160
1 340 20633 24784
2 463
1 595 4942 16365
1 932 6585 31964
2 844
1 734 21134 21622
2 939
2 35
2 189
1 350 20732 20835
2 219
1 727 17067 26985
2 962
1 532 6530 11502
2 996
1 964 27801 21463
2 479
1 568 8107 28035
2 142
1 188 18246 20794
2 689
2 227
2 883
2 51
1 886 18747 16433
2 335
1 781 19415 26214
2 574
2 635
1 982 3501 22920
2 12
1 892 18556 30870
1 232 31652 29248
2 701
1 465 18082 20352
2 476
1 54 31275 4421
1 504 2467 7136
1 706 27298 25428
2 607
2 540
2 634
2 507
1 81 15876 24507
1 929 17565 20424
2 86
2 873
2 576
2 736
1 458 17968 27309
2 564
2 506
2 546
2 799
2 901
1 700 16187 21921
2 639
1 402 18035 13172
1 548 31767 31776
1 814 22563 3876
1 853 1484 13450
2 808
2 151
2 655
2 965
1 281 18637 20549
2 736
1 899 16936 21568
2 885
1 918 15735 18465
1 23 3086 12772
1 673 3265 27998
2 529
2 265
1 620 4619 6237
1 751 6590 2062
2 511
2 480
2 617
1 833 24373 3512
2 270
2 776
1 540 13313 25195
1 927 17792 23380
2 265
2 815
1 518 29916 17294
2 524
1 619 26249 28370
1 215 31343 21712
2 238
2 301
2 230
1 177 27438 1884
1 267 25832 8
1 586 7834 13590
2 852
2 61
2 818
2 107
2 643
1 406 6279 14865
1 114 16585 1256
1 737 11494 11847
1 71 9341 21693
1 170 481 15946
1 100 28351 24270
1 870 21505 8898
1 848 243 21030
2 123
2 831
2 450
2 918
2 404
1 323 17441 6815
2 412
2 896
1 735 14627 30257
2 950
1 179 12589 375
2 831
1 366 29049 400
2 953
2 290
2 864
1 819 8240 9738
2 48
1 178 28247 14058
1 592 26487 22064
2 259
1 799 2268 1899
1 183 14284 12714
1 29 9229 2537
2 767
1 830 5018 22744
1 533 8040 1393
1 154 3497 14673
1 675 26250 5124
1 711 24508 12521
2 42
1 177 6166 22338
1 875 27369 5950
2 786
1 947 3666 27992
1 890 27776 1747
2 329
1 998 8144 11549
2 497
1 881 12845 20107
2 709
2 807
2 240
1 258 5097 13980
1 679 6277 19235
2 732
2 346
1 969 5756 2982
1 501 24174 21159
2 784
1 82 7478 11791
2 928
1 707 9677 22439
1 275 983 9835
1 52 9505 3450
2 119
2 443
2 125
1 607 17300 9481
2 705
1 527 5287 28785
1 82 30804 4049
1 483 17355 8771
2 324
1 521 2827 25276
1 646 2707 17230
2 16
1 627 12298 9305
1 243 30948 20881
1 369 5646 8356
1 811 26953 4888
1 647 23956 31323
1 641 28567 25852
2 676
2 745
2 984
2 137
2 272
2 37
2 275
2 235
1 549 18712 13410
1 549 20336 10766
1 456 7537 12760
1 766 22779 9359
2 902
2 530
1 365 19998 15795
1 287 22358 10444
2 441
1 771 4718 24127
1 684 8686 7707
1 33 8971 16981
2 38
2 683
2 845
1 393 10363 9397
2 420
1 235 32094 32283
2 594
2 100
1 709 21404 21322
2 357
2 241
2 590
1 160 7303 15005
2 727
1 812 13434 8789
2 86
2 719
1 496 10459 17735
1 572 32730 1276
2 547
1 185 3279 23015
1 878 744 3867
1 767 5200 25525
1 608 22675 15692
2 8
1 693 30858 13697
1 302 5181 6117
1 777 10508 18136
2 17
2 630
2 751
1 373 9131 4830
1 674 9036 7122
1 260 20186 914
2 298
1 870 32089 29028
1 172 25485 29856
2 542
1 509 21082 25162
1 256 20890 11237
2 992
1 844 6824 31092
2 106
2 563
2 33
1 214 8498 209
2 682
1 841 11986 24093
1 314 31548 24802
1 744 6302 24285
1 513 9718 22611
2 611
1 926 21504 29880
2 868
2 472
1 102 14034 1255
1 304 28870 18320
2 799
2 105
2 414
1 965 20761 18403
1 689 22826 20297
1 410 14639 11760
2 943
1 376 22492 14892
2 396
2 644
2 884
2 213
2 677
1 175 517 1806
2 944
1 738 7653 26234
1 935 18836 14110
2 359
2 301
1 338 10118 28071
1 969 3476 5501
2 993
2 805
1 910 11008 24858
1 10 13539 24212
2 803
2 766
2 741
1 568 23002 31244
1 132 24999 10318
1 502 29617 28740
1 177 22442 6308
2 626
1 53 1312 22176
2 905
