1000
83 2 119
87 2 829
170 2 638
254 2 644
373 2 76
856 2 891
668 2 338
335 2 557
13 2 219
564 2 34
633 2 191
939 2 4
990 2 62
786 2 407
342 2 757
555 2 330
72 2 208
119 2 801
782 2 646
94 2 250
999 2 459
581 2 803
661 2 341
175 2 284
697 2 838
711 2 493
758 2 704
436 2 314
451 2 85
470 2 523
429 2 179
552 2 578
221 2 545
767 2 316
685 2 963
42 2 154
233 2 228
547 2 64
516 2 240
333 2 339
352 2 757
741 2 57
994 2 948
366 2 377
773 2 943
552 2 122
30 2 259
856 2 228
280 2 709
822 2 262
361 2 263
483 2 65
828 2 466
50 2 890
33 2 366
177 2 114
762 2 604
879 2 712
351 2 155
736 2 659
124 2 253
143 2 413
785 2 313
3 2 586
530 2 434
941 2 190
272 2 868
745 2 257
137 2 63
947 2 685
691 2 961
948 2 829
775 2 282
909 2 372
515 2 939
659 2 977
272 2 118
76 2 2
782 2 508
705 2 726
852 2 735
268 2 381
868 2 415
27 2 568
110 2 128
118 2 525
420 2 382
294 2 207
303 2 180
102 2 151
392 2 26
887 2 451
353 2 654
510 2 430
557 2 860
545 2 817
492 2 901
970 2 514
508 2 927
170 2 132
301 2 987
930 2 679
899 2 836
270 2 331
394 2 430
987 2 296
101 2 730
883 2 234
799 2 189
94 2 431
398 2 767
515 2 324
764 2 644
472 2 937
72 2 331
422 2 385
21 2 240
80 2 82
489 2 174
37 2 787
160 2 384
420 2 784
978 2 271
216 2 43
642 2 69
500 2 143
273 2 3
248 2 484
811 2 486
757 2 455
584 2 614
438 2 590
21 2 974
983 2 338
764 2 303
466 2 253
9 2 671
744 2 722
39 2 722
325 2 156
515 2 385
423 2 163
598 2 462
552 2 891
377 2 633
298 2 543
820 2 669
514 2 513
583 2 755
616 2 775
517 2 833
766 2 710
486 2 871
95 2 684
284 2 270
363 2 889
344 2 179
584 2 756
541 2 619
106 2 906
501 2 570
126 2 340
540 2 239
355 2 544
50 2 163
211 2 591
756 2 166
857 2 903
197 2 373
98 2 171
697 2 481
585 2 382
962 2 39
494 2 113
951 2 594
767 2 190
129 2 529
994 2 448
648 2 451
769 2 312
902 2 261
23 2 712
938 2 614
762 2 937
119 2 723
705 2 354
942 2 508
656 2 75
962 2 767
690 2 364
658 2 890
726 2 764
732 2 695
749 2 868
568 2 11
43 2 70
683 2 328
100 2 730
733 2 600
913 2 687
757 2 273
819 2 65
131 2 145
415 2 710
70 2 648
427 2 300
407 2 590
656 2 886
382 2 528
192 2 533
636 2 540
266 2 44
537 2 920
979 2 902
30 2 401
383 2 325
981 2 595
209 2 869
128 2 569
39 2 323
848 2 981
290 2 908
231 2 426
333 2 642
519 2 239
451 2 572
708 2 239
773 2 84
904 2 75
756 2 681
934 2 673
188 2 382
33 2 5
826 2 193
477 2 277
648 2 515
918 2 544
887 2 843
304 2 714
404 2 949
879 2 253
141 2 44
553 2 960
469 2 808
360 2 583
14 2 453
228 2 450
911 2 629
680 2 304
951 2 199
707 2 939
537 2 452
738 2 868
313 2 956
788 2 942
997 2 488
31 2 745
671 2 677
921 2 397
202 2 396
777 2 178
666 2 3
447 2 87
617 2 928
289 2 40
120 2 445
792 2 811
571 2 598
899 2 960
456 2 25
58 2 392
809 2 776
677 2 634
472 2 127
13 2 101
459 2 595
395 2 410
576 2 579
809 2 852
474 2 175
598 2 507
660 2 686
390 2 998
93 2 448
752 2 843
997 2 237
706 2 518
480 2 620
818 2 326
465 2 984
246 2 795
600 2 449
519 2 511
167 2 358
513 2 120
289 2 834
406 2 747
388 2 609
675 2 515
16 2 330
555 2 492
872 2 233
771 2 625
289 2 132
287 2 500
665 2 765
19 2 991
930 2 300
283 2 991
423 2 655
206 2 124
814 2 190
345 2 283
679 2 566
505 2 698
500 2 132
627 2 424
505 2 59
743 2 132
621 2 986
514 2 790
273 2 923
875 2 376
625 2 790
193 2 578
281 2 38
986 2 473
138 2 303
647 2 125
397 2 841
950 2 57
504 2 514
352 2 372
414 2 485
861 2 840
339 2 151
532 2 576
353 2 838
416 2 488
500 2 388
815 2 749
5 2 421
932 2 890
61 2 794
608 2 25
968 2 178
532 2 422
700 2 225
714 2 290
842 2 152
45 2 130
412 2 902
438 2 251
920 2 558
385 2 980
548 2 598
783 2 255
346 2 971
340 2 215
486 2 848
124 2 16
70 2 193
754 2 2
633 2 787
297 2 935
819 2 164
199 2 34
680 2 334
391 2 691
782 2 592
973 2 883
865 2 486
95 2 272
849 2 990
186 2 137
494 2 212
691 2 80
639 2 230
800 2 388
487 2 547
518 2 223
633 2 821
139 2 962
926 2 582
454 2 251
309 2 851
662 2 815
258 2 684
353 2 48
849 2 714
199 2 255
36 2 406
101 2 685
404 2 294
606 2 18
389 2 419
855 2 409
902 2 556
433 2 904
807 2 76
221 2 304
354 2 910
307 2 37
103 2 855
684 2 252
403 2 838
17 2 753
241 2 773
283 2 837
885 2 326
788 2 448
804 2 83
389 2 638
423 2 532
866 2 234
386 2 78
883 2 435
32 2 336
52 2 191
25 2 226
352 2 96
895 2 193
265 2 928
341 2 488
459 2 234
89 2 195
410 2 139
907 2 314
800 2 394
862 2 44
668 2 444
904 2 882
232 2 979
781 2 303
417 2 240
448 2 590
453 2 746
196 2 73
551 2 725
279 2 495
454 2 849
48 2 704
56 2 348
443 2 656
65 2 317
835 2 855
288 2 399
936 2 341
124 2 548
761 2 710
210 2 53
507 2 36
379 2 641
970 2 438
164 2 671
872 2 33
925 2 401
124 2 52
454 2 32
404 2 744
62 2 120
518 2 384
855 2 84
3 2 880
15 2 707
461 2 386
920 2 618
443 2 954
658 2 443
138 2 176
606 2 675
39 2 440
894 2 830
626 2 171
84 2 942
349 2 248
665 2 675
878 2 255
247 2 66
496 2 951
193 2 766
321 2 300
481 2 504
207 2 29
882 2 822
180 2 374
367 2 24
412 2 83
915 2 555
197 2 390
875 2 999
15 2 875
185 2 923
603 2 489
794 2 823
520 2 838
314 2 49
876 2 408
814 2 930
88 2 43
475 2 932
295 2 785
845 2 858
497 2 629
675 2 538
195 2 233
969 2 446
313 2 419
693 2 758
710 2 568
38 2 683
979 2 856
794 2 364
383 2 539
520 2 223
318 2 280
693 2 144
12 2 826
730 2 427
436 2 44
157 2 695
308 2 628
727 2 703
491 2 713
863 2 294
935 2 111
205 2 87
488 2 887
953 2 734
657 2 248
949 2 567
464 2 117
160 2 638
347 2 111
85 2 629
781 2 124
483 2 689
713 2 962
422 2 242
511 2 151
966 2 451
573 2 730
270 2 861
304 2 109
176 2 458
771 2 491
135 2 786
806 2 968
29 2 748
339 2 188
726 2 211
493 2 695
300 2 928
378 2 289
612 2 447
435 2 162
874 2 836
945 2 905
657 2 408
322 2 529
909 2 322
820 2 419
92 2 290
265 2 540
586 2 619
52 2 531
452 2 507
172 2 679
624 2 303
294 2 595
539 2 550
503 2 267
523 2 803
626 2 576
470 2 47
847 2 188
737 2 590
925 2 587
286 2 400
865 2 638
952 2 875
111 2 20
977 2 287
57 2 236
71 2 722
942 2 530
354 2 898
828 2 757
913 2 248
985 2 619
333 2 415
822 2 162
541 2 275
230 2 272
628 2 755
573 2 570
312 2 94
628 2 522
764 2 113
28 2 622
553 2 833
897 2 206
496 2 219
466 2 486
180 2 491
877 2 572
782 2 324
600 2 882
800 2 138
134 2 155
245 2 640
998 2 471
680 2 397
970 2 248
957 2 724
911 2 916
350 2 978
920 2 403
87 2 90
808 2 136
524 2 393
487 2 171
569 2 169
405 2 285
825 2 686
365 2 584
251 2 455
620 2 305
442 2 122
834 2 929
916 2 173
631 2 972
342 2 300
98 2 300
694 2 734
190 2 160
209 2 33
719 2 287
198 2 198
636 2 403
762 2 645
372 2 364
973 2 450
94 2 542
45 2 353
635 2 431
754 2 694
527 2 937
169 2 164
544 2 536
333 2 956
358 2 571
635 2 238
36 2 49
85 2 302
333 2 297
586 2 15
627 2 970
883 2 519
484 2 742
537 2 394
350 2 22
493 2 837
341 2 791
912 2 418
394 2 684
540 2 209
390 2 478
962 2 845
927 2 189
862 2 222
178 2 332
640 2 754
162 2 805
509 2 670
191 2 765
261 2 87
979 2 964
374 2 533
225 2 810
641 2 654
271 2 981
763 2 530
846 2 229
23 2 646
599 2 168
913 2 344
792 2 433
566 2 91
263 2 942
755 2 499
863 2 505
699 2 230
241 2 385
621 2 828
436 2 569
333 2 211
360 2 596
666 2 866
855 2 529
944 2 973
357 2 847
303 2 638
370 2 355
371 2 477
709 2 381
45 2 243
947 2 686
394 2 369
952 2 406
907 2 412
174 2 473
261 2 179
100 2 628
129 2 746
256 2 116
151 2 582
992 2 281
774 2 455
46 2 356
359 2 109
370 2 852
483 2 993
604 2 592
722 2 58
418 2 21
350 2 298
278 2 429
63 2 128
724 2 374
248 2 81
994 2 294
970 2 566
321 2 196
128 2 261
132 2 788
202 2 460
839 2 951
390 2 479
97 2 14
659 2 74
196 2 685
824 2 138
461 2 703
677 2 110
951 2 532
336 2 636
957 2 400
795 2 911
416 2 775
3 2 166
45 2 300
172 2 427
731 2 476
300 2 288
403 2 100
246 2 466
409 2 779
879 2 706
378 2 330
406 2 457
62 2 258
151 2 813
136 2 597
81 2 407
908 2 602
97 2 336
609 2 579
838 2 979
222 2 416
966 2 116
834 2 296
121 2 974
430 2 356
517 2 149
790 2 173
617 2 184
361 2 848
439 2 134
700 2 351
883 2 331
453 2 195
785 2 374
55 2 400
366 2 506
210 2 430
357 2 513
877 2 553
525 2 877
662 2 399
953 2 203
632 2 129
48 2 118
871 2 320
854 2 440
688 2 157
859 2 176
429 2 1
122 2 942
255 2 311
525 2 678
916 2 105
351 2 936
892 2 445
762 2 941
527 2 83
922 2 248
713 2 659
730 2 769
712 2 98
806 2 10
85 2 608
728 2 444
537 2 664
686 2 609
491 2 685
916 2 644
55 2 962
118 2 692
952 2 314
737 2 880
705 2 991
538 2 779
785 2 51
63 2 928
725 2 799
149 2 180
979 2 61
42 2 654
508 2 227
964 2 528
680 2 932
201 2 568
129 2 450
968 2 675
697 2 537
648 2 217
437 2 159
664 2 139
935 2 99
511 2 866
542 2 440
725 2 196
633 2 707
489 2 745
788 2 934
428 2 766
153 2 23
646 2 831
130 2 215
967 2 686
478 2 849
369 2 164
219 2 297
380 2 54
964 2 955
138 2 71
586 2 767
53 2 887
183 2 765
517 2 992
385 2 218
230 2 971
108 2 494
881 2 560
147 2 779
626 2 643
520 2 752
994 2 944
570 2 776
214 2 627
775 2 271
840 2 312
538 2 661
100 2 992
174 2 285
710 2 830
868 2 185
42 2 641
689 2 444
68 2 896
452 2 911
905 2 784
919 2 313
61 2 790
499 2 163
678 2 282
449 2 62
345 2 572
566 2 464
356 2 306
326 2 352
484 2 971
989 2 338
216 2 451
145 2 477
733 2 930
412 2 523
748 2 785
482 2 635
633 2 625
109 2 960
196 2 619
937 2 846
213 2 111
933 2 918
220 2 800
230 2 879
87 2 402
363 2 642
784 2 395
132 2 552
238 2 32
884 2 456
547 2 378
121 2 174
373 2 444
225 2 596
713 2 85
600 2 232
373 2 144
623 2 227
308 2 291
119 2 810
600 2 536
326 2 257
531 2 582
249 2 666
542 2 56
515 2 748
910 2 940
389 2 630
11 2 400
695 2 904
83 2 716
973 2 601
279 2 631
413 2 998
220 2 184
400 2 390
165 2 324
240 2 483
687 2 28
665 2 376
901 2 336
442 2 836
893 2 963
14 2 57
410 2 452
926 2 440
147 2 452
697 2 689
524 2 546
103 2 30
236 2 58
354 2 694
63 2 939
23 2 76
701 2 75
27 2 276
707 2 954
361 2 884
536 2 51
363 2 283
962 2 512
815 2 901
962 2 825
588 2 474
765 2 608
748 2 56
388 2 813
437 2 827
871 2 562
315 2 197
470 2 969
88 2 786
416 2 266
223 2 192
559 2 929
213 2 961
195 2 503
281 2 174
30 2 4
101 2 290
256 2 491
965 2 476
621 2 991
976 2 724
764 2 860
85 2 732
104 2 277
472 2 624
780 2 58
772 2 259
666 2 694
443 2 775
701 2 97
804 2 613
841 2 15
333 2 241
