100
4216 3594 2185 8957
9676 4155 2419 670
7223 8914 1457 1746
9506 2347 4774 3708
195 1269 7613 1248
3122 1501 8200 8981
4006 9994 8038 8506
8864 7098 8778 5294
5979 1533 9050 9946
881 4897 773 1858
9266 3805 2168 6861
8353 7123 371 3664
9759 9135 871 8993
1340 8293 7139 2203
266 202 2288 78
7125 6209 5961 729
7312 2233 8303 2378
2562 3205 4988 1476
9665 9916 4823 8723
5837 7026 231 812
1632 8407 1067 6937
9781 7502 7864 179
3623 5041 421 8368
9051 9459 1924 1136
4256 8534 690 9443
8869 9278 961 8333
1884 2278 1443 8380
4863 466 7323 601
4896 5572 9694 6013
1061 1170 2448 423
4195 2344 4364 4091
5162 714 4963 2588
1698 5037 3993 2589
3652 9766 8636 1413
5468 1523 8327 8977
3566 2297 8038 5887
6406 9950 6987 5416
260 552 2544 3388
9880 8309 2014 8981
2907 3052 5726 7493
1230 3012 6429 1521
454 4996 6917 4339
2200 6651 7738 9146
1474 9361 5586 4165
1867 925 7449 3664
3851 8888 4931 5869
7422 9202 3 1334
9428 1539 8284 5666
4365 1029 7718 5271
4212 5584 5988 8144
8249 3958 7907 3006
5043 2177 1061 3107
1990 9017 8783 9229
769 7562 7040 7600
1339 1349 3699 2167
496 7686 758 4332
2086 7718 1852 54
2325 290 9456 2963
2022 5340 6875 9542
3194 480 3448 2258
6335 9274 2966 9912
1343 8246 5886 189
9465 2216 5510 1824
2644 9453 7460 891
1457 81 8791 9719
3585 9858 3282 7413
5239 2757 3114 2154
9007 456 8547 5802
9470 2344 710 9001
1132 756 838 5421
176 3793 5507 600
5498 6784 3982 1846
2855 7949 7230 2529
2016 4248 5778 909
8468 2073 9368 9105
9720 5808 5582 8098
4812 7243 4231 3575
4320 5196 4688 4184
694 1978 6339 3656
6681 6071 2108 3877
7199 3985 138 8845
267 9869 3144 1348
7286 8145 7117 1379
2271 1152 593 8147
3552 3052 1713 1738
323 9815 7044 309
3253 9962 1086 8871
7978 2922 3205 5537
8721 3687 6451 7283
6217 2343 6700 5729
6116 9731 9344 3753
3291 4784 3043 6820
194 1681 2843 2620
4414 2075 5401 2269
6164 1001 4332 2382
5332 9393 3763 5554
4965 5382 3841 4714
6370 9279 4581 1229
1622 2888 2235 2027
6341 8056 6445 5166
