1000
1 2
3 1
4 3
5 3
6 3
6 7
7 8
2 9
10 8
11 8
12 8
3 13
14 7
15 6
9 16
17 8
18 16
19 16
18 20
21 16
18 22
17 23
24 10
22 25
26 4
27 16
20 28
18 29
24 30
31 20
10 32
33 15
34 25
35 31
36 15
15 37
18 38
39 13
31 40
41 34
32 42
43 19
44 9
45 39
46 27
17 47
46 48
49 18
50 47
30 51
40 52
53 12
54 21
55 46
56 49
38 57
58 21
7 59
51 60
61 58
62 14
63 48
54 64
65 40
66 2
67 27
68 58
69 27
58 70
18 71
51 72
34 73
54 74
75 20
76 72
77 39
78 18
79 34
32 80
43 81
77 82
73 83
52 84
44 85
86 33
87 58
88 66
21 89
26 90
91 49
92 1
54 93
94 7
95 39
78 96
81 97
11 98
70 99
55 100
101 14
102 69
66 103
1 104
105 88
14 106
107 77
67 108
109 86
35 110
14 111
110 112
83 113
114 104
115 7
116 111
67 117
118 51
44 119
120 5
121 59
110 122
13 123
87 124
125 100
32 126
127 75
16 128
129 105
130 47
26 131
132 2
133 85
134 70
5 135
32 136
137 22
82 138
139 108
140 99
4 141
142 96
54 143
98 144
107 145
113 146
147 79
100 148
149 65
150 147
72 151
45 152
153 89
6 154
47 155
156 2
157 38
53 158
24 159
160 62
48 161
10 162
103 163
31 164
165 18
72 166
167 87
168 98
139 169
52 170
7 171
39 172
54 173
174 48
93 175
176 114
177 162
178 106
179 126
180 106
110 181
182 106
183 72
150 184
165 185
186 49
187 115
71 188
27 189
190 128
191 79
70 192
103 193
167 194
195 94
196 150
197 131
142 198
199 152
125 200
119 201
202 86
203 148
141 204
205 43
104 206
65 207
99 208
209 88
210 156
42 211
212 198
122 213
148 214
215 147
216 23
217 105
218 92
219 178
220 36
16 221
222 43
27 223
224 150
225 141
226 221
222 227
228 18
229 87
230 197
79 231
232 59
233 91
234 150
227 235
236 41
43 237
176 238
57 239
240 94
205 241
242 171
42 243
244 175
186 245
246 240
247 86
248 234
249 124
3 250
196 251
252 10
253 155
254 224
56 255
37 256
257 162
258 236
3 259
20 260
203 261
103 262
263 95
213 264
265 126
89 266
267 176
268 134
269 46
132 270
271 92
272 98
273 210
274 23
275 150
276 186
277 1
265 278
279 263
232 280
127 281
114 282
182 283
284 162
285 82
286 178
146 287
29 288
38 289
290 202
257 291
292 123
293 81
294 209
290 295
113 296
240 297
21 298
299 234
300 191
301 124
277 302
92 303
250 304
305 182
306 102
212 307
308 212
104 309
310 143
311 88
270 312
193 313
314 77
315 182
239 316
264 317
318 146
264 319
320 9
153 321
49 322
59 323
324 230
325 183
326 43
77 327
90 328
329 33
330 63
28 331
173 332
333 98
334 4
335 1
1 336
105 337
327 338
112 339
340 46
53 341
342 159
254 343
294 344
345 330
346 214
188 347
90 348
349 210
348 350
293 351
352 214
353 220
354 192
355 277
253 356
209 357
159 358
337 359
36 360
361 130
362 252
18 363
364 332
365 151
21 366
218 367
368 304
123 369
370 301
371 12
283 372
373 342
374 16
375 274
270 376
377 90
378 227
379 188
380 273
102 381
382 178
31 383
229 384
334 385
179 386
21 387
84 388
29 389
390 63
214 391
123 392
346 393
394 17
395 215
396 287
397 255
398 252
388 399
400 284
349 401
126 402
403 348
404 275
158 405
406 290
30 407
408 105
49 409
410 6
402 411
217 412
413 302
413 414
415 163
191 416
417 335
418 265
419 363
196 420
65 421
422 419
386 423
424 69
321 425
426 215
427 163
428 25
367 429
424 430
171 431
403 432
433 238
434 206
435 21
19 436
437 53
438 25
439 334
440 61
441 344
442 149
384 443
444 87
445 341
446 404
413 447
448 72
449 256
10 450
53 451
452 77
379 453
454 324
409 455
192 456
231 457
272 458
156 459
373 460
461 285
416 462
231 463
464 222
465 14
466 307
393 467
224 468
112 469
81 470
471 59
472 313
14 473
433 474
319 475
476 288
477 475
478 345
479 107
238 480
32 481
319 482
483 241
484 373
485 262
372 486
487 356
488 280
260 489
490 29
491 279
162 492
327 493
488 494
466 495
489 496
253 497
498 322
322 499
500 196
117 501
502 115
503 74
248 504
505 259
506 447
331 507
508 304
509 325
510 423
511 442
183 512
495 513
196 514
515 364
99 516
517 163
518 13
310 519
520 127
521 337
149 522
523 431
262 524
525 129
5 526
527 507
528 114
529 380
530 41
531 343
532 93
266 533
117 534
535 151
536 5
537 79
482 538
539 323
540 69
78 541
542 369
99 543
544 298
545 461
194 546
547 335
548 208
368 549
528 550
337 551
12 552
437 553
554 273
18 555
104 556
557 57
40 558
53 559
560 552
561 522
562 130
563 285
358 564
179 565
386 566
202 567
568 307
569 171
570 337
571 178
572 458
538 573
331 574
225 575
576 501
577 154
578 451
579 256
580 28
272 581
544 582
583 534
14 584
585 49
586 454
530 587
348 588
589 429
590 453
591 77
592 340
167 593
351 594
160 595
90 596
230 597
598 98
420 599
600 283
601 94
602 288
432 603
515 604
605 369
134 606
607 211
608 589
375 609
610 461
523 611
612 221
613 263
191 614
615 163
208 616
251 617
600 618
268 619
620 359
621 224
622 619
477 623
624 346
403 625
34 626
31 627
628 474
629 181
630 546
631 276
632 595
633 624
634 266
635 125
273 636
637 476
638 30
639 512
640 583
641 259
247 642
643 83
201 644
645 461
328 646
647 16
648 150
613 649
396 650
579 651
132 652
653 266
420 654
291 655
339 656
63 657
164 658
659 130
87 660
551 661
662 617
644 663
283 664
450 665
666 15
667 327
668 223
502 669
670 349
295 671
487 672
222 673
549 674
624 675
676 568
677 467
480 678
679 315
680 220
681 414
682 587
683 15
684 375
651 685
169 686
462 687
634 688
689 314
690 366
169 691
692 497
693 48
86 694
120 695
696 637
697 178
698 88
699 553
700 551
467 701
183 702
703 606
704 348
489 705
706 225
707 255
708 336
709 332
429 710
524 711
686 712
713 190
714 562
242 715
165 716
717 536
718 496
568 719
720 525
721 692
457 722
178 723
724 531
253 725
703 726
727 109
387 728
602 729
194 730
731 322
53 732
351 733
186 734
74 735
151 736
737 579
738 629
295 739
466 740
160 741
742 328
743 735
744 477
526 745
471 746
747 23
277 748
320 749
750 571
414 751
752 199
637 753
437 754
755 601
361 756
321 757
758 455
759 103
760 726
401 761
762 265
763 242
71 764
435 765
552 766
767 403
768 339
769 524
770 663
148 771
181 772
773 363
699 774
175 775
776 769
741 777
778 404
55 779
286 780
781 343
782 185
783 581
258 784
785 518
380 786
787 536
277 788
424 789
124 790
791 101
237 792
793 776
408 794
795 158
766 796
678 797
123 798
799 609
800 100
612 801
802 43
302 803
661 804
118 805
806 480
807 410
20 808
809 243
260 810
752 811
218 812
813 638
458 814
815 603
272 816
817 814
818 706
819 184
820 131
554 821
151 822
176 823
278 824
825 190
503 826
777 827
385 828
829 216
81 830
831 587
832 775
427 833
259 834
835 810
836 639
837 568
838 676
585 839
631 840
696 841
671 842
408 843
844 573
707 845
337 846
847 162
10 848
389 849
850 643
727 851
852 589
484 853
854 812
855 574
81 856
243 857
858 67
859 647
860 543
817 861
862 25
863 14
864 768
865 738
858 866
867 173
868 499
757 869
870 311
410 871
551 872
873 213
812 874
322 875
876 319
456 877
878 495
359 879
845 880
795 881
105 882
567 883
460 884
885 372
886 288
887 681
888 787
543 889
890 702
236 891
463 892
893 606
272 894
826 895
896 552
776 897
898 887
717 899
41 900
365 901
902 368
49 903
904 19
905 713
597 906
131 907
7 908
909 621
626 910
120 911
417 912
577 913
914 628
409 915
916 61
136 917
918 404
919 708
920 89
921 546
922 8
923 758
924 775
925 634
926 334
927 711
716 928
929 317
37 930
931 498
932 61
101 933
934 564
935 406
936 327
937 236
297 938
939 439
940 188
941 604
942 22
943 21
944 558
945 118
946 641
498 947
329 948
949 564
153 950
606 951
593 952
797 953
209 954
955 724
469 956
957 905
958 181
408 959
960 514
961 930
591 962
633 963
964 252
965 116
966 925
967 711
262 968
969 182
804 970
971 676
972 505
627 973
974 136
975 788
261 976
977 378
538 978
244 979
60 980
981 710
299 982
233 983
984 819
985 967
478 986
987 323
179 988
989 647
943 990
991 308
943 992
534 993
771 994
524 995
701 996
997 806
906 998
62 999
1000 397
89
609 1
823 1
246 1
145 1
340 1
605 1
226 1
725 1
331 4
224 5
131 4
988 1
806 1
751 1
339 4
136 1
210 7
225 1
738 1
921 1
294 1
735 2
57 3
185 2
383 1
742 1
685 1
280 2
668 1
126 14
738 1
120 1
738 2
557 1
61 2
794 1
137 1
876 1
185 1
720 1
477 3
352 1
291 1
73 6
190 3
491 1
894 1
64 1
904 1
177 1
696 2
469 1
84 3
516 1
994 1
723 1
829 1
400 1
892 1
944 1
244 2
703 2
503 2
688 1
892 1
414 1
817 1
163 2
127 1
878 1
261 2
706 1
664 1
196 7
361 1
589 3
246 1
426 1
190 3
64 1
503 2
100 16
227 4
49 31
571 1
459 1
457 2
532 1
820 1
92
557 31
496 44
592 3
389 15
451 19
273 91
384 33
776 42
570 0
955 78
586 57
334 93
491 3
751 33
723 71
612 90
339 41
259 47
353 58
480 2
684 90
3 68
423 95
136 8
362 42
195 99
189 78
43 57
942 47
470 45
381 13
965 10
62 85
74 4
463 3
103 69
155 29
553 74
150 30
245 44
50 18
66 63
553 73
471 31
748 11
870 98
499 3
353 79
54 43
523 88
564 34
851 22
241 11
493 51
581 77
617 76
179 20
616 48
799 79
636 57
884 62
903 62
421 70
23 73
842 86
889 17
718 92
699 67
750 65
390 32
620 81
4 30
29 31
590 52
631 72
865 7
296 28
682 90
611 77
72 36
460 43
841 33
38 93
631 74
994 82
204 61
291 62
308 97
152 23
891 17
641 3
567 83
