1000
1 2
3 2
3 4
5 2
5 6
7 2
6 8
8 9
4 10
8 11
9 12
13 3
11 14
9 15
16 11
17 12
18 17
9 19
20 13
8 21
16 22
23 3
24 12
21 25
18 26
27 17
16 28
28 29
2 30
5 31
32 9
33 10
24 34
14 35
16 36
37 15
38 31
39 2
19 40
30 41
14 42
21 43
24 44
16 45
46 22
47 46
33 48
17 49
50 45
51 4
52 21
9 53
32 54
53 55
56 15
52 57
9 58
3 59
60 35
61 10
55 62
63 40
64 39
65 56
65 66
67 37
68 7
57 69
70 7
12 71
23 72
73 62
74 7
20 75
76 4
77 34
14 78
79 51
80 76
7 81
80 82
80 83
53 84
31 85
86 1
28 87
79 88
89 60
48 90
91 38
92 60
25 93
89 94
95 92
96 21
97 38
98 40
99 8
100 35
40 101
39 102
40 103
104 16
30 105
35 106
107 36
108 34
105 109
110 83
111 58
83 112
94 113
21 114
115 73
116 45
103 117
79 118
39 119
12 120
5 121
113 122
123 71
122 124
125 65
13 126
127 8
24 128
129 54
130 5
18 131
121 132
133 48
28 134
33 135
32 136
137 72
25 138
139 11
90 140
141 70
142 11
143 37
120 144
145 134
146 136
147 72
148 3
116 149
150 48
94 151
51 152
144 153
154 121
155 89
70 156
154 157
158 103
159 3
160 145
161 102
162 58
117 163
16 164
165 30
166 97
167 115
168 132
169 107
170 116
171 139
172 104
28 173
174 49
175 40
64 176
177 79
64 178
179 23
76 180
181 134
33 182
183 121
184 34
185 75
186 147
187 66
66 188
92 189
76 190
87 191
183 192
56 193
194 18
129 195
196 13
172 197
198 109
199 196
200 99
201 56
202 59
203 153
146 204
147 205
206 106
121 207
88 208
74 209
96 210
211 104
205 212
181 213
130 214
193 215
73 216
217 96
21 218
219 54
220 164
4 221
222 48
223 128
224 96
225 204
198 226
25 227
190 228
229 120
86 230
43 231
232 101
233 165
234 126
235 134
130 236
131 237
238 181
239 39
148 240
241 150
242 83
210 243
17 244
245 130
98 246
247 135
78 248
249 95
250 228
251 215
42 252
173 253
254 98
19 255
232 256
192 257
192 258
259 34
260 39
182 261
262 150
263 47
264 60
265 108
266 100
6 267
221 268
213 269
67 270
252 271
272 26
211 273
274 93
206 275
276 118
216 277
120 278
79 279
10 280
62 281
282 156
192 283
284 9
119 285
182 286
287 17
244 288
22 289
290 108
122 291
292 217
156 293
234 294
295 116
296 26
297 60
249 298
299 271
77 300
301 132
302 262
297 303
80 304
18 305
306 130
307 181
308 276
195 309
216 310
311 285
312 37
199 313
147 314
315 110
165 316
317 34
200 318
319 292
129 320
321 141
322 316
323 307
29 324
325 112
170 326
263 327
73 328
62 329
330 15
44 331
12 332
248 333
150 334
335 105
336 208
161 337
116 338
339 186
275 340
331 341
342 63
343 242
344 322
345 97
248 346
239 347
348 47
295 349
350 284
306 351
343 352
353 6
82 354
63 355
322 356
357 337
207 358
79 359
51 360
361 161
327 362
363 288
364 342
365 9
366 307
367 322
327 368
226 369
211 370
280 371
372 259
97 373
310 374
375 216
376 319
28 377
378 223
304 379
380 376
381 181
382 260
12 383
384 158
385 351
317 386
147 387
388 317
389 383
342 390
34 391
392 264
188 393
394 351
395 55
284 396
220 397
398 45
399 194
69 400
229 401
402 287
172 403
404 32
4 405
406 298
407 380
408 96
73 409
410 111
206 411
412 399
108 413
232 414
415 305
416 344
250 417
93 418
12 419
420 381
79 421
370 422
423 296
424 394
98 425
349 426
427 141
428 21
423 429
295 430
231 431
220 432
433 136
89 434
94 435
233 436
437 32
92 438
93 439
440 407
441 367
341 442
1 443
444 381
341 445
446 176
447 443
375 448
449 54
359 450
291 451
301 452
453 87
62 454
455 349
342 456
168 457
452 458
459 409
370 460
461 436
404 462
463 304
80 464
301 465
466 162
391 467
234 468
369 469
95 470
471 201
106 472
473 110
474 206
277 475
476 367
202 477
130 478
92 479
141 480
148 481
312 482
402 483
484 460
253 485
486 127
22 487
413 488
40 489
371 490
491 466
492 339
493 391
494 316
406 495
157 496
497 19
498 158
279 499
440 500
501 300
206 502
238 503
504 375
505 174
429 506
507 410
277 508
441 509
510 184
511 463
512 236
513 18
514 490
515 171
356 516
517 41
128 518
519 200
506 520
353 521
522 496
12 523
524 174
242 525
526 419
527 427
528 177
522 529
530 425
531 418
532 134
12 533
361 534
535 481
485 536
240 537
538 220
539 343
540 520
541 394
542 468
101 543
544 178
210 545
524 546
149 547
492 548
73 549
550 193
207 551
247 552
355 553
554 247
555 511
556 519
359 557
17 558
76 559
560 411
561 418
562 494
15 563
564 14
209 565
397 566
429 567
568 160
474 569
570 90
427 571
518 572
573 379
574 560
370 575
576 415
243 577
578 138
579 502
580 371
403 581
582 120
236 583
584 568
585 326
582 586
414 587
436 588
589 373
590 238
332 591
592 19
593 588
594 464
595 429
194 596
597 535
598 525
452 599
600 570
601 46
602 240
506 603
148 604
498 605
606 147
139 607
608 142
534 609
610 68
511 611
612 6
170 613
614 164
57 615
229 616
275 617
618 25
619 534
519 620
249 621
622 210
319 623
506 624
625 343
113 626
627 606
628 145
471 629
256 630
128 631
632 195
300 633
634 107
635 413
636 102
637 354
13 638
522 639
640 502
601 641
642 270
43 643
378 644
138 645
646 195
422 647
648 411
649 353
553 650
651 163
652 28
653 637
138 654
463 655
656 435
291 657
658 345
11 659
660 79
312 661
662 405
428 663
664 445
322 665
666 420
667 78
668 508
669 643
380 670
593 671
139 672
350 673
674 240
675 240
280 676
677 72
678 515
228 679
482 680
681 48
498 682
683 27
54 684
685 295
130 686
113 687
688 57
401 689
594 690
570 691
480 692
693 602
38 694
695 566
696 649
697 682
602 698
699 181
700 18
685 701
702 701
703 589
704 494
705 4
706 251
707 186
708 588
709 226
710 581
711 258
712 170
713 672
609 714
715 423
716 114
717 326
383 718
719 337
720 678
721 320
722 350
723 373
249 724
725 401
355 726
727 567
257 728
729 539
730 256
731 502
657 732
629 733
449 734
735 725
548 736
235 737
738 424
194 739
157 740
210 741
485 742
401 743
744 698
745 274
692 746
747 518
748 317
749 666
53 750
517 751
560 752
224 753
754 441
755 109
554 756
298 757
92 758
436 759
760 570
761 733
452 762
431 763
764 482
146 765
218 766
501 767
286 768
769 692
238 770
426 771
772 240
228 773
774 465
775 745
776 442
777 77
529 778
406 779
780 293
781 596
782 509
783 355
703 784
785 305
786 290
87 787
788 419
352 789
53 790
352 791
762 792
433 793
794 351
540 795
796 498
797 520
99 798
461 799
800 411
801 702
802 318
803 402
804 770
805 222
652 806
122 807
808 691
809 545
810 788
811 781
812 9
299 813
281 814
815 505
816 580
817 339
818 467
819 227
820 324
821 207
642 822
823 772
824 690
606 825
826 639
464 827
828 433
829 328
201 830
831 626
832 87
169 833
347 834
474 835
74 836
837 222
720 838
588 839
632 840
254 841
842 120
618 843
844 140
775 845
846 368
65 847
484 848
849 263
850 179
347 851
722 852
853 835
854 2
855 801
856 615
857 188
858 350
859 415
244 860
148 861
619 862
863 321
756 864
341 865
673 866
548 867
850 868
869 659
790 870
560 871
872 637
873 645
548 874
356 875
617 876
877 180
706 878
708 879
13 880
881 860
63 882
883 685
884 235
885 233
652 886
887 104
888 636
19 889
890 124
216 891
398 892
586 893
237 894
895 680
761 896
897 163
898 386
899 524
900 598
901 873
573 902
47 903
324 904
905 429
794 906
907 495
865 908
909 703
618 910
402 911
912 541
913 66
914 651
915 503
916 527
304 917
918 897
919 425
920 603
284 921
347 922
791 923
32 924
925 373
926 456
927 229
928 920
929 210
930 839
931 153
932 128
933 217
414 934
699 935
936 814
830 937
938 437
939 89
198 940
363 941
380 942
943 394
944 629
842 945
24 946
947 733
306 948
948 949
950 69
70 951
918 952
953 741
289 954
908 955
616 956
957 262
726 958
523 959
841 960
354 961
516 962
963 263
426 964
293 965
966 576
967 841
968 580
657 969
970 868
971 457
972 621
744 973
824 974
975 859
976 340
977 306
978 427
979 778
446 980
981 441
162 982
430 983
341 984
985 64
986 587
553 987
152 988
989 624
990 749
991 637
992 510
993 723
93 994
995 23
996 366
997 239
998 810
723 999
661 1000
89
314 1
518 1
146 4
970 1
309 1
763 1
682 1
148 7
709 1
716 1
67 2
664 1
542 1
632 1
515 3
989 1
169 2
656 1
445 1
279 1
428 2
524 2
328 2
462 1
935 1
588 2
464 4
127 2
496 3
407 2
860 2
497 1
224 1
880 1
127 2
586 2
372 1
108 3
88 2
520 1
716 1
493 1
258 1
960 1
887 1
866 1
20 2
314 1
29 2
469 1
457 2
579 1
396 1
275 2
25 20
586 1
972 1
96 25
39 8
659 2
723 1
232 8
233 4
591 1
409 2
703 2
819 1
562 1
29 1
714 1
93 3
468 1
359 3
988 1
984 1
265 1
747 1
426 3
164 4
793 1
620 1
719 1
949 1
80 4
767 1
809 1
826 1
519 2
36 5
89
457 47
157 34
361 51
209 78
295 89
525 76
695 90
190 72
420 1
703 44
524 39
610 27
638 86
417 27
170 23
900 14
416 44
437 69
379 76
859 52
847 37
916 88
617 88
383 74
334 15
57 56
63 16
525 29
443 84
873 49
397 26
583 2
776 16
666 52
760 55
418 44
555 43
825 99
423 21
734 13
918 93
874 60
176 74
986 1
623 8
396 26
721 91
989 29
73 77
194 8
255 22
877 37
817 3
91 12
290 53
980 99
323 2
603 69
655 29
735 38
275 26
464 34
973 48
454 3
308 18
334 37
696 79
662 44
660 61
908 76
473 45
593 72
629 96
812 35
836 29
717 32
957 58
750 20
297 24
121 26
407 83
446 74
692 88
539 64
105 77
354 42
5 23
853 25
612 42
