1
100 100 2546
1 35
1 38
1 40
1 52
1 59
1 84
1 88
1 96
1 97
2 2
2 4
2 9
2 10
2 11
2 13
2 14
2 15
2 17
2 18
2 19
2 20
2 28
2 30
2 31
2 32
2 34
2 35
2 37
2 39
2 40
2 42
2 45
2 47
2 48
2 49
2 50
2 55
2 58
2 59
2 60
2 63
2 64
2 65
2 66
2 70
2 73
2 79
2 80
2 81
2 82
2 85
2 86
2 87
2 91
2 92
2 95
2 96
2 99
2 100
3 2
3 4
3 7
3 8
3 9
3 13
3 16
3 17
3 18
3 19
3 20
3 22
3 24
3 28
3 31
3 32
3 41
3 42
3 43
3 44
3 45
3 47
3 48
3 49
3 50
3 51
3 52
3 58
3 60
3 63
3 64
3 67
3 70
3 71
3 72
3 73
3 75
3 76
3 77
3 79
3 80
3 81
3 83
3 84
3 85
3 86
3 90
3 94
3 96
3 97
3 100
4 10
4 12
4 13
4 17
4 18
4 21
4 24
4 35
4 38
4 42
4 43
4 46
4 54
4 58
4 59
4 61
4 65
4 68
4 73
4 77
4 80
4 84
4 91
4 95
4 98
5 3
5 35
5 36
5 38
5 42
5 52
5 64
5 80
5 84
6 35
6 36
6 59
6 64
6 84
7 15
7 36
7 42
7 52
7 64
7 73
7 81
7 84
7 88
7 96
8 3
8 4
8 8
8 9
8 10
8 11
8 12
8 13
8 14
8 15
8 17
8 26
8 27
8 30
8 33
8 35
8 38
8 39
8 40
8 44
8 46
8 47
8 52
8 54
8 56
8 58
8 60
8 63
8 65
8 67
8 71
8 72
8 73
8 75
8 79
8 81
8 84
8 87
8 88
8 90
8 91
8 92
8 95
8 97
9 4
9 9
9 10
9 15
9 17
9 18
9 24
9 28
9 29
9 32
9 33
9 35
9 36
9 37
9 42
9 45
9 47
9 48
9 52
9 54
9 58
9 59
9 63
9 65
9 74
9 77
9 80
9 84
9 87
9 91
9 92
9 95
9 96
9 97
9 98
10 3
10 12
10 17
10 18
10 21
10 24
10 42
10 48
10 49
10 53
10 54
10 56
10 59
10 60
10 61
10 63
10 68
10 76
10 80
10 81
10 84
10 86
10 88
10 91
10 95
10 96
10 97
10 98
10 99
11 2
11 12
11 35
11 36
11 38
11 42
11 49
11 59
11 64
11 68
11 80
11 96
11 97
11 99
12 2
12 3
12 4
12 8
12 9
12 11
12 13
12 14
12 21
12 25
12 27
12 29
12 31
12 32
12 33
12 35
12 37
12 44
12 45
12 46
12 47
12 48
12 50
12 53
12 54
12 56
12 62
12 65
12 67
12 70
12 74
12 75
12 76
12 80
12 81
12 84
12 86
12 87
12 88
12 90
12 93
12 96
12 97
12 99
13 9
13 12
13 13
13 20
13 21
13 24
13 25
13 28
13 29
13 33
13 36
13 37
13 39
13 40
13 42
13 44
13 49
13 52
13 54
13 56
13 60
13 63
13 64
13 67
13 68
13 71
13 73
13 74
13 79
13 80
13 87
13 91
13 92
14 2
14 3
14 8
14 17
14 29
14 36
14 38
14 40
14 42
14 52
14 59
14 60
14 79
14 81
14 97
15 3
15 7
15 8
15 10
15 13
15 14
15 15
15 27
15 28
15 29
15 32
15 36
15 38
15 44
15 46
15 47
15 48
15 50
15 52
15 53
15 56
15 58
15 59
15 60
15 63
15 64
15 66
15 67
15 71
15 72
15 74
15 75
15 76
15 79
15 80
15 86
15 87
15 97
15 98
15 99
16 2
16 12
16 35
16 52
16 59
16 61
16 64
16 80
16 81
16 88
16 96
17 2
17 3
17 4
17 9
17 10
17 13
17 15
17 18
17 21
17 26
17 28
17 29
17 36
17 37
17 38
17 39
17 40
17 42
17 45
17 48
17 53
17 54
17 56
17 64
17 67
17 72
17 73
17 76
17 77
17 79
17 80
17 81
17 86
17 88
17 91
17 96
17 98
17 99
18 3
18 10
18 17
18 18
18 24
18 26
18 29
18 35
18 36
18 40
18 46
18 47
18 48
18 52
18 59
18 60
18 61
18 68
18 79
18 80
18 81
18 88
18 91
18 95
18 97
18 99
19 40
19 52
19 59
19 64
19 80
19 81
19 88
19 99
20 2
20 13
20 15
20 26
20 38
20 40
20 49
20 80
20 81
20 99
21 4
21 9
21 10
21 13
21 15
21 17
21 36
21 42
21 45
21 49
21 52
21 54
21 60
21 61
21 71
21 74
21 80
21 84
21 96
22 68
23 3
23 68
24 3
24 12
24 13
24 15
24 36
24 37
24 38
24 42
24 45
24 48
24 49
24 52
24 53
24 56
24 58
24 59
24 65
24 80
24 81
24 84
24 96
24 97
24 99
25 2
25 8
25 12
25 13
25 26
25 29
25 35
25 38
25 40
25 52
25 59
25 61
25 64
25 88
25 96
26 3
26 4
26 15
26 24
26 25
26 30
26 32
26 33
26 34
26 35
26 37
26 38
26 39
26 40
26 44
26 46
26 48
26 49
26 56
26 58
26 59
26 61
26 63
26 64
26 66
26 68
26 74
26 75
26 77
26 79
26 81
26 84
26 86
26 87
26 88
26 90
26 92
26 95
26 99
27 3
27 8
27 15
27 17
27 26
27 38
27 45
27 49
27 52
27 54
27 59
27 61
27 63
27 71
27 74
27 79
27 80
27 97
28 3
28 4
28 8
28 13
28 15
28 17
28 26
28 28
28 35
28 36
28 37
28 42
28 49
28 54
28 56
28 58
28 60
28 61
28 64
28 68
28 71
28 73
28 74
28 95
28 97
29 3
29 4
29 8
29 12
29 14
29 15
29 21
29 25
29 26
29 29
29 34
29 36
29 38
29 39
29 40
29 43
29 44
29 45
29 47
29 52
29 54
29 56
29 60
29 64
29 65
29 67
29 68
29 71
29 73
29 75
29 76
29 77
29 81
29 84
29 86
29 88
29 95
29 96
29 97
29 98
30 12
30 15
30 26
30 42
30 60
30 68
30 74
30 84
30 97
31 2
31 3
31 59
31 80
31 96
31 97
32 3
32 8
32 9
32 17
32 26
32 29
32 36
32 37
32 40
32 42
32 47
32 52
32 54
32 60
32 63
32 73
32 76
32 84
32 96
32 97
33 2
33 15
33 17
33 29
33 35
33 37
33 38
33 42
33 45
33 48
33 49
33 52
33 56
33 58
33 59
33 61
33 65
33 68
33 74
33 76
33 81
33 88
33 95
34 2
34 3
34 8
34 12
34 13
34 15
34 35
34 36
34 38
34 42
34 45
34 47
34 59
34 61
34 71
34 99
35 2
35 5
35 6
35 7
35 8
35 9
35 12
35 16
35 17
35 18
35 19
35 24
35 25
35 26
35 27
35 30
35 33
35 34
35 35
35 36
35 38
35 40
35 42
35 46
35 50
35 52
35 53
35 58
35 59
35 61
35 62
35 63
35 64
35 66
35 68
35 71
35 73
35 74
35 76
35 79
35 81
35 82
35 84
35 89
35 91
35 93
35 96
35 97
35 100
36 2
36 6
36 9
36 12
36 17
36 20
36 21
36 24
36 25
36 27
36 28
36 29
36 30
36 31
36 35
36 36
36 37
36 38
36 39
36 41
36 42
36 46
36 49
36 51
36 54
36 55
36 56
36 57
36 58
36 60
36 61
36 63
36 65
36 70
36 71
36 74
36 75
36 76
36 77
36 78
36 79
36 85
36 87
36 88
36 91
36 92
36 95
36 96
36 98
37 2
37 8
37 10
37 13
37 15
37 17
37 21
37 28
37 33
37 35
37 36
37 37
37 43
37 45
37 48
37 52
37 53
37 54
37 71
37 73
37 74
37 80
37 91
37 96
37 98
38 2
38 5
38 8
38 11
38 12
38 14
38 16
38 18
38 21
38 26
38 30
38 31
38 33
38 35
38 36
38 38
38 39
38 40
38 42
38 47
38 48
38 49
38 50
38 52
38 60
38 66
38 71
38 73
38 74
38 75
38 80
38 85
38 86
38 90
38 93
38 95
38 96
38 97
38 99
39 2
39 3
39 26
39 35
39 37
39 38
39 42
39 47
39 49
39 54
39 61
39 68
39 71
39 80
39 81
39 84
39 88
39 96
39 99
40 2
40 3
40 4
40 5
40 7
40 10
40 12
40 14
40 17
40 18
40 19
40 24
40 25
40 27
40 29
40 30
40 31
40 37
40 38
40 42
40 44
40 50
40 51
40 52
40 53
40 58
40 59
40 60
40 61
40 62
40 63
40 64
40 66
40 73
40 74
40 75
40 76
40 77
40 79
40 80
40 81
40 82
40 86
40 87
40 91
40 95
40 96
40 97
40 99
41 3
41 64
41 84
41 96
42 2
42 5
42 8
42 9
42 14
42 18
42 25
42 26
42 27
42 36
42 40
42 42
42 43
42 46
42 48
42 49
42 50
42 52
42 53
42 54
42 56
42 60
42 62
42 65
42 67
42 68
42 70
42 71
42 72
42 74
42 76
42 79
42 80
42 82
42 87
42 90
42 98
42 99
42 100
43 2
43 4
43 9
43 13
43 15
43 26
43 36
43 37
43 38
43 40
43 42
43 45
43 52
43 54
43 56
43 59
43 61
43 63
43 71
43 73
43 74
43 76
43 79
43 88
43 99
44 2
44 8
44 26
44 29
44 36
44 40
44 42
44 47
44 49
44 52
44 59
44 61
44 64
44 68
44 81
44 99
45 8
45 9
45 10
45 15
45 21
45 24
45 26
45 27
45 34
45 35
45 36
45 39
45 40
45 43
45 44
45 45
45 46
45 49
45 54
45 56
45 58
45 59
45 60
45 67
45 72
45 77
45 86
45 92
45 97
45 99
46 2
46 4
46 10
46 17
46 18
46 26
46 29
46 35
46 38
46 40
46 45
46 48
46 49
46 53
46 54
46 59
46 60
46 61
46 63
46 64
46 65
46 76
46 81
46 84
46 95
46 97
47 2
47 3
47 8
47 11
47 13
47 14
47 15
47 18
47 20
47 21
47 24
47 26
47 34
47 37
47 38
47 43
47 44
47 46
47 47
47 48
47 54
47 58
47 61
47 66
47 67
47 68
47 71
47 73
47 74
47 75
47 77
47 84
47 86
47 87
47 91
47 92
47 93
47 96
47 97
48 8
48 9
48 13
48 15
48 21
48 35
48 36
48 37
48 38
48 42
48 46
48 47
48 48
48 49
48 52
48 56
48 58
48 59
48 61
48 64
48 65
48 68
48 77
48 80
48 88
48 91
48 95
48 98
49 3
49 4
49 7
49 8
49 10
49 13
49 15
49 17
49 18
49 19
49 20
49 21
49 26
49 30
49 32
49 33
49 39
49 44
49 45
49 48
49 50
49 56
49 60
49 63
49 64
49 65
49 67
49 68
49 72
49 73
49 74
49 75
49 80
49 84
49 86
49 87
49 91
49 93
49 96
49 99
50 3
50 12
50 15
50 35
50 38
50 40
50 42
50 52
50 59
50 61
50 80
50 88
50 97
50 99
51 2
51 3
51 36
51 40
51 42
51 52
51 59
51 68
51 80
51 81
52 2
52 3
52 5
52 7
52 8
52 9
52 11
52 13
52 14
52 15
52 16
52 17
52 19
52 21
52 24
52 25
52 26
52 29
52 30
52 34
52 35
52 43
52 44
52 45
52 49
52 52
52 54
52 58
52 59
52 61
52 62
52 65
52 71
52 72
52 80
52 90
52 95
52 97
52 98
52 99
53 2
53 12
53 13
53 21
53 24
53 36
53 46
53 47
53 49
53 53
53 60
53 64
53 68
53 73
53 79
53 80
53 81
53 84
53 96
53 97
53 99
54 8
54 9
54 10
54 12
54 13
54 17
54 18
54 21
54 24
54 26
54 27
54 28
54 32
54 36
54 37
54 38
54 39
54 40
54 42
54 45
54 46
54 47
54 48
54 52
54 53
54 56
54 63
54 74
54 87
54 88
54 92
54 96
54 98
55 36
55 81
55 96
56 2
56 8
56 17
56 26
56 28
56 29
56 35
56 37
56 40
56 42
56 45
56 46
56 56
56 59
56 60
56 64
56 68
56 74
56 76
56 79
56 80
56 86
56 88
56 92
56 95
56 97
56 98
56 99
57 3
57 36
57 68
57 84
57 96
58 2
58 10
58 15
58 18
58 21
58 26
58 32
58 33
58 35
58 37
58 38
58 42
58 46
58 49
58 53
58 56
58 58
58 59
58 60
58 63
58 64
58 73
58 76
58 84
58 86
58 92
58 98
58 99
59 1
59 2
59 9
59 10
59 15
59 18
59 19
59 20
59 28
59 29
59 31
59 32
59 35
59 36
59 39
59 40
59 41
59 42
59 43
59 44
59 46
59 47
59 49
59 50
59 52
59 54
59 62
59 63
59 66
59 68
59 72
59 73
59 74
59 76
59 79
59 80
59 83
59 84
59 89
59 91
59 92
59 93
59 96
59 99
60 3
60 10
60 13
60 14
60 15
60 17
60 18
60 24
60 25
60 27
60 36
60 37
60 43
60 47
60 48
60 49
60 50
60 52
60 54
60 58
60 60
60 61
60 62
60 64
60 65
60 66
60 68
60 73
60 79
60 92
60 95
60 97
60 98
60 99
61 1
61 2
61 3
61 4
61 5
61 7
61 9
61 13
61 14
61 17
61 19
61 21
61 24
61 25
61 27
61 28
61 29
61 30
61 32
61 33
61 34
61 36
61 37
61 38
61 39
61 40
61 42
61 45
61 46
61 50
61 56
61 58
61 60
61 61
61 63
61 66
61 67
61 71
61 72
61 74
61 76
61 77
61 81
61 84
61 86
61 88
61 92
61 95
61 96
61 97
61 99
62 2
62 12
62 15
62 36
62 38
62 40
62 49
62 52
62 64
62 68
62 73
62 74
62 84
62 96
62 99
63 2
63 3
63 8
63 9
63 10
63 12
63 15
63 21
63 27
63 28
63 29
63 35
63 36
63 37
63 40
63 43
63 45
63 46
63 52
63 54
63 56
63 64
63 65
63 67
63 73
63 74
63 75
63 77
63 80
63 81
63 84
63 86
63 87
63 88
63 91
63 95
63 96
63 97
63 99
64 1
64 2
64 4
64 5
64 6
64 7
64 11
64 14
64 15
64 16
64 18
64 19
64 20
64 24
64 27
64 32
64 33
64 35
64 38
64 40
64 41
64 43
64 45
64 46
64 47
64 51
64 54
64 55
64 56
64 58
64 62
64 64
64 66
64 68
64 71
64 73
64 74
64 75
64 76
64 79
64 80
64 82
64 85
64 87
64 90
64 93
64 94
64 100
65 3
65 4
65 9
65 10
65 12
65 13
65 17
65 24
65 36
65 37
65 38
65 40
65 42
65 43
65 49
65 53
65 71
65 73
65 74
65 76
65 79
65 80
65 84
65 91
65 95
65 98
66 8
66 12
66 26
66 35
66 36
66 38
66 42
66 64
66 68
66 73
66 74
66 84
66 88
66 96
66 99
67 2
67 3
67 8
67 15
67 17
67 26
67 29
67 36
67 38
67 42
67 47
67 61
67 63
67 64
67 68
67 73
67 74
67 80
67 81
67 84
67 96
68 1
68 2
68 6
68 10
68 11
68 20
68 21
68 22
68 27
68 30
68 35
68 36
68 38
68 40
68 42
68 43
68 45
68 46
68 47
68 48
68 49
68 50
68 51
68 52
68 53
68 56
68 57
68 58
68 62
68 63
68 66
68 67
68 71
68 73
68 75
68 77
68 80
68 81
68 84
68 89
68 90
68 91
68 92
68 95
68 96
68 98
68 100
69 68
70 3
70 12
70 52
70 59
70 64
70 84
70 96
70 97
71 4
71 8
71 10
71 15
71 17
71 18
71 24
71 27
71 32
71 34
71 36
71 39
71 45
71 47
71 49
71 56
71 58
71 59
71 60
71 71
71 72
71 73
71 77
71 79
71 80
71 81
71 86
71 91
71 95
71 96
71 97
71 99
72 2
72 3
72 13
72 29
72 38
72 47
72 52
72 59
72 60
72 61
72 63
72 64
73 3
73 7
73 8
73 10
73 13
73 15
73 17
73 20
73 21
73 26
73 27
73 30
73 32
73 33
73 34
73 35
73 36
73 37
73 38
73 39
73 44
73 45
73 46
73 48
73 49
73 54
73 56
73 58
73 62
73 63
73 73
73 74
73 75
73 77
73 79
73 86
73 88
73 91
73 92
73 97
73 98
74 8
74 11
74 13
74 17
74 18
74 20
74 21
74 26
74 27
74 32
74 35
74 37
74 40
74 42
74 46
74 47
74 48
74 49
74 52
74 53
74 54
74 58
74 59
74 60
74 61
74 63
74 64
74 71
74 74
74 77
74 80
74 84
74 86
74 87
74 93
74 96
74 98
75 2
75 3
75 8
75 15
75 29
75 35
75 38
75 40
75 42
75 45
75 47
75 49
75 52
75 59
75 60
75 61
75 63
75 64
75 73
75 74
75 80
75 84
75 97
75 99
76 2
76 3
76 4
76 8
76 9
76 10
76 13
76 17
76 18
76 25
76 26
76 27
76 29
76 37
76 39
76 42
76 43
76 45
76 46
76 47
76 52
76 54
76 56
76 58
76 60
76 64
76 68
76 74
76 75
76 77
76 84
76 86
76 87
76 90
76 95
76 97
76 98
76 99
77 2
77 4
77 13
77 17
77 36
77 40
77 42
77 45
77 47
77 61
77 64
77 65
77 73
77 81
77 95
77 97
78 68
78 84
79 3
79 4
79 8
79 9
79 12
79 13
79 14
79 21
79 28
79 32
79 33
79 36
79 37
79 38
79 40
79 42
79 43
79 45
79 46
79 48
79 52
79 58
79 65
79 68
79 73
79 74
79 75
79 80
79 81
79 87
79 91
79 96
79 98
80 4
80 5
80 6
80 8
80 10
80 11
80 16
80 18
80 21
80 25
80 26
80 29
80 30
80 36
80 37
80 40
80 41
80 43
80 45
80 49
80 50
80 55
80 56
80 61
80 64
80 65
80 67
80 71
80 74
80 75
80 77
80 81
80 82
80 83
80 84
80 85
80 86
80 89
80 96
80 97
80 98
81 5
81 7
81 8
81 9
81 10
81 11
81 12
81 13
81 14
81 15
81 16
81 18
81 21
81 24
81 25
81 26
81 27
81 34
81 35
81 37
81 39
81 40
81 43
81 45
81 48
81 49
81 50
81 51
81 53
81 54
81 56
81 58
81 59
81 60
81 61
81 65
81 70
81 73
81 77
81 79
81 83
81 84
81 85
81 89
81 90
81 92
81 99
82 3
82 35
82 40
82 52
82 64
82 68
83 35
83 36
83 59
83 68
83 81
84 1
84 2
84 3
84 4
84 5
84 6
84 7
84 8
84 12
84 14
84 17
84 18
84 20
84 21
84 22
84 24
84 26
84 35
84 36
84 38
84 39
84 41
84 42
84 44
84 45
84 47
84 48
84 53
84 54
84 55
84 58
84 59
84 60
84 61
84 62
84 63
84 65
84 67
84 68
84 70
84 71
84 72
84 73
84 76
84 79
84 81
84 82
84 84
84 85
84 88
84 89
84 91
84 94
84 95
84 98
85 2
85 3
85 38
85 49
85 52
85 68
85 81
85 84
85 88
85 97
86 2
86 3
86 8
86 12
86 13
86 15
86 17
86 26
86 29
86 36
86 37
86 40
86 45
86 48
86 49
86 53
86 54
86 58
86 60
86 61
86 63
86 71
86 73
86 79
86 84
86 95
86 98
86 99
87 2
87 8
87 17
87 29
87 37
87 38
87 45
87 47
87 49
87 54
87 58
87 59
87 61
87 65
87 68
87 73
87 80
87 84
87 88
87 97
87 99
88 4
88 9
88 11
88 12
88 13
88 14
88 19
88 20
88 25
88 26
88 28
88 30
88 35
88 36
88 40
88 42
88 45
88 49
88 52
88 54
88 56
88 60
88 64
88 66
88 67
88 68
88 74
88 80
88 84
88 85
88 86
88 91
88 93
88 95
88 96
88 98
88 99
89 3
89 36
89 84
90 3
90 8
90 26
90 35
90 40
90 42
90 59
90 64
90 68
90 74
90 97
90 99
91 2
91 3
91 12
91 13
91 15
91 17
91 18
91 26
91 36
91 37
91 40
91 46
91 47
91 48
91 49
91 52
91 54
91 60
91 61
91 64
91 65
91 68
91 76
91 79
91 80
91 97
91 98
91 99
92 2
92 8
92 9
92 12
92 13
92 15
92 17
92 26
92 36
92 40
92 47
92 49
92 52
92 56
92 58
92 59
92 61
92 71
92 73
92 74
92 76
92 79
92 81
92 88
92 95
92 96
92 99
93 2
93 12
93 36
93 42
93 47
93 49
93 52
93 61
93 64
93 73
93 74
93 81
93 96
93 97
94 64
94 68
95 2
95 4
95 8
95 15
95 21
95 26
95 28
95 29
95 33
95 35
95 42
95 46
95 47
95 49
95 53
95 54
95 58
95 59
95 63
95 65
95 68
95 77
95 79
95 80
95 81
95 84
95 91
95 95
95 96
95 97
95 99
96 1
96 4
96 5
96 6
96 8
96 9
96 12
96 13
96 14
96 15
96 16
96 17
96 18
96 21
96 25
96 26
96 30
96 31
96 32
96 36
96 38
96 39
96 42
96 43
96 47
96 50
96 57
96 58
96 60
96 64
96 65
96 66
96 72
96 73
96 74
96 76
96 78
96 80
96 81
96 82
96 87
96 89
96 91
96 92
96 93
96 95
96 99
97 1
97 2
97 4
97 5
97 7
97 8
97 11
97 12
97 13
97 21
97 24
97 29
97 30
97 32
97 33
97 36
97 37
97 38
97 40
97 42
97 43
97 44
97 45
97 47
97 50
97 52
97 56
97 60
97 62
97 63
97 67
97 71
97 72
97 75
97 77
97 81
97 82
97 84
97 86
97 87
97 91
97 92
97 93
97 98
98 2
98 4
98 10
98 26
98 28
98 29
98 36
98 38
98 45
98 46
98 48
98 53
98 54
98 58
98 63
98 65
98 71
98 74
98 76
98 79
98 81
98 86
98 98
99 2
99 4
99 7
99 8
99 9
99 10
99 11
99 12
99 15
99 17
99 19
99 20
99 21
99 24
99 26
99 27
99 29
99 30
99 33
99 38
99 40
99 42
99 43
99 44
99 45
99 46
99 47
99 48
99 50
99 52
99 54
99 58
99 60
99 61
99 63
99 65
99 66
99 68
99 71
99 72
99 73
99 74
99 76
99 81
99 86
99 90
99 91
99 92
99 93
99 95
99 96
99 97
100 3
100 36
100 42
100 64
100 68
100 80
100 81
100 96
