100 11596
2533 31426
32268 26263
31189 1326
32034 31550
6301 12400
80 8896
1878 30608
12505 4733
9937 23191
23940 17308
16728 1412
32586 10288
6849 14284
84 32019
15959 16580
10299 29489
14986 32650
16836 9775
18532 5455
19865 4028
12586 28423
12959 11753
11972 2027
10245 14427
5044 22614
24095 21302
19912 23774
672 16
25295 4029
29149 27730
26862 8935
2581 31172
17524 21336
30458 18763
13113 24195
15079 30960
29160 2286
2189 32207
8653 20829
31485 22409
5623 28179
13136 7737
25805 6677
10858 27952
6001 5758
27270 15322
8825 10293
14209 9114
3049 21676
15919 11396
20610 16496
537 21564
20140 26805
15982 26972
18352 3357
6684 23354
30720 4461
14394 4321
28087 30450
9557 2961
12446 23486
14147 22583
4437 16900
30842 28803
7537 19524
31015 30648
21679 11006
12152 2115
24463 16169
15829 24252
16877 161
20734 25569
25719 6722
8512 15015
26131 30075
18763 22648
652 11627
27208 7475
3618 9707
18491 11669
7633 23839
31461 19967
623 3668
20112 29929
20710 29530
19860 4952
23618 28064
30333 30514
22083 12979
11270 32327
20914 20472
17272 25190
11699 1972
2823 1498
5055 15809
1343 9505
14866 29821
14251 32182
6832 19161
6699 9040
