5
100 100 2590
35 25
100 86
100 82
17 41
67 34
54 53
77 13
46 67
35 78
55 22
20 28
55 55
8 31
38 53
92 33
24 5
22 84
55 9
46 37
47 33
61 62
70 97
59 56
32 89
100 55
30 21
63 55
49 78
78 43
80 25
35 28
13 20
42 37
70 35
20 51
46 99
18 83
99 26
70 3
42 85
14 61
55 32
78 65
72 70
63 80
79 4
91 13
22 61
71 5
54 91
39 46
79 28
59 68
66 40
4 86
70 84
68 33
82 83
1 99
30 7
40 43
99 34
1 3
20 100
58 55
30 39
37 35
44 28
87 57
15 40
13 89
89 77
80 31
100 2
61 94
66 3
99 2
97 23
33 59
32 84
72 80
33 72
78 78
11 61
99 69
87 17
32 78
84 57
14 28
2 92
82 1
18 61
38 1
10 80
99 6
29 46
34 30
37 74
61 27
56 30
66 50
17 15
53 85
13 46
14 50
4 93
84 55
78 27
2 86
18 78
27 23
23 54
13 41
89 75
74 86
21 55
57 85
20 26
75 44
5 76
13 92
50 67
59 70
71 55
86 80
31 89
4 59
46 50
35 12
23 18
4 74
97 8
5 72
69 97
36 99
66 61
13 7
68 59
89 42
95 59
82 30
46 89
70 67
50 39
22 33
57 22
62 26
66 99
84 74
55 71
99 12
82 29
40 93
60 42
33 24
5 99
12 59
100 4
83 53
20 78
91 72
89 3
2 93
93 24
82 47
80 80
48 83
25 33
5 17
86 23
1 100
40 54
99 21
35 87
85 75
56 61
47 67
78 97
54 85
64 86
15 89
7 23
33 92
55 82
83 73
50 63
38 89
95 55
53 74
28 68
50 93
5 27
24 55
62 23
47 1
54 89
77 62
69 59
53 87
2 20
54 61
70 77
33 65
60 20
84 39
93 34
85 8
43 33
13 23
85 97
85 61
66 100
84 15
1 74
43 1
67 30
56 93
46 87
74 31
67 97
33 15
33 68
67 74
57 60
93 47
57 39
44 62
49 97
85 62
94 13
80 96
97 35
91 42
55 47
18 99
57 44
78 47
1 94
28 62
55 89
23 56
3 60
80 69
34 66
82 31
67 47
47 62
5 5
30 73
72 23
80 20
30 62
80 82
74 33
84 30
20 62
89 22
1 89
54 55
5 12
61 32
28 67
59 62
93 84
84 77
23 3
99 80
59 10
85 60
21 2
78 60
87 87
31 17
97 78
46 43
2 17
64 57
37 92
86 28
80 52
28 28
67 83
59 78
30 52
74 67
82 42
89 38
72 47
55 14
79 56
79 75
97 38
30 91
24 86
80 62
84 4
93 89
44 100
3 30
86 66
30 33
83 49
78 38
83 89
2 28
65 97
28 97
38 17
22 5
6 35
7 13
91 79
1 39
44 98
70 46
35 84
28 86
30 98
37 5
3 99
34 21
54 40
83 96
83 13
66 84
75 37
79 72
8 87
89 40
100 98
4 60
39 35
13 77
46 100
20 67
51 99
83 4
89 80
66 62
55 30
63 5
25 86
37 44
80 27
5 69
42 78
83 23
75 89
3 41
38 29
78 99
59 74
87 99
89 47
27 61
5 84
53 40
42 61
27 99
24 2
33 38
80 24
23 15
1 97
4 62
67 18
90 15
43 46
39 23
79 50
87 40
10 83
1 26
5 67
47 61
31 40
53 30
31 74
99 14
53 41
92 53
78 32
5 50
79 79
93 39
10 33
100 17
60 100
85 87
22 35
89 30
93 82
34 23
55 73
23 96
69 78
17 28
18 20
97 86
65 17
3 44
62 67
85 83
8 83
18 59
65 59
77 93
68 61
17 10
82 72
33 46
42 82
84 78
66 8
1 62
74 30
13 76
27 79
83 80
87 97
6 55
90 24
72 5
5 54
97 26
69 80
28 7
86 70
40 53
69 35
35 14
59 34
17 100
65 50
100 8
93 74
83 12
17 50
97 52
35 34
22 30
60 59
25 46
99 15
84 56
18 28
42 13
3 46
17 75
2 34
4 97
15 2
34 91
64 23
78 96
8 79
1 60
3 15
77 8
4 1
80 2
21 84
87 42
57 18
34 83
40 77
91 84
90 62
96 93
61 59
97 85
38 72
83 37
35 7
29 38
44 97
53 33
35 40
40 40
47 91
23 98
30 29
42 77
30 64
68 89
83 99
77 87
28 20
55 63
17 32
35 1
23 60
29 61
100 90
20 75
96 1
23 17
44 37
55 50
27 84
23 73
85 15
77 2
25 53
9 5
40 60
97 84
5 71
60 77
95 13
4 8
35 41
40 30
53 53
29 57
23 37
28 44
42 41
53 82
50 60
19 33
73 13
37 84
41 82
64 2
90 8
39 53
4 5
24 66
53 59
84 8
60 74
59 5
97 12
100 41
34 90
64 62
47 17
67 82
20 31
35 80
65 33
50 8
28 27
37 29
59 17
30 3
91 38
99 17
68 83
42 91
78 23
13 82
93 90
23 92
55 95
24 91
64 20
61 92
72 89
21 13
3 23
92 1
97 68
100 20
13 73
65 23
25 78
40 67
98 99
34 62
17 86
17 66
92 97
55 79
82 40
12 61
57 43
65 79
62 28
52 89
59 41
33 14
81 5
79 54
82 90
81 67
18 23
13 79
59 19
1 30
73 50
83 77
75 72
30 17
67 78
43 50
55 56
74 82
12 5
55 81
86 15
7 78
93 15
43 59
51 84
82 97
8 55
15 3
39 20
49 89
42 93
37 2
2 46
44 21
2 62
24 50
40 2
81 55
40 37
70 20
20 37
78 50
67 35
17 17
79 89
1 21
60 78
67 25
84 70
67 23
79 68
40 34
46 70
30 78
37 86
67 59
61 5
84 61
4 20
15 78
97 3
37 93
55 96
39 89
41 89
39 17
67 98
49 50
91 28
53 51
61 35
11 30
30 85
28 60
51 50
7 80
54 90
83 22
20 53
63 61
37 61
7 1
61 68
96 79
7 50
64 97
73 79
5 97
69 61
25 30
64 5
46 23
83 1
84 20
74 74
8 66
52 35
28 53
83 33
80 39
15 28
83 78
35 24
2 96
20 85
46 29
60 99
33 86
1 98
50 31
19 50
33 4
1 96
97 50
38 35
86 21
99 81
37 62
9 55
68 85
83 98
26 46
44 77
1 19
44 91
1 53
30 79
5 35
64 40
57 23
11 99
5 21
13 57
82 55
55 5
66 46
21 61
46 75
46 62
72 35
19 5
44 38
5 31
35 48
93 22
29 44
29 30
75 46
13 31
94 99
67 32
89 64
70 29
84 22
36 23
54 46
46 39
34 26
91 83
90 100
60 87
61 29
80 99
77 57
82 59
60 28
13 11
74 8
5 33
46 34
5 3
40 23
21 3
80 68
93 49
89 15
93 46
98 91
43 23
51 79
50 61
2 65
37 82
86 30
67 55
65 30
74 29
91 60
94 5
62 1
63 59
35 76
25 62
50 3
50 79
54 23
72 78
29 24
16 35
89 44
56 50
2 15
8 1
34 68
97 82
86 81
85 28
25 3
73 99
35 49
24 8
71 99
68 62
93 17
57 89
99 29
91 80
40 72
53 26
27 59
1 55
40 74
60 8
32 59
28 18
62 85
1 33
2 31
37 99
99 56
97 37
26 53
5 6
40 35
79 38
53 46
61 37
81 57
55 87
21 90
55 1
83 38
24 83
52 79
50 78
50 43
86 84
54 30
12 55
99 49
82 50
19 80
79 27
57 27
18 67
67 1
52 78
34 93
13 94
20 84
31 3
54 20
44 40
78 100
31 34
5 56
13 38
75 30
80 19
90 89
78 81
62 34
70 1
4 50
82 37
59 24
61 73
2 60
30 26
17 55
98 13
54 72
86 85
34 53
79 74
96 61
80 32
95 99
21 97
24 23
4 23
81 62
56 23
73 97
34 42
68 53
74 79
25 5
66 78
80 17
57 65
93 79
1 44
30 32
97 21
23 82
100 72
51 62
53 75
70 66
20 89
13 61
75 42
27 89
44 80
4 75
13 43
1 52
46 53
8 53
96 23
70 30
23 35
68 1
93 77
74 66
87 78
3 55
2 26
5 60
8 47
44 82
45 30
81 97
38 66
57 82
3 8
60 46
28 49
23 85
83 47
73 59
12 35
84 42
2 19
5 39
50 22
75 55
72 87
23 33
99 8
36 5
35 54
85 91
59 22
78 98
56 79
83 19
51 5
54 1
33 57
3 31
38 34
74 60
8 49
15 46
90 43
84 32
97 91
28 21
26 93
50 5
95 30
61 30
55 88
84 93
100 40
60 60
24 57
79 85
44 13
80 45
87 93
72 59
8 57
17 20
35 75
8 5
25 79
29 17
74 21
52 99
21 86
42 44
74 61
79 81
50 65
17 40
92 46
72 72
98 46
96 97
26 67
44 25
65 80
98 33
30 66
8 25
46 30
3 83
88 83
2 75
25 57
26 13
62 31
28 66
21 29
75 13
30 80
75 59
86 29
42 4
46 72
55 54
100 77
20 4
61 91
89 89
23 87
59 29
76 55
91 55
57 68
2 24
33 44
50 14
83 95
55 80
33 89
46 40
90 74
14 35
60 90
17 4
5 41
33 43
17 99
51 44
31 53
20 21
55 42
44 67
59 39
33 27
83 39
35 71
50 18
30 11
34 5
60 89
46 97
74 2
89 13
80 70
90 87
56 33
85 5
20 23
65 83
34 8
29 85
38 50
28 77
77 35
99 45
29 35
97 51
61 96
50 81
2 25
50 66
84 79
92 37
97 30
18 79
29 3
5 7
59 3
2 73
19 57
67 61
87 80
87 100
20 22
67 41
84 72
17 22
72 46
55 86
90 35
73 35
79 55
100 85
1 85
34 38
68 79
74 99
85 37
84 24
82 87
33 61
67 40
53 99
44 90
41 86
82 82
31 67
78 55
61 18
37 89
4 35
33 87
70 40
77 46
13 65
67 3
31 85
97 10
43 13
89 28
22 78
97 92
2 23
93 75
42 38
3 40
33 62
93 32
65 67
90 21
73 57
13 59
12 23
36 35
93 60
74 42
46 5
67 64
17 59
60 40
47 20
33 53
30 72
44 4
2 43
99 33
33 96
77 42
86 56
75 74
78 34
35 56
21 67
83 60
34 40
17 29
35 23
57 87
62 66
8 42
57 8
5 59
99 28
10 1
89 4
46 28
87 91
65 5
91 62
23 38
80 86
33 52
25 61
15 59
21 89
1 1
78 39
82 24
75 86
31 62
82 4
17 82
84 44
36 1
59 72
100 100
41 79
31 84
28 51
59 36
78 28
14 78
28 32
47 90
72 4
80 71
61 56
51 93
96 2
7 35
81 40
28 90
40 29
55 18
46 21
29 37
30 49
5 62
87 83
25 1
97 72
5 49
41 90
89 23
50 70
50 52
11 83
59 50
59 52
93 100
20 61
42 34
23 31
85 92
8 43
43 99
30 89
40 92
90 20
99 46
74 90
83 27
24 84
14 83
5 47
32 23
96 17
78 22
65 57
13 18
37 21
89 98
84 75
22 97
79 61
13 39
28 100
15 97
40 1
22 20
87 37
41 55
4 17
46 41
90 34
4 57
80 59
39 86
88 55
23 23
42 60
33 7
37 31
20 46
98 77
13 13
29 21
5 80
81 53
81 50
53 70
94 61
41 3
99 74
4 79
51 61
34 17
34 51
72 29
69 99
89 49
46 90
83 70
21 77
18 89
18 33
87 35
89 41
34 31
67 100
82 85
79 3
38 83
22 93
23 83
18 86
70 17
79 42
79 8
24 30
38 3
85 3
62 87
25 23
2 97
33 19
23 24
57 54
34 60
59 53
37 57
77 74
55 69
83 65
46 80
82 23
2 54
70 85
17 33
90 79
84 1
97 56
40 91
62 33
50 28
65 61
92 80
80 92
93 25
83 91
99 64
96 57
23 4
5 40
8 62
2 5
82 20
97 70
2 100
62 59
57 25
72 44
93 43
44 29
47 40
41 62
42 5
99 13
37 97
98 61
75 61
67 37
73 80
57 81
31 28
23 39
40 66
100 31
91 31
94 59
93 96
17 90
49 34
77 85
93 64
1 24
33 20
52 33
66 60
70 2
20 29
73 89
37 40
89 66
79 31
66 77
64 67
57 57
61 10
53 57
52 23
5 38
39 99
4 3
88 13
23 61
68 30
80 3
70 70
33 83
25 2
89 82
71 30
50 34
13 34
30 77
60 67
93 57
99 94
6 30
35 3
5 32
13 36
47 100
35 91
90 44
50 68
74 72
75 35
35 30
35 64
80 78
85 54
84 29
48 5
44 31
51 85
53 4
12 83
65 55
33 91
80 13
74 41
30 28
62 37
29 66
57 4
28 37
41 85
59 44
62 62
1 91
41 35
31 61
88 59
5 70
56 35
40 81
24 59
53 60
31 86
66 55
13 48
50 49
1 4
22 28
4 67
44 5
83 11
46 65
26 8
100 60
8 99
2 44
73 30
1 22
68 17
8 93
94 35
84 68
71 59
26 61
53 13
19 1
87 50
60 13
13 71
23 65
98 5
63 23
44 55
13 52
35 74
71 50
15 34
7 99
20 79
83 79
33 73
1 83
61 4
99 50
32 61
38 30
93 1
17 62
87 62
23 26
52 84
67 15
28 8
98 89
29 90
80 79
31 93
61 19
55 53
84 34
78 29
3 93
1 63
79 86
56 86
10 55
49 59
21 35
25 67
77 23
29 1
30 86
55 90
59 7
79 96
79 60
42 23
85 78
53 43
66 86
87 2
50 96
66 57
1 12
90 23
28 13
67 84
46 46
23 45
86 52
59 64
97 67
19 55
32 80
99 75
24 77
70 60
31 99
28 96
93 72
27 13
53 23
79 5
46 93
55 17
3 17
61 33
38 46
33 82
26 57
85 40
93 56
70 62
72 74
1 66
77 4
91 2
11 5
2 30
15 93
58 35
66 4
57 98
21 4
81 59
27 33
82 41
13 90
34 64
89 20
13 64
30 8
62 86
97 54
20 44
90 90
44 59
67 20
64 33
47 57
23 52
93 78
5 95
70 53
31 59
43 30
67 92
53 91
53 24
47 2
85 82
84 51
17 25
93 83
93 41
90 77
92 93
38 57
24 44
87 23
2 40
27 28
30 63
49 30
38 82
34 44
87 34
44 33
92 90
36 57
80 28
50 54
13 97
44 50
97 87
65 1
18 57
80 36
62 99
27 83
87 72
55 43
53 35
80 81
79 37
61 7
89 67
59 94
24 85
21 5
62 54
96 5
84 82
93 8
17 57
65 2
61 31
75 34
35 73
8 54
40 64
28 99
78 80
32 46
90 41
91 99
23 79
15 35
32 5
61 28
1 54
32 34
80 14
36 78
80 51
40 97
72 15
83 66
8 81
28 50
4 44
71 61
38 44
53 83
100 78
3 86
14 13
13 56
79 35
50 91
85 34
5 30
50 97
91 78
48 30
20 20
53 79
61 69
59 59
53 25
37 30
7 28
3 78
99 98
13 19
32 86
97 83
33 77
47 23
35 50
13 35
83 40
5 77
34 77
19 97
29 75
73 55
74 78
84 91
41 42
43 53
28 26
1 90
55 65
3 81
91 93
72 77
31 100
68 93
35 16
2 50
97 27
93 26
53 1
92 50
85 42
28 14
55 84
50 27
81 33
20 81
25 59
5 78
93 92
44 17
82 79
29 62
26 86
21 87
24 61
62 43
20 70
23 29
75 53
41 46
66 35
34 87
23 28
48 13
18 5
5 100
99 42
23 46
4 72
2 61
3 2
35 33
34 54
58 5
23 100
85 23
32 2
49 5
36 61
40 61
74 13
13 80
97 62
8 89
24 17
85 4
96 89
32 30
67 79
5 68
13 10
28 43
3 57
72 21
38 86
1 68
80 84
87 33
51 59
53 5
80 91
30 53
10 59
8 2
66 30
38 33
99 72
90 37
80 18
59 79
57 24
83 68
13 74
20 41
29 100
23 90
81 8
68 2
49 67
30 96
33 67
82 86
91 82
79 99
85 98
24 67
88 35
77 78
87 5
38 99
3 54
80 37
87 59
34 20
91 75
46 85
55 38
30 60
34 50
49 53
41 78
100 70
35 60
19 59
33 54
53 77
55 7
66 17
32 17
99 36
100 93
92 17
60 84
82 89
23 78
80 4
4 87
98 86
24 3
29 20
60 93
90 38
81 83
87 82
61 82
23 97
40 86
14 5
54 86
3 70
85 79
66 80
59 71
3 67
46 24
25 34
30 30
50 86
46 31
79 87
59 100
41 74
85 86
65 28
86 47
90 2
1 84
46 51
43 84
62 17
35 100
20 55
6 99
13 33
82 66
78 46
28 92
55 75
53 80
40 84
72 82
65 86
53 55
35 58
75 80
44 79
26 59
8 51
55 64
53 84
99 54
57 28
85 77
47 5
55 78
41 57
46 3
67 4
99 65
35 20
85 20
85 31
42 57
14 97
55 91
80 89
98 59
68 3
86 44
57 41
83 54
4 70
44 24
28 22
99 92
42 33
15 17
40 78
5 14
29 34
59 99
72 30
55 94
24 99
17 92
11 59
98 2
8 61
92 79
61 12
12 99
62 60
57 47
57 46
67 90
26 28
85 81
91 1
42 40
30 83
35 85
85 13
100 99
63 13
53 64
28 31
66 42
92 89
95 35
91 5
60 83
79 41
68 80
8 70
82 38
86 1
83 32
79 22
72 38
29 82
21 74
61 44
97 33
59 12
66 91
49 44
53 39
21 62
2 27
8 29
39 1
89 26
44 93
1 32
77 99
64 50
81 20
2 13
87 55
54 99
7 33
43 17
37 4
97 61
19 78
15 13
3 100
4 83
91 34
84 87
30 27
7 2
5 11
66 87
61 61
86 90
97 46
60 2
34 35
63 78
30 15
4 40
90 25
57 93
79 80
45 59
5 28
20 97
98 79
83 90
92 35
17 60
31 13
100 87
32 13
47 72
3 85
100 5
54 83
33 97
13 15
54 8
35 68
65 84
51 78
23 70
57 5
4 2
35 21
29 33
44 60
55 68
19 83
29 87
91 41
91 89
95 5
61 38
20 93
78 19
37 47
46 61
25 99
57 70
80 21
74 75
62 79
1 35
5 65
55 70
13 3
61 67
88 5
33 33
62 44
33 56
61 100
80 90
35 8
19 2
1 70
72 91
29 83
82 46
73 78
98 90
26 33
37 90
72 41
92 40
84 37
20 43
17 37
23 21
1 15
74 100
67 70
90 54
28 70
97 90
80 61
8 30
78 33
86 89
74 17
79 40
37 46
80 63
4 55
60 82
89 53
41 20
59 69
30 82
78 14
56 89
100 59
37 41
99 60
5 55
77 66
2 7
13 30
28 82
44 49
93 4
46 44
29 99
91 4
29 77
72 92
59 51
31 90
85 80
8 97
67 50
61 22
74 1
31 30
24 89
97 63
1 80
67 28
25 35
13 99
98 8
63 97
77 38
97 31
60 61
80 54
87 85
44 54
3 89
30 25
29 91
99 40
19 13
64 30
8 39
78 72
57 13
26 30
21 50
1 25
97 28
13 8
78 83
23 74
17 52
30 40
1 64
34 79
89 50
98 78
42 3
15 99
39 80
35 36
97 55
87 28
83 71
44 46
2 2
86 68
57 17
99 53
40 44
85 33
57 3
13 25
5 51
3 20
99 91
86 20
78 69
2 36
35 77
55 36
15 80
43 77
67 5
82 44
53 72
89 52
4 28
55 76
80 22
2 38
93 66
55 3
73 61
20 40
43 37
5 9
17 84
41 84
26 23
18 84
30 81
29 84
48 55
83 63
1 17
80 53
59 61
50 40
50 90
93 31
62 29
41 61
44 42
17 38
41 28
96 78
44 34
42 43
77 30
42 42
26 62
43 82
26 5
44 3
23 20
80 77
31 79
78 86
83 24
84 21
90 67
38 97
52 30
72 84
92 62
74 84
59 88
72 42
99 20
66 24
59 75
80 42
46 54
40 41
86 57
84 27
15 20
89 59
57 26
35 17
52 5
25 90
87 20
32 20
2 33
90 42
60 80
98 85
24 13
89 100
41 80
17 39
89 2
31 42
84 100
23 89
40 98
90 66
46 32
21 60
37 60
40 55
79 21
36 28
28 29
90 64
20 2
34 18
20 72
38 2
35 45
78 51
42 62
49 28
90 29
32 53
92 72
54 13
84 3
8 80
78 52
20 24
74 50
21 91
50 35
42 97
44 61
74 37
5 43
33 26
72 100
1 7
59 55
26 78
36 55
44 15
85 99
50 29
25 20
78 84
45 83
5 93
90 17
22 50
50 36
4 66
5 88
33 25
15 30
80 47
37 78
85 51
56 20
98 40
75 2
87 3
61 99
62 64
55 52
86 75
49 1
96 30
21 72
90 82
1 51
15 53
90 55
38 80
25 89
97 19
55 26
91 74
40 75
53 49
1 47
71 83
45 61
8 40
46 49
89 37
59 37
38 62
16 5
8 90
75 100
86 42
21 8
79 57
79 98
54 44
67 43
37 3
55 45
81 23
85 2
17 96
30 23
1 65
94 55
4 89
95 83
68 8
21 1
65 13
81 61
30 4
76 13
64 83
33 28
17 30
83 94
64 78
97 99
90 72
2 56
46 64
13 95
29 2
29 60
2 3
82 84
23 12
89 57
8 21
28 24
34 89
78 54
22 80
55 83
78 31
21 20
67 89
30 2
70 28
77 90
4 37
3 13
20 49
61 79
99 41
90 83
5 19
53 3
21 78
50 17
4 21
37 37
5 4
43 79
72 86
86 37
68 84
8 50
34 34
37 8
99 35
2 4
74 89
13 1
84 18
34 56
86 2
96 28
79 65
99 27
61 17
31 8
2 80
72 97
83 69
35 92
97 60
72 85
79 49
14 17
59 4
28 54
52 80
69 23
75 4
33 78
81 17
30 45
42 86
20 56
89 36
82 75
65 20
24 34
41 37
52 55
38 23
83 97
31 78
42 35
81 89
50 56
24 53
72 66
92 8
51 46
79 70
87 74
90 40
52 50
39 78
78 5
8 91
4 80
58 13
75 79
77 98
5 34
46 92
35 10
35 37
42 28
39 83
17 54
79 83
34 49
18 97
17 13
79 52
62 35
87 66
74 38
59 33
46 66
75 83
55 99
99 79
85 68
66 97
30 93
37 34
18 30
78 10
74 59
57 62
87 29
25 83
2 77
31 55
65 34
17 89
50 55
52 1
57 64
37 38
93 44
75 77
82 74
35 99
25 40
90 93
89 27
80 55
42 8
67 68
8 34
39 30
23 49
13 68
84 5
3 75
13 4
79 62
44 99
24 29
33 37
50 30
83 42
89 33
83 55
2 90
85 67
42 67
78 49
23 27
56 57
14 1
89 51
91 98
50 98
17 47
31 46
93 53
82 60
23 59
99 18
74 55
61 54
77 20
93 21
30 61
61 84
97 25
83 31
70 100
30 13
64 1
53 28
60 85
82 17
30 10
71 13
17 24
55 97
61 15
68 46
61 25
100 42
35 47
55 77
50 72
55 61
66 89
27 57
4 13
23 2
20 57
84 47
55 67
23 69
42 83
28 72
83 7
53 29
70 8
13 29
93 50
89 62
55 6
17 23
85 24
32 67
100 100 2568
82 13
47 25
47 13
26 9
80 45
68 9
67 94
31 71
52 52
92 25
38 94
20 5
57 84
1 70
31 64
1 20
41 81
44 75
39 73
88 74
69 58
96 85
65 84
35 53
77 92
57 44
67 84
66 65
20 50
28 49
65 93
33 86
93 97
60 50
73 54
88 13
16 52
9 55
3 35
15 45
22 55
90 51
11 47
44 90
14 82
49 97
47 35
11 4
52 15
84 48
64 66
35 40
60 40
28 16
34 13
89 63
86 25
45 91
63 67
30 38
51 5
21 49
67 31
25 74
78 84
73 4
78 49
86 78
68 40
44 79
66 3
25 30
30 47
9 31
94 81
50 72
77 35
30 75
52 25
50 69
16 86
8 28
20 38
70 21
86 5
81 26
66 60
86 70
7 50
83 46
36 45
13 15
11 38
6 68
38 47
68 22
78 16
77 4
1 79
86 22
87 8
21 59
63 85
68 49
89 90
56 77
9 1
63 96
52 70
82 85
4 69
73 28
68 93
30 21
36 86
50 33
34 25
55 73
45 43
41 90
50 53
8 75
68 37
31 79
88 35
58 13
64 55
4 21
28 83
10 66
54 36
69 33
61 39
84 16
75 41
5 8
40 34
44 35
69 43
73 22
94 6
70 57
38 45
8 98
2 21
70 94
37 66
47 84
84 20
93 60
8 41
26 29
79 60
93 67
1 31
8 13
52 78
50 34
30 34
36 99
39 21
83 71
86 87
93 18
26 73
50 93
18 26
65 41
27 93
25 52
58 84
8 72
34 50
54 50
4 55
79 73
86 37
9 63
47 14
51 14
45 85
11 61
70 5
55 85
4 93
38 51
60 73
64 68
39 81
44 93
75 11
25 15
45 68
58 60
31 69
68 97
77 38
1 38
86 94
84 94
86 18
14 20
52 26
15 52
20 20
72 90
14 45
26 50
71 31
14 25
99 25
83 95
3 60
21 83
60 88
63 97
69 18
13 11
49 84
75 5
86 66
4 11
89 11
85 84
76 41
70 26
50 79
63 4
98 4
56 50
25 8
92 8
31 37
75 60
61 92
90 68
83 11
90 14
97 45
45 42
8 67
15 65
36 44
8 47
38 52
5 36
86 49
48 68
77 40
50 6
84 19
73 68
57 94
96 34
68 1
70 63
8 2
81 63
48 35
81 25
70 81
83 79
34 67
70 14
90 5
84 75
31 58
84 69
70 51
98 69
1 84
29 26
11 54
4 65
82 98
35 4
11 69
30 1
4 54
58 45
36 43
94 5
93 56
73 16
52 22
39 66
75 98
65 25
27 8
41 27
41 14
18 69
49 16
20 55
89 66
8 3
69 21
26 60
75 73
13 8
84 64
98 83
81 45
15 99
57 45
50 13
78 98
82 50
88 86
9 47
91 8
85 47
61 9
51 26
66 48
88 70
34 56
79 47
81 8
95 83
49 47
3 86
92 36
60 51
5 96
86 89
42 66
36 96
79 94
20 73
68 3
11 79
40 84
20 8
44 77
30 69
30 40
84 43
99 84
21 60
5 74
21 42
69 31
21 38
83 33
66 46
16 35
52 5
14 98
84 59
13 85
49 96
47 15
48 83
41 21
89 25
13 61
77 36
27 94
83 42
43 66
81 21
37 36
32 35
58 94
20 79
18 52
85 66
58 49
59 55
13 95
31 99
93 6
11 18
94 9
55 25
34 35
26 75
63 40
38 69
52 44
43 13
15 86
87 50
85 81
75 94
8 95
51 61
35 57
1 25
5 98
68 52
2 36
5 34
58 21
83 89
77 51
35 68
60 28
37 45
69 22
45 64
89 92
21 93
47 74
30 9
49 77
36 55
50 21
1 35
44 51
89 13
29 93
50 45
22 8
52 49
49 37
5 14
91 69
68 74
5 93
90 73
66 43
53 35
1 69
14 74
15 83
78 77
14 15
68 79
31 93
47 52
1 74
96 13
13 74
83 9
20 63
61 11
86 88
21 32
90 98
55 83
75 52
35 84
98 55
77 14
40 98
72 50
68 56
86 35
11 26
16 21
46 31
36 51
57 14
88 90
25 55
34 36
31 57
38 55
34 94
8 34
38 4
76 86
20 66
69 37
28 8
17 69
50 9
8 83
50 19
86 56
73 43
33 45
84 7
77 28
36 15
31 29
47 16
92 83
68 86
9 13
73 86
28 15
9 73
4 30
92 74
60 52
36 2
2 35
7 83
52 43
66 51
93 85
98 98
46 49
99 83
63 54
69 28
71 50
66 99
68 68
83 54
34 86
73 74
9 79
98 94
8 96
52 45
3 55
13 4
13 82
41 67
43 11
55 15
45 56
31 16
44 55
98 22
22 31
28 93
99 14
52 41
15 88
14 29
13 77
90 40
55 14
15 40
15 29
77 77
45 45
84 49
82 44
84 47
94 11
63 21
35 51
63 95
70 11
73 50
5 4
54 49
16 51
73 90
61 25
80 55
39 16
15 44
42 69
81 92
57 20
92 9
79 30
6 61
45 84
93 88
76 21
15 84
7 86
46 8
98 44
81 67
77 11
29 98
95 25
85 16
90 2
100 21
70 83
69 89
20 69
21 51
94 57
67 86
73 11
76 61
41 45
94 30
55 38
95 69
26 43
25 20
11 98
50 36
60 49
55 28
66 95
98 65
57 52
83 55
22 94
22 16
73 38
45 61
34 54
50 76
50 82
36 78
98 9
57 92
97 83
50 27
5 69
45 75
49 88
94 50
98 18
51 30
60 60
13 27
86 76
49 71
65 61
30 15
13 1
7 35
55 39
38 63
34 40
77 70
21 34
37 94
65 57
15 34
69 75
75 55
47 69
59 93
9 66
8 31
98 1
30 55
38 22
71 8
15 97
21 63
83 61
68 8
89 30
83 48
97 36
60 94
46 11
52 93
20 77
73 96
90 50
45 74
57 16
25 88
90 97
49 51
88 81
97 34
57 50
76 81
81 73
89 26
46 60
16 66
59 45
34 93
7 8
8 92
31 55
30 70
92 5
8 89
11 93
50 48
92 4
45 27
34 78
40 16
50 47
50 5
29 49
68 64
55 16
6 34
15 38
93 13
93 47
69 23
92 26
72 8
16 31
76 14
8 37
97 69
70 69
52 96
78 63
45 99
94 29
14 14
50 86
58 93
26 69
81 4
61 97
97 93
92 84
50 8
49 29
8 55
77 97
55 70
51 11
41 35
21 74
36 75
74 8
13 30
63 98
95 15
74 45
29 21
4 15
11 60
30 86
35 39
83 41
61 28
26 51
76 90
8 90
11 81
29 60
41 9
22 57
45 16
74 69
16 20
90 80
88 85
54 60
60 8
90 60
98 95
84 96
4 70
37 68
22 68
90 25
18 41
9 15
16 95
78 8
5 82
41 71
66 50
22 35
79 77
59 15
86 77
92 31
50 88
18 21
49 6
50 16
68 73
32 21
86 53
90 57
98 52
9 30
59 60
25 26
61 94
74 21
44 63
90 89
86 31
76 55
45 95
77 89
34 97
16 56
38 93
47 94
26 45
31 20
68 14
63 90
54 26
74 30
30 74
14 31
41 59
31 28
69 60
88 94
88 51
47 49
35 77
85 52
21 61
30 84
51 73
79 86
47 92
86 26
64 90
30 54
22 13
50 78
8 46
35 50
36 27
77 52
63 89
71 11
27 45
21 12
82 36
25 99
27 31
69 64
1 82
54 4
69 76
71 68
85 61
76 49
83 65
66 21
63 83
43 94
15 96
21 76
38 68
45 38
97 84
62 90
67 69
72 84
45 77
77 13
8 30
96 68
11 11
45 4
21 48
55 65
63 6
11 36
36 98
90 32
68 30
61 85
64 35
52 73
70 47
38 36
43 63
86 16
41 31
31 65
84 57
67 49
16 98
91 36
60 98
34 52
88 79
45 8
25 60
41 1
84 40
47 70
21 72
66 23
11 22
45 59
67 55
21 87
8 11
25 21
77 94
18 73
57 13
83 21
61 21
14 96
66 84
16 63
5 21
44 30
55 90
63 38
32 45
93 25
11 71
1 96
81 43
90 3
35 63
57 69
50 35
73 40
89 98
48 60
92 11
6 83
93 66
45 65
90 83
71 94
40 41
77 65
49 83
96 69
85 11
34 95
28 11
73 8
66 31
51 63
8 5
4 61
93 57
71 35
70 34
38 41
35 67
85 41
25 49
26 22
40 30
94 47
81 85
47 1
28 13
86 43
49 48
90 58
70 93
61 84
52 31
45 35
13 6
13 20
92 63
35 78
96 21
65 50
46 66
89 93
69 12
5 63
79 20
14 1
56 68
22 49
66 77
41 18
95 63
95 41
3 41
36 35
95 49
49 45
79 45
22 69
2 86
74 86
72 60
42 90
57 30
57 96
73 61
26 1
64 84
89 69
1 50
16 43
27 41
31 97
70 45
8 82
79 9
45 15
84 27
5 73
71 93
9 4
16 82
27 11
84 51
36 34
86 74
25 4
13 83
50 65
21 52
60 64
16 26
45 96
81 40
70 88
8 60
21 57
38 70
83 57
28 34
20 15
13 29
89 68
21 98
79 35
99 41
30 45
60 97
45 55
52 29
16 92
73 9
36 84
51 60
34 41
52 97
39 68
69 2
27 35
35 60
85 50
55 20
54 81
15 78
11 97
35 81
20 11
83 60
49 94
79 55
18 63
13 25
51 70
63 18
88 21
43 50
41 8
12 69
20 1
93 51
97 38
44 5
57 97
82 94
16 60
39 13
41 5
94 4
21 7
39 35
78 30
11 27
85 93
25 93
99 66
26 38
88 82
78 61
57 1
63 1
59 8
66 63
89 21
20 51
30 11
100 35
66 79
81 60
25 78
81 54
50 83
81 36
40 21
36 8
74 38
22 73
36 83
94 27
9 82
74 81
9 21
66 92
15 9
36 81
29 38
84 63
5 54
43 49
56 73
31 40
87 86
94 49
90 28
72 41
82 81
1 11
36 36
81 16
60 20
85 57
18 8
84 67
35 64
60 82
71 21
45 37
55 40
37 49
13 26
96 66
94 74
59 94
44 1
6 93
69 57
50 94
69 34
79 34
31 50
96 83
55 36
82 5
84 50
54 98
4 4
41 78
88 11
50 10
35 28
97 94
45 9
98 73
97 21
55 91
81 46
68 31
61 20
13 68
89 34
4 94
34 65
13 18
44 26
88 73
20 93
73 35
79 88
90 27
26 49
71 63
97 49
9 85
35 23
68 44
77 69
50 60
43 81
44 20
31 73
82 57
16 13
43 34
8 26
56 82
21 29
73 39
1 44
66 81
99 50
35 49
37 86
95 35
90 20
55 49
60 46
11 88
39 83
80 35
49 11
82 55
6 45
3 66
94 25
36 69
31 36
27 55
92 50
68 51
97 60
79 1
6 35
77 34
52 21
38 75
55 51
41 25
90 91
90 72
95 4
81 98
73 85
60 86
35 20
34 81
67 81
69 47
14 13
78 45
34 75
35 70
22 77
60 66
51 94
73 1
22 26
35 73
90 55
83 75
49 39
8 74
6 16
98 66
45 79
60 55
16 93
55 77
99 68
34 96
36 48
16 16
48 49
15 47
74 61
77 50
31 68
31 26
45 22
84 6
21 85
16 11
97 44
81 83
41 86
70 50
10 60
45 50
4 73
66 35
53 50
99 69
34 61
34 60
92 66
60 1
45 69
83 7
19 8
88 14
51 49
21 9
14 6
66 10
8 93
86 13
25 13
86 64
72 69
94 96
93 93
81 58
8 4
42 36
63 45
55 82
68 60
94 15
50 77
99 15
81 30
52 89
69 4
23 69
31 63
77 76
3 8
29 45
94 36
77 96
66 2
28 31
51 68
22 38
63 73
33 83
45 76
25 31
78 66
47 11
44 21
99 94
13 16
6 94
30 65
14 84
39 60
38 5
4 52
60 10
85 60
50 97
41 33
6 31
56 60
84 55
93 11
39 45
86 80
28 14
8 38
28 84
84 83
50 42
7 11
69 42
11 74
68 67
38 60
9 50
10 45
16 90
46 55
78 55
30 57
82 66
44 74
68 36
11 3
93 99
26 13
51 66
92 30
61 69
75 13
63 76
93 61
64 94
21 8
74 35
81 37
84 68
82 25
69 3
70 74
79 21
54 70
75 57
14 93
13 54
46 81
100 69
4 1
94 78
41 11
60 85
16 29
67 35
39 11
74 85
65 49
26 63
13 78
11 65
69 94
60 63
75 21
40 14
86 34
41 37
31 44
98 90
83 96
90 81
66 59
90 49
8 10
21 90
6 81
8 53
14 28
31 15
81 7
81 1
47 9
21 64
85 26
7 66
66 27
42 41
9 61
1 45
17 86
66 28
4 56
4 82
61 88
90 70
1 68
68 29
68 5
77 81
11 50
56 16
74 73
33 50
22 61
25 63
11 64
68 78
26 68
10 8
26 97
41 43
30 89
35 43
44 11
77 83
84 92
65 4
82 14
66 97
86 57
71 55
22 14
78 13
98 45
85 4
44 81
81 29
94 84
46 35
70 66
68 43
88 66
85 38
45 80
98 14
18 60
13 58
36 68
83 16
21 89
45 30
35 41
25 51
8 86
61 31
21 25
34 6
19 41
69 83
73 21
30 35
19 21
38 40
11 41
69 7
19 60
56 21
81 81
60 35
11 52
38 90
50 28
35 52
8 44
70 54
52 1
34 45
74 51
77 1
57 99
54 77
49 57
3 50
90 15
70 4
55 69
6 36
22 34
86 97
60 19
98 82
74 68
45 86
35 13
59 21
93 30
35 55
35 44
85 13
85 55
98 15
47 77
20 45
1 55
71 66
56 86
93 26
81 94
81 38
52 74
35 42
57 95
34 28
65 21
99 34
97 81
89 1
14 4
52 40
15 15
55 33
49 76
13 69
44 34
56 31
1 85
41 49
66 39
68 59
1 49
35 93
49 31
84 98
29 8
83 44
66 78
11 86
35 18
83 68
98 93
26 86
68 15
73 49
35 100
61 27
38 20
67 83
77 60
21 41
33 90
14 88
43 84
73 95
36 9
4 79
11 15
54 45
22 63
5 68
14 76
54 69
96 36
1 63
50 20
35 10
49 41
60 16
15 92
49 75
26 90
31 43
66 67
78 83
59 83
91 84
35 45
25 65
13 21
73 93
38 86
75 34
82 68
64 21
40 63
8 99
86 51
86 11
46 68
41 13
47 68
77 55
41 93
30 61
37 21
48 11
73 70
76 83
55 96
50 57
93 94
41 34
11 94
54 57
88 30
77 15
35 35
86 50
69 16
56 38
61 56
21 70
99 38
21 84
66 54
82 40
52 4
57 15
96 25
67 16
29 14
5 94
79 83
91 55
97 82
34 68
81 6
74 77
21 16
11 30
50 90
98 50
45 39
90 36
90 37
76 98
85 74
81 95
50 95
68 99
73 25
82 99
55 43
93 77
15 57
1 61
36 41
27 69
45 73
73 88
21 92
97 35
69 70
8 27
41 54
93 46
81 68
15 98
99 26
77 57
66 42
21 6
52 92
70 55
11 13
86 9
34 89
84 74
19 69
1 95
21 11
78 41
62 21
90 38
75 14
25 57
90 84
6 49
4 66
21 97
60 44
61 45
94 38
38 1
85 68
57 68
4 75
5 95
89 85
70 49
92 15
45 13
66 71
16 34
41 16
83 86
29 66
83 34
57 47
86 75
85 90
99 63
13 97
60 21
22 36
70 85
60 69
15 85
93 82
93 63
44 89
55 52
93 95
86 48
14 60
65 14
20 92
60 18
8 94
11 84
44 84
90 16
65 35
25 16
6 55
50 46
38 13
50 22
38 49
5 57
35 6
41 97
41 84
63 65
83 26
11 57
12 86
85 88
85 83
9 38
22 98
29 55
41 38
98 34
55 55
38 95
86 14
96 16
14 8
60 36
23 8
88 69
69 59
81 82
49 93
8 81
34 21
46 69
40 49
63 74
27 13
46 45
38 88
79 90
41 68
40 44
90 53
80 83
51 82
96 82
68 47
7 61
38 56
69 68
52 11
77 61
94 97
13 99
49 50
8 77
41 88
98 35
35 91
89 35
35 95
94 28
18 81
41 80
1 41
15 22
85 98
63 27
63 8
71 49
85 54
92 88
66 38
36 93
3 21
36 65
50 74
63 78
92 49
38 89
74 83
95 82
50 92
22 45
8 33
49 68
30 31
98 57
18 50
59 61
67 66
48 50
49 14
55 45
61 46
38 99
16 40
36 5
57 98
1 14
94 92
15 94
26 98
31 39
81 86
13 50
15 67
21 47
84 21
77 22
51 85
47 93
94 56
66 94
91 86
93 92
14 73
25 9
16 75
63 56
99 13
66 86
74 14
93 50
29 11
25 79
30 8
99 21
55 76
78 82
98 36
11 55
56 66
16 76
98 56
4 5
64 61
95 81
11 45
8 22
84 46
21 68
92 61
8 40
16 4
49 22
66 57
36 57
41 65
63 60
49 43
31 22
25 5
50 39
44 85
90 85
88 47
69 69
19 66
93 43
50 87
11 35
20 44
16 68
60 11
51 51
81 50
18 83
61 4
86 61
35 74
95 38
72 21
35 59
69 55
94 44
98 84
5 86
90 21
63 25
66 47
9 34
79 13
36 77
70 73
9 77
86 2
54 8
86 67
2 41
55 48
11 21
78 81
55 56
15 81
98 25
83 58
77 66
1 77
50 50
20 94
5 16
98 5
78 4
44 8
97 61
94 64
27 66
48 55
97 16
31 66
97 86
95 92
57 5
70 70
65 69
97 90
3 69
52 35
68 57
38 21
93 96
61 55
60 58
43 26
36 21
84 8
8 35
93 70
90 63
63 13
70 61
77 16
73 94
14 94
92 60
63 84
76 63
49 36
69 27
60 89
96 45
36 50
93 28
55 88
65 68
26 41
22 86
8 15
56 14
42 55
55 95
65 52
98 54
79 74
29 83
50 41
81 97
1 73
21 66
57 57
43 8
42 45
47 63
69 78
13 88
35 17
57 90
69 41
16 57
43 16
90 8
74 88
57 4
73 56
68 27
1 93
61 74
15 59
96 14
88 55
50 4
44 41
96 70
1 21
11 85
49 70
40 15
22 90
79 38
36 74
13 52
16 1
34 4
49 34
57 22
26 92
94 66
71 90
78 38
19 84
51 13
40 31
36 80
50 25
16 88
31 34
16 39
43 73
43 41
62 8
40 13
95 11
43 35
69 72
84 52
90 76
70 31
8 80
52 18
49 52
6 41
70 44
37 81
63 68
97 68
49 4
84 71
69 35
94 41
36 97
60 45
87 69
80 66
21 35
74 20
34 77
9 49
5 55
69 81
45 34
98 8
98 77
45 97
35 76
71 14
93 68
90 66
75 77
66 83
15 26
8 62
85 77
5 75
21 36
78 26
70 90
98 21
92 41
75 16
66 61
79 93
20 85
77 88
60 34
84 14
49 90
98 99
70 15
73 84
24 35
82 75
41 10
40 66
7 84
71 34
16 83
98 51
4 38
71 15
92 86
63 36
95 66
82 88
88 38
99 60
95 52
70 1
8 20
69 92
96 84
82 51
67 34
8 63
45 92
66 96
77 98
82 9
44 88
66 56
76 36
33 84
73 20
60 81
73 65
77 5
21 19
84 28
68 54
6 8
16 71
52 81
21 73
83 67
9 83
54 13
21 58
94 69
13 59
80 41
11 46
31 74
33 60
80 69
35 85
60 43
86 52
65 82
73 77
35 82
74 47
86 20
23 90
1 57
90 88
53 45
51 55
50 70
4 47
16 61
50 61
41 22
7 90
45 21
89 38
5 83
83 83
90 44
13 56
9 69
13 46
82 47
13 28
45 66
44 92
34 51
70 96
50 98
60 71
95 8
52 8
92 44
61 13
39 41
31 98
83 1
61 79
80 60
93 90
33 36
74 25
2 90
65 77
86 44
69 26
46 90
67 41
54 5
97 63
5 52
83 59
9 90
57 63
94 67
8 57
61 67
16 6
20 49
99 49
84 42
76 15
34 88
92 93
60 83
69 95
93 8
6 13
44 96
93 71
86 32
14 44
49 3
69 46
22 66
76 16
63 28
96 30
20 34
66 14
15 70
61 14
7 68
31 77
82 18
61 96
39 34
55 63
66 1
86 17
81 5
35 46
60 90
43 93
36 28
27 21
85 34
29 52
34 73
34 43
35 1
21 44
71 41
83 78
31 46
94 83
41 28
96 5
34 49
38 85
4 44
8 69
8 68
75 70
93 44
4 96
86 82
61 57
99 52
83 93
85 49
14 61
65 90
95 61
79 26
37 11
31 38
44 78
59 13
18 61
38 79
73 41
35 32
81 65
35 34
82 21
13 92
47 44
47 95
40 73
46 63
77 47
30 92
44 9
57 35
41 77
11 48
52 86
60 6
84 84
21 31
14 77
66 16
86 59
29 16
26 79
50 49
79 51
63 77
57 88
78 34
54 34
26 70
51 90
82 86
79 44
50 63
89 86
73 30
3 11
20 36
26 61
49 85
89 61
77 18
29 41
16 30
82 26
15 5
8 14
9 14
18 31
61 70
21 33
11 95
43 60
82 65
67 61
25 35
35 92
63 59
59 49
11 40
4 84
4 50
94 77
15 55
41 41
30 13
21 80
92 21
43 90
35 61
50 40
57 65
45 10
1 34
99 35
93 40
12 35
79 31
31 41
47 36
65 66
15 1
18 66
41 69
41 7
76 11
3 36
57 38
88 31
54 90
47 41
44 31
69 8
67 93
56 11
75 25
54 85
76 31
55 86
8 6
85 86
21 4
36 14
25 47
46 93
3 45
36 95
23 21
41 56
85 63
10 21
52 77
70 92
75 38
60 48
47 31
25 97
13 13
55 54
57 41
95 45
38 73
86 73
45 14
10 86
26 8
77 68
36 37
83 88
42 11
50 38
82 41
63 88
75 86
49 8
86 30
82 30
29 73
57 25
5 25
28 63
89 5
84 13
46 61
88 1
16 50
16 14
21 50
4 40
65 81
52 68
63 66
60 74
67 21
50 2
96 93
56 34
86 96
90 42
15 56
66 64
22 82
35 16
81 44
90 78
9 44
88 36
87 45
82 4
45 31
8 79
11 82
45 78
11 90
40 61
66 15
84 89
68 88
26 82
54 44
26 93
77 86
63 5
92 95
69 80
15 93
64 45
14 83
44 86
35 54
61 49
79 15
41 40
66 26
84 77
15 77
57 49
60 65
36 92
4 31
69 52
81 71
31 88
23 36
70 16
45 5
59 81
92 73
57 8
61 78
42 35
36 88
90 62
55 79
25 95
69 65
4 77
79 81
6 11
61 34
76 8
66 20
90 54
57 73
61 5
98 78
73 92
1 90
83 22
16 89
51 21
98 88
34 29
45 67
34 1
64 31
90 82
45 83
27 16
50 14
96 55
34 39
65 26
56 45
49 15
78 21
70 95
31 31
94 34
41 3
35 69
63 94
81 90
83 70
47 90
31 21
95 13
70 89
63 47
63 11
68 89
54 47
14 5
30 51
58 31
38 44
20 14
84 44
86 62
98 76
25 84
27 15
49 78
55 21
5 35
100 100 2609
87 92
30 58
71 83
51 76
16 56
18 87
43 46
25 45
34 40
15 77
85 43
88 94
27 97
90 18
3 18
24 45
19 56
32 99
4 41
45 16
56 12
97 42
54 56
72 85
69 62
41 67
100 89
15 11
90 14
100 84
61 66
55 60
54 34
32 74
56 66
92 27
28 18
15 71
47 16
42 16
33 65
63 28
3 95
54 52
92 73
41 56
23 41
98 77
99 30
83 23
89 32
98 42
43 45
19 33
90 92
48 56
25 90
84 55
56 85
43 84
56 97
52 97
60 61
86 71
83 3
97 5
64 99
16 59
16 16
76 35
1 33
84 71
56 77
10 94
86 42
43 92
15 19
47 33
92 80
83 58
49 58
86 33
80 81
2 90
96 96
77 54
16 35
33 37
7 90
99 83
96 80
37 46
34 60
30 1
96 41
92 64
58 19
67 97
11 63
54 6
76 57
77 32
97 13
11 78
87 91
41 12
41 7
35 76
97 67
85 62
66 53
51 78
65 35
11 43
3 37
38 58
37 76
99 38
56 62
66 23
76 24
43 3
42 97
98 15
57 14
66 11
48 37
3 99
83 99
46 96
95 99
87 98
77 11
3 27
51 30
35 71
95 63
31 41
88 83
98 44
38 61
78 30
58 22
56 80
78 11
11 15
33 77
94 96
97 60
6 32
51 62
94 5
60 63
4 58
41 26
40 51
24 72
11 45
94 50
84 78
10 24
35 6
25 58
95 78
97 45
18 41
43 95
100 99
67 33
50 54
80 66
24 64
48 15
74 27
25 85
81 43
40 57
85 29
92 25
30 76
59 60
66 92
95 16
74 32
54 68
60 85
57 2
97 85
90 45
84 6
66 6
88 60
19 89
60 38
5 13
95 77
43 80
85 95
11 28
3 44
83 88
56 19
24 26
24 30
40 72
7 83
43 76
82 59
59 55
52 62
51 51
98 61
11 38
55 52
43 13
13 73
87 80
95 25
25 32
51 69
66 15
63 37
10 51
90 87
34 27
94 63
25 81
100 3
37 55
58 31
5 41
5 63
16 72
79 66
90 48
87 76
100 78
90 11
94 8
18 92
38 54
10 27
60 90
94 92
10 60
71 13
37 73
28 94
93 27
25 68
66 37
15 86
66 45
98 54
90 46
58 60
55 85
41 94
59 83
58 78
83 44
63 19
44 57
6 43
86 7
99 37
6 46
99 54
35 89
28 56
85 16
43 48
15 48
43 15
3 77
35 64
94 10
29 66
52 24
58 52
43 18
78 33
30 81
94 34
38 71
23 25
91 58
49 59
81 15
27 57
27 45
91 94
97 92
34 94
25 83
36 32
29 40
95 33
76 3
83 74
24 19
71 16
100 33
43 73
51 96
73 94
97 15
19 3
62 29
62 26
85 54
100 62
87 19
15 83
96 27
61 80
60 41
90 28
78 61
48 18
58 100
50 58
59 68
18 97
39 27
85 83
73 6
66 20
2 83
65 83
60 24
12 60
13 48
59 98
60 82
38 48
14 18
78 83
58 25
6 82
19 83
56 71
47 43
86 1
41 89
16 84
55 64
19 25
68 27
18 56
98 33
72 15
58 37
57 42
63 98
37 35
90 84
40 100
91 11
54 11
62 59
60 93
83 57
41 96
91 24
85 6
81 99
48 41
25 63
40 35
98 83
44 41
60 69
23 56
59 11
87 77
45 40
86 45
32 1
15 63
78 40
72 27
80 91
59 15
43 55
37 95
59 33
43 100
56 11
66 14
33 92
32 82
3 6
99 56
73 98
6 6
67 27
37 41
30 37
27 31
95 90
94 54
37 57
98 81
24 37
33 7
55 63
84 65
57 71
57 91
100 38
96 16
51 46
86 73
97 65
16 40
96 60
76 43
91 33
51 42
57 54
24 80
56 48
90 50
81 65
65 37
13 35
19 95
78 71
40 30
28 61
54 80
40 11
83 2
50 83
5 27
25 74
83 82
28 40
16 14
58 88
66 46
63 54
72 86
24 25
18 83
92 33
25 53
56 91
3 67
54 46
73 43
47 32
97 66
59 14
59 6
60 3
83 80
90 97
18 40
72 80
69 3
57 50
33 3
98 71
15 87
36 27
82 66
89 33
13 3
61 82
51 66
47 41
11 71
24 66
58 84
49 32
58 3
96 37
84 16
99 87
19 40
73 13
37 94
81 64
3 90
78 90
62 11
13 97
32 34
53 55
33 56
51 77
25 51
37 100
97 6
46 87
1 25
29 30
50 94
82 64
41 6
54 27
15 61
38 62
69 40
19 15
43 19
96 38
73 27
43 69
81 78
30 82
10 56
57 44
15 72
91 32
51 72
24 35
63 25
50 25
81 82
42 94
72 59
94 57
84 37
5 18
10 97
97 34
56 13
15 13
43 65
84 91
40 12
63 71
29 55
53 41
56 47
57 64
27 68
59 40
53 66
37 24
18 13
62 84
25 47
19 94
89 57
3 13
46 60
37 15
83 16
43 78
35 41
51 71
14 62
90 56
57 81
57 24
22 58
94 4
84 96
34 51
35 22
25 77
60 50
57 87
96 65
62 64
41 71
60 81
4 3
29 85
54 63
56 24
86 18
11 100
18 95
97 55
6 98
32 95
85 52
45 95
89 85
55 59
64 55
71 18
27 40
7 59
7 43
20 60
95 93
85 84
33 46
98 78
78 66
7 30
85 32
83 72
83 33
35 100
27 50
97 68
43 81
84 33
83 52
73 86
96 94
28 98
41 41
60 65
55 87
77 95
57 61
62 90
93 25
19 57
89 15
54 26
51 60
85 15
13 96
82 13
61 85
40 26
42 43
7 32
48 13
96 51
57 94
59 5
54 29
55 43
15 84
38 33
40 96
38 94
72 51
90 16
97 61
99 13
66 41
59 88
57 3
83 79
53 3
47 83
24 84
3 46
53 54
87 41
22 83
35 33
19 90
83 66
34 32
33 45
40 76
73 95
53 51
92 92
15 54
83 10
32 23
96 24
3 64
49 27
7 25
63 24
58 59
79 27
77 18
85 66
32 77
50 57
87 52
61 11
89 14
80 26
82 54
99 99
26 27
42 51
90 22
94 39
16 3
57 83
78 57
26 25
87 3
86 22
75 32
40 62
87 97
94 47
97 89
18 46
68 41
42 59
98 1
38 32
62 77
57 97
24 92
62 54
93 94
60 1
77 85
73 97
5 59
89 98
97 30
32 7
67 25
58 40
26 57
3 7
84 62
95 29
48 89
76 11
35 85
84 48
76 55
14 85
10 86
62 45
87 86
37 89
33 94
81 71
33 66
95 6
96 91
71 25
94 14
56 42
39 41
1 95
58 18
51 61
90 64
64 43
63 15
81 83
60 52
27 95
35 57
85 72
70 60
11 82
85 41
58 48
65 55
33 81
77 33
38 35
84 95
13 55
70 66
32 58
10 85
94 26
6 71
30 30
54 5
16 95
24 3
44 60
30 38
66 71
3 74
56 27
57 48
24 55
61 87
66 16
98 76
81 13
87 61
89 89
13 89
18 77
6 59
59 13
46 80
17 27
58 91
48 96
12 56
3 29
27 48
14 89
1 94
31 27
41 2
73 51
27 76
96 43
10 98
55 66
99 92
65 40
32 52
76 85
73 80
55 47
38 80
3 43
15 35
6 54
87 5
61 15
89 65
95 58
55 27
33 99
44 83
61 76
56 81
64 58
91 40
37 58
55 57
87 40
38 59
58 10
34 59
29 11
80 92
86 46
83 96
92 32
59 79
95 56
15 62
15 10
41 91
60 32
23 66
95 92
90 90
82 41
64 100
60 92
83 53
83 84
46 13
48 55
38 99
28 89
53 32
26 58
38 63
81 89
99 94
80 43
25 100
43 10
71 66
16 85
59 71
16 30
12 66
95 72
41 35
63 90
85 77
57 82
94 77
95 27
99 86
99 58
40 23
57 19
25 37
96 90
61 83
34 57
66 29
76 59
45 94
30 33
26 59
80 32
96 84
27 23
90 40
40 2
99 41
59 46
24 13
30 35
51 92
60 58
66 56
39 94
27 22
58 15
86 25
73 66
71 62
25 60
28 58
55 18
56 79
54 24
83 86
62 14
46 66
99 24
15 89
41 17
18 32
24 56
71 56
13 11
42 32
29 41
57 76
32 6
51 98
56 53
37 64
62 55
33 41
16 57
54 45
27 92
63 60
53 85
78 86
96 89
55 16
41 32
13 62
37 10
90 2
53 95
78 60
76 33
81 96
37 81
53 33
30 60
17 41
24 27
81 33
80 50
41 90
33 11
13 65
30 3
80 6
12 40
3 88
87 46
84 3
43 43
81 6
86 69
82 63
40 78
95 45
18 59
25 61
52 16
82 99
92 61
61 3
99 84
1 27
56 7
1 41
96 15
92 54
13 33
42 55
51 89
90 44
28 30
47 30
77 35
73 55
58 44
46 61
62 46
97 94
52 27
54 1
1 83
20 97
59 49
64 32
90 96
59 100
92 58
55 14
16 65
93 60
33 43
22 35
45 89
98 16
59 64
51 10
43 57
16 80
11 24
94 3
33 13
14 33
16 53
85 28
35 38
65 94
27 47
92 18
60 94
89 92
19 13
18 91
91 95
28 35
45 18
71 15
63 5
59 80
95 1
19 59
42 58
94 16
96 99
77 86
35 66
72 18
47 3
5 54
11 3
61 91
15 81
24 38
98 52
32 15
7 16
24 46
16 86
47 98
58 72
54 98
43 33
95 76
80 2
48 87
87 24
82 16
16 55
24 89
83 63
85 30
89 26
93 98
68 40
97 19
99 71
81 54
86 41
18 81
94 67
82 57
98 84
97 29
86 37
92 94
57 38
33 26
27 34
89 53
80 27
90 1
40 69
55 89
50 60
6 66
51 57
58 82
72 87
27 93
96 66
60 28
1 97
3 70
68 16
33 16
70 80
55 3
81 61
89 73
19 80
12 25
69 55
64 25
93 3
73 11
85 22
30 55
69 54
86 82
62 69
27 11
11 6
40 90
100 86
69 58
59 48
57 98
52 85
63 10
54 7
18 38
94 100
85 26
77 60
85 92
59 32
21 32
35 27
22 62
3 66
40 79
83 69
15 15
16 61
81 30
81 48
45 66
76 66
64 46
93 90
80 57
55 68
80 44
64 85
6 100
47 40
74 83
96 54
61 57
90 73
7 66
37 98
57 34
5 55
27 4
94 40
69 94
48 81
97 14
69 97
3 57
38 84
33 6
84 24
78 59
6 84
90 99
43 32
77 98
66 87
85 58
36 59
71 32
54 89
57 33
95 26
37 37
60 49
52 32
51 45
10 58
89 52
58 98
85 18
85 35
30 78
84 11
42 56
87 90
54 3
37 90
87 16
27 58
62 100
82 48
16 66
100 27
27 79
94 41
91 80
80 73
47 57
57 47
5 85
51 81
22 80
63 45
88 25
100 85
40 55
94 17
11 48
41 84
63 73
29 6
14 35
41 82
51 32
96 13
25 34
60 98
48 73
33 15
56 6
66 1
73 58
20 40
77 43
48 83
96 58
94 89
5 16
5 89
40 1
56 18
28 54
16 60
89 66
24 57
27 1
58 93
91 57
61 5
37 51
83 41
95 71
66 50
67 3
60 10
60 74
26 94
36 58
97 27
18 3
94 19
48 58
6 78
61 6
58 87
68 58
87 38
29 59
97 48
35 61
94 28
43 41
95 89
43 61
64 83
15 65
78 35
71 73
78 3
83 55
43 54
96 63
82 40
83 81
83 20
80 29
90 37
20 27
3 33
83 54
41 50
40 73
13 38
16 7
83 67
54 57
27 56
13 5
19 87
40 45
46 3
86 13
66 93
51 6
57 29
29 96
20 83
65 100
55 95
70 27
83 1
18 98
11 81
80 58
81 62
55 61
88 58
96 76
61 99
81 63
38 18
13 98
12 90
4 94
48 3
65 58
71 97
32 20
95 87
57 37
83 85
85 19
98 6
89 83
70 25
82 90
61 73
66 91
27 15
40 64
86 94
3 42
89 94
56 45
13 71
25 94
61 98
67 56
24 43
24 59
65 81
96 30
57 80
40 61
64 6
94 93
30 89
58 80
40 7
24 73
6 80
13 99
27 98
90 13
63 40
69 83
51 85
33 5
78 81
10 95
41 62
27 49
72 83
52 11
41 38
37 6
3 73
13 29
90 83
80 45
98 87
94 64
45 54
100 59
22 43
34 3
95 22
41 52
42 80
24 99
7 33
57 77
54 77
66 63
27 20
100 35
55 24
89 46
44 56
50 33
33 58
46 16
59 27
59 34
60 79
27 61
3 92
32 83
27 73
46 97
95 94
95 42
76 97
57 92
62 97
6 51
21 58
20 90
30 46
61 24
48 54
63 85
30 96
29 15
86 64
98 32
18 71
29 32
87 56
81 94
60 27
87 65
83 60
89 87
58 36
6 65
90 67
33 32
59 7
86 78
10 80
46 100
56 76
11 19
54 15
64 95
88 41
95 3
60 62
54 25
86 84
42 25
45 33
3 38
40 28
25 3
49 3
84 63
41 30
6 85
94 24
15 85
48 61
84 19
96 46
27 91
59 24
94 11
63 43
64 24
64 65
76 13
21 80
5 32
48 64
28 51
62 62
65 30
94 84
92 15
14 30
82 71
95 61
46 89
10 41
42 40
99 15
25 76
60 5
15 5
95 53
68 57
82 62
84 87
35 15
80 3
90 89
30 47
2 3
97 82
66 90
46 55
62 3
38 24
56 69
51 37
33 73
97 47
48 25
31 3
77 25
84 82
82 25
58 74
52 90
41 70
11 54
41 10
61 92
51 29
61 16
86 96
68 30
45 60
90 51
66 52
91 98
29 33
80 54
66 27
83 37
61 29
32 5
30 29
80 75
40 99
96 32
33 60
98 5
13 56
61 84
98 48
55 15
63 84
40 34
90 58
80 38
73 15
28 95
66 70
96 86
26 85
40 14
43 35
41 23
100 29
22 3
56 86
91 61
68 86
73 81
27 99
45 86
84 40
96 48
73 85
81 35
37 60
54 82
58 90
16 46
40 6
62 91
83 92
19 27
72 97
51 52
41 92
92 35
57 85
29 35
6 89
18 90
40 46
24 100
95 37
13 54
61 25
33 40
5 87
76 30
62 99
12 3
38 3
90 59
6 57
94 46
60 84
9 27
24 63
18 84
3 47
92 3
98 29
37 71
89 22
35 95
100 100
47 95
57 90
73 90
3 93
61 33
17 94
57 15
90 78
53 98
98 40
47 80
44 32
26 95
89 11
6 99
24 40
98 68
28 57
33 24
70 58
30 44
58 46
41 77
27 90
19 96
51 14
48 38
69 16
38 13
10 11
51 94
24 78
8 94
22 41
5 51
54 67
95 96
63 27
60 26
41 64
14 94
25 16
49 60
74 41
86 58
18 16
48 80
54 12
15 24
86 89
86 3
3 58
80 72
24 6
85 37
37 62
87 29
80 59
99 57
53 57
32 76
27 43
89 62
64 66
67 83
58 55
82 3
14 25
55 6
71 90
43 11
97 41
16 48
71 37
32 84
47 59
65 15
27 83
94 85
40 40
23 83
40 29
6 63
30 99
97 95
56 23
57 16
67 32
35 77
95 13
70 59
16 81
61 100
100 94
63 76
65 89
68 51
60 40
13 87
62 30
78 13
100 43
59 56
3 52
13 60
22 51
4 80
61 64
66 86
8 27
51 41
95 51
21 27
94 83
57 55
69 35
27 96
100 63
24 32
86 28
30 52
5 95
22 30
75 25
22 33
76 87
51 67
84 38
43 86
68 25
24 62
54 42
48 60
80 22
28 24
63 95
94 71
28 60
60 6
27 21
25 73
89 19
63 38
38 66
73 32
32 30
77 89
95 98
30 5
95 28
64 30
25 22
99 61
30 65
58 21
72 43
10 33
68 95
97 100
57 30
98 98
52 40
59 96
30 48
73 40
33 22
53 25
5 43
71 24
64 89
77 51
3 45
90 10
6 90
58 69
16 47
82 96
97 37
33 12
92 81
89 40
52 18
68 66
58 71
95 81
94 2
73 71
59 30
85 90
65 43
10 25
94 38
52 3
38 16
77 66
80 16
86 92
76 89
45 57
60 86
84 46
6 56
89 29
40 82
65 66
25 82
37 40
46 40
1 57
59 82
37 43
62 13
15 51
32 38
90 53
37 48
3 25
3 48
30 56
25 40
29 94
86 77
85 63
55 10
41 29
99 100
87 30
72 90
85 57
11 13
58 39
54 90
45 63
61 95
27 2
79 3
22 60
72 94
30 77
62 82
44 58
80 84
57 40
35 91
52 51
58 1
26 40
24 82
56 34
86 19
13 16
56 72
18 72
98 73
32 97
72 24
99 95
81 37
62 98
64 71
23 40
89 7
82 37
41 79
90 57
35 90
30 94
59 93
99 6
25 42
62 40
16 5
10 63
32 96
61 43
25 48
89 56
95 62
51 65
40 44
32 66
3 3
86 15
40 47
11 73
84 13
41 14
72 32
99 27
86 95
30 28
85 5
16 96
1 86
48 30
95 95
87 60
41 20
100 13
57 89
18 54
22 94
25 7
78 25
2 58
57 41
29 89
82 11
50 27
37 77
50 3
32 16
56 65
43 22
85 27
3 91
61 59
43 53
63 55
67 80
37 16
30 14
43 97
40 32
35 11
41 99
64 38
98 28
84 32
100 11
48 32
57 93
40 16
95 86
30 72
35 84
80 36
64 11
68 59
30 91
62 19
52 41
78 64
6 25
12 27
58 38
54 61
63 48
55 25
89 6
61 41
89 41
37 78
94 44
87 94
98 59
30 6
60 80
98 94
100 87
42 35
11 46
89 54
10 87
80 67
27 89
71 64
99 73
99 89
25 18
1 58
57 68
3 76
26 24
65 18
7 55
90 60
22 32
35 96
85 13
58 95
57 26
85 98
33 38
33 25
66 98
13 63
90 81
64 92
37 25
54 41
48 6
18 10
61 30
11 96
84 51
13 90
14 95
56 14
93 54
87 71
41 86
29 84
57 65
46 95
33 62
46 6
35 52
65 57
77 87
80 11
80 1
25 11
78 37
28 62
95 48
54 43
60 37
56 73
64 90
7 27
66 78
33 30
51 73
23 27
89 10
32 71
47 90
19 51
28 25
54 44
59 57
71 33
58 33
90 15
81 56
20 80
16 63
83 35
52 30
28 66
33 89
27 33
33 68
86 72
56 96
41 69
58 56
54 73
18 52
66 42
29 13
32 87
86 35
85 40
3 97
99 96
59 92
95 40
37 29
7 86
30 43
62 41
92 62
16 78
60 67
41 4
6 38
41 85
25 5
60 16
27 75
100 65
16 83
76 16
73 87
98 10
55 98
80 65
40 10
24 11
89 78
33 72
94 91
25 27
5 90
69 59
99 98
29 83
97 78
11 16
13 27
35 78
82 87
55 94
86 5
38 43
83 7
68 56
75 41
79 56
50 80
26 86
66 33
83 71
18 28
86 24
48 48
23 3
54 95
32 40
80 20
13 86
62 27
100 32
37 54
26 97
15 73
32 73
59 35
100 60
38 37
99 97
18 29
15 100
57 67
48 40
14 32
61 28
48 90
19 30
77 16
44 97
60 87
42 98
83 46
95 55
90 95
83 91
16 99
81 60
13 19
15 66
64 51
87 51
71 78
65 95
56 88
77 27
48 35
87 100
96 5
81 25
58 85
61 78
18 37
26 55
24 29
69 41
56 95
62 87
57 45
94 42
43 14
3 55
66 10
54 51
4 32
23 32
56 2
46 25
35 30
86 87
30 64
3 87
60 30
37 86
83 94
3 35
86 63
41 54
95 64
64 56
56 93
65 33
11 18
27 10
65 96
33 14
16 71
93 57
15 76
55 58
11 52
15 92
40 97
5 80
3 40
54 79
29 24
40 89
84 83
1 66
97 1
44 27
11 10
87 48
64 41
13 37
91 18
33 18
90 30
69 43
43 87
28 63
92 48
32 100
29 63
32 72
6 33
84 56
14 3
11 92
85 48
43 77
99 18
59 85
90 55
60 53
5 11
66 88
38 40
71 38
33 44
48 92
69 85
91 3
6 3
83 5
13 13
41 75
10 54
26 90
3 54
14 56
80 35
6 73
98 67
52 25
51 84
90 41
66 76
94 9
91 90
12 94
32 50
13 41
64 37
98 89
41 48
84 100
59 37
84 25
60 11
25 80
55 22
38 57
75 80
80 69
80 14
3 36
69 27
20 3
22 59
81 51
1 80
44 66
96 59
100 40
76 64
82 89
92 11
27 36
86 54
3 94
25 67
96 82
5 24
27 30
45 27
56 54
62 6
60 55
83 65
92 84
43 47
35 7
94 87
33 76
96 40
94 59
3 56
55 42
1 3
3 41
32 25
30 15
24 41
96 83
53 59
54 81
85 97
86 100
81 73
54 35
38 6
22 40
51 56
35 14
97 71
59 78
100 66
6 87
53 30
56 22
40 22
74 94
66 79
98 90
66 28
27 100
98 96
91 55
28 85
80 62
27 44
90 85
5 3
34 54
32 42
83 50
30 59
35 86
35 81
86 34
40 18
83 98
14 97
30 73
43 96
96 97
5 40
20 54
22 54
84 61
100 37
78 55
90 12
68 3
25 87
89 28
71 96
1 40
36 41
45 11
12 57
15 25
78 87
81 55
23 59
83 22
13 78
13 92
78 99
87 33
32 56
98 14
35 58
62 61
98 11
75 60
98 26
81 66
96 29
51 28
74 59
30 93
59 23
18 57
51 13
92 37
97 87
56 50
55 86
57 51
58 77
59 26
97 99
89 58
18 30
25 89
71 89
60 7
80 95
55 26
51 47
35 29
87 13
52 60
41 19
30 61
60 20
16 25
99 78
86 51
18 58
11 11
91 16
44 33
78 43
25 95
91 89
37 13
98 3
59 67
54 16
47 56
40 24
43 58
90 66
27 12
78 6
23 90
85 59
61 90
57 63
16 92
77 63
72 55
65 98
59 1
83 13
16 27
59 29
80 37
95 84
28 59
43 24
59 58
100 16
29 25
11 87
74 3
77 97
96 25
80 85
54 87
6 15
59 52
8 32
62 86
46 98
71 84
29 43
18 6
34 80
85 91
64 78
11 57
98 38
28 90
53 27
6 35
82 98
66 57
84 43
30 57
64 63
18 45
89 84
7 56
27 81
35 97
31 58
64 27
62 73
55 81
71 55
11 59
41 37
45 32
98 86
80 100
59 38
48 97
45 98
33 98
53 89
55 46
45 62
58 65
95 65
32 55
51 82
60 25
58 53
27 38
88 66
97 50
5 30
84 60
30 13
62 92
80 24
48 82
66 43
63 18
54 10
58 7
46 54
99 66
54 54
86 83
35 32
3 68
83 18
29 86
60 33
46 56
35 56
53 40
63 33
6 96
53 60
25 72
90 71
55 45
2 59
59 2
84 35
48 94
58 16
72 56
58 8
86 26
14 40
2 80
25 13
18 96
40 85
95 69
24 58
70 83
27 72
10 62
32 62
84 89
83 38
100 92
93 32
98 35
27 65
98 19
25 52
93 33
78 94
62 57
24 18
25 98
89 72
97 3
43 26
72 95
66 73
56 33
30 41
34 97
5 56
91 83
98 62
33 67
83 30
94 76
94 36
67 40
24 91
91 85
40 19
41 46
97 44
72 89
81 90
54 13
15 43
27 7
94 22
55 91
25 71
41 39
40 60
72 41
54 58
50 97
87 73
75 3
56 56
76 86
83 24
100 100 2654
45 68
17 17
60 45
99 76
45 62
11 31
95 32
32 85
98 17
85 61
36 95
97 22
71 60
60 58
78 28
38 51
95 61
11 33
55 28
20 79
32 54
81 28
41 24
87 73
98 20
53 8
71 72
39 23
38 29
47 71
98 38
99 65
47 79
32 34
99 46
86 69
11 89
40 31
68 18
72 45
67 67
31 41
21 36
57 42
97 33
20 75
97 72
66 98
66 11
24 29
97 84
47 18
22 97
47 40
41 45
77 53
18 64
87 58
17 84
20 77
22 66
73 13
46 50
17 24
93 66
46 2
29 8
6 81
99 56
93 98
30 23
88 38
21 9
36 30
11 42
29 41
95 73
32 51
75 42
1 94
77 80
70 58
54 11
61 20
72 98
28 11
20 61
58 79
27 24
46 37
31 64
30 97
89 88
32 20
62 29
51 32
64 27
36 83
46 65
44 46
51 89
97 24
55 99
98 48
71 90
9 40
58 66
90 38
78 73
17 79
8 8
94 25
29 35
70 28
10 99
32 90
67 56
77 48
8 90
72 95
9 32
45 41
66 47
21 20
36 93
73 30
72 11
38 62
66 75
93 6
36 87
1 78
9 86
42 42
68 17
47 75
36 38
58 34
47 58
7 39
6 88
87 84
77 66
29 27
89 84
72 28
87 62
97 58
35 75
36 50
14 1
48 53
68 36
96 72
72 48
33 72
80 75
14 48
33 28
50 31
48 1
56 85
93 85
39 15
16 11
73 24
34 70
71 69
94 21
64 84
27 94
69 97
92 94
32 71
28 66
52 68
24 40
31 36
61 62
86 43
32 82
41 38
10 77
56 81
70 31
20 76
23 36
15 48
72 83
66 76
57 8
18 24
70 63
29 42
73 8
62 23
79 36
46 57
21 88
92 85
81 42
15 85
47 98
96 31
76 31
24 4
59 73
36 88
28 78
27 72
43 79
29 24
80 39
45 9
71 50
79 71
85 98
23 75
58 31
79 19
78 32
62 97
18 56
6 54
85 10
97 46
6 22
89 46
62 41
100 38
17 28
73 82
63 64
81 88
94 79
24 42
73 26
19 38
13 38
30 31
20 50
56 58
23 31
21 58
24 27
94 81
23 48
70 13
86 61
43 94
77 88
91 1
8 77
8 17
35 1
62 57
19 56
70 83
99 64
94 80
97 45
19 70
31 21
21 23
83 64
68 41
45 86
55 72
70 61
36 17
73 39
11 83
73 4
89 85
31 99
9 75
75 92
70 89
48 93
1 50
16 46
31 35
64 77
29 56
46 11
59 66
73 19
39 69
72 73
60 94
79 23
58 44
55 36
36 37
61 70
81 76
68 47
64 31
65 64
62 35
94 90
47 64
70 32
48 75
82 58
76 61
38 36
62 51
41 64
60 98
56 66
97 50
25 38
84 81
58 24
6 73
33 39
25 32
77 59
62 53
33 32
64 48
20 39
94 47
31 68
39 100
89 66
81 1
15 1
76 11
90 47
83 94
6 64
20 56
48 54
39 80
31 17
61 36
71 47
31 22
27 1
18 66
53 50
68 94
44 73
78 64
53 71
62 17
75 66
38 84
19 29
18 21
45 45
15 11
72 92
53 39
23 43
73 14
2 46
77 57
40 11
32 60
27 42
24 66
4 39
45 32
11 88
68 51
14 58
75 31
36 39
9 45
42 76
70 38
80 36
45 66
64 10
8 27
35 84
91 38
52 11
74 36
30 11
8 38
94 11
90 73
6 77
24 10
24 12
85 86
35 29
39 96
62 96
50 19
58 97
1 60
100 28
38 30
38 83
71 54
45 81
24 95
7 24
23 11
23 52
79 52
35 79
23 10
62 6
8 11
23 28
25 86
21 62
15 86
98 42
45 73
1 68
23 18
95 86
1 72
25 29
61 39
94 78
28 19
65 70
96 24
6 86
81 89
48 23
58 54
76 99
58 67
89 67
36 27
77 41
58 71
56 94
31 54
41 61
38 68
20 90
8 93
88 46
8 75
85 31
71 36
94 27
70 45
94 19
23 1
6 62
29 84
50 70
67 64
41 85
77 1
73 46
21 75
84 68
29 57
98 97
72 42
46 100
24 100
90 75
23 66
97 17
18 94
47 28
11 92
62 30
41 50
93 81
57 6
6 19
36 1
85 62
70 56
62 58
94 59
11 22
56 96
50 39
98 99
92 97
99 48
84 46
30 39
66 92
8 81
29 79
57 73
72 61
87 64
79 51
46 93
76 70
64 6
77 36
94 46
86 20
87 81
98 66
72 14
62 18
69 71
53 97
1 47
78 24
77 86
31 45
81 52
32 28
6 8
46 99
72 59
81 73
39 24
25 99
27 56
4 73
35 8
79 77
56 19
64 87
99 43
22 50
99 61
25 8
77 78
60 61
22 42
73 89
30 1
68 31
25 72
25 75
83 58
73 38
38 35
21 77
35 71
10 85
49 24
15 28
27 6
66 70
75 39
1 48
38 43
14 86
17 11
99 77
94 28
54 32
23 69
66 54
11 50
7 46
94 56
52 46
94 75
11 6
42 11
97 40
30 32
68 9
33 64
6 85
51 24
11 43
74 39
86 77
24 57
71 1
72 85
11 93
58 38
45 29
99 28
62 36
60 48
70 53
42 47
64 71
36 90
1 9
57 46
21 90
71 79
35 40
70 47
8 61
88 87
98 60
50 50
81 66
46 3
71 57
75 75
58 47
19 99
85 69
68 68
98 35
81 68
97 78
30 58
62 56
72 53
67 70
48 71
86 86
42 75
77 38
61 64
30 21
28 88
68 80
66 97
98 85
27 99
19 1
99 14
70 65
78 48
8 71
95 68
27 68
84 8
31 60
29 46
92 31
95 11
97 54
39 30
18 46
24 5
81 18
6 82
51 97
41 29
1 77
32 40
99 42
75 10
75 27
46 26
36 14
100 66
48 82
15 72
21 24
6 21
84 32
64 24
13 39
91 73
23 53
75 89
64 4
75 86
75 83
23 23
7 94
58 11
12 73
42 95
33 24
70 68
88 56
38 26
8 42
21 97
81 40
52 39
18 75
50 35
76 72
67 36
46 61
62 60
14 24
28 84
42 8
77 70
32 89
97 43
68 81
68 46
56 76
16 28
46 6
8 87
36 45
24 87
94 91
29 30
39 39
36 60
17 86
70 71
23 60
50 25
68 45
45 56
43 31
51 48
93 28
64 63
79 18
18 70
77 21
24 91
1 54
41 75
32 65
82 66
99 70
66 77
67 45
84 53
80 24
29 94
24 86
47 29
42 35
66 87
23 72
99 30
19 32
35 72
69 58
89 98
26 46
92 58
18 20
85 9
93 97
40 66
32 76
39 45
51 21
98 32
17 81
99 22
34 94
8 21
64 78
57 21
1 1
76 38
84 11
80 64
46 29
42 73
21 11
24 92
11 45
41 31
85 92
42 85
27 86
46 28
1 40
56 29
73 80
81 60
36 59
24 65
64 97
72 77
46 54
71 10
87 20
79 60
81 43
48 56
77 77
68 19
66 35
39 41
86 87
46 98
73 44
81 36
29 72
45 61
78 1
21 17
15 50
40 41
97 71
99 66
97 85
79 9
73 92
23 99
90 98
43 46
28 10
99 78
64 52
60 68
46 30
38 49
43 36
51 50
8 52
97 89
64 85
27 39
67 38
76 48
6 15
88 9
90 58
90 67
35 62
77 28
51 8
62 70
97 6
62 66
99 69
75 40
62 79
31 43
78 11
56 71
29 90
16 77
38 23
84 24
90 45
32 81
62 86
96 62
38 52
56 97
89 97
48 77
42 20
64 32
87 72
83 75
68 75
56 93
32 100
45 60
39 75
73 35
77 95
25 64
26 39
93 70
99 52
76 79
50 27
66 24
72 82
71 23
8 69
57 45
24 83
67 30
24 79
32 17
94 26
81 57
81 75
58 13
87 48
51 64
38 58
56 79
75 46
75 48
30 75
46 19
4 24
56 72
73 52
97 21
79 64
24 90
20 93
70 93
36 34
54 29
9 70
89 21
57 1
15 99
1 61
38 75
6 78
19 48
68 20
32 15
67 40
67 32
20 38
46 79
21 50
79 62
10 48
14 6
37 73
73 94
11 38
25 97
82 48
24 35
47 19
94 17
99 53
73 50
30 62
6 52
70 98
10 6
20 29
76 1
45 40
75 100
32 64
47 73
1 6
1 97
21 40
42 51
27 66
94 44
100 68
48 27
85 20
96 47
56 32
38 47
73 55
30 68
71 22
9 98
6 66
86 57
25 50
3 46
57 79
68 22
23 67
14 31
91 28
72 50
61 24
67 79
42 93
73 33
77 87
36 29
94 86
6 98
61 9
96 48
21 57
45 51
41 70
57 98
39 46
31 1
100 46
50 56
20 22
70 80
58 39
64 56
67 73
47 62
46 14
98 90
20 96
77 34
46 74
23 86
17 56
67 23
88 89
97 80
63 32
82 46
43 66
82 64
38 100
39 61
71 70
72 89
75 38
53 45
35 85
92 48
51 28
51 45
77 14
72 97
73 86
17 67
62 88
46 86
46 35
24 26
52 58
46 67
70 64
82 68
46 52
22 81
88 66
84 57
67 72
95 71
70 66
50 32
89 64
1 75
36 66
47 70
62 21
68 78
36 75
89 36
71 62
70 60
58 99
36 99
55 58
52 97
39 97
73 15
97 69
53 85
64 83
68 21
66 85
59 64
73 2
43 72
76 86
50 1
9 71
73 37
23 45
99 39
98 93
98 75
97 83
24 13
71 66
6 89
100 48
81 93
36 92
87 9
50 52
94 63
87 86
27 70
86 46
58 32
94 97
21 56
60 6
90 99
73 88
20 62
39 19
82 71
48 59
5 36
47 97
21 51
66 40
32 13
31 27
46 12
39 18
60 42
94 87
32 18
23 87
1 30
70 17
64 43
56 47
1 51
94 98
13 73
38 73
86 48
63 46
23 98
73 59
56 60
31 28
49 64
97 92
41 98
100 36
49 73
99 91
32 56
61 66
64 1
97 87
71 8
57 20
98 24
80 32
33 11
46 96
64 39
50 61
68 88
89 32
60 64
39 67
63 70
30 99
87 24
45 21
36 2
13 77
6 96
86 39
28 13
47 35
57 50
64 99
64 53
77 9
17 98
68 24
72 84
93 75
98 41
32 9
27 50
60 46
62 75
81 8
1 70
39 50
15 70
77 81
31 98
22 48
70 48
9 8
23 46
89 70
68 92
57 86
17 29
81 87
9 35
97 15
32 6
43 6
27 8
72 16
35 88
90 68
6 57
41 40
77 43
30 89
61 51
39 27
69 23
64 73
23 25
17 20
35 24
20 40
86 53
67 75
99 79
66 95
81 9
52 42
9 50
1 76
92 46
98 47
90 42
50 79
35 38
68 11
97 59
64 54
86 58
8 43
8 72
40 21
79 47
85 89
36 100
29 17
59 32
99 20
95 70
76 32
80 38
20 11
72 22
81 6
90 90
61 98
42 77
43 20
16 32
53 42
46 91
47 9
72 33
43 71
11 54
91 99
69 68
33 46
89 87
75 50
90 79
61 85
30 71
66 80
50 43
24 97
57 29
1 73
90 48
89 30
64 16
89 45
19 50
64 33
30 67
51 40
68 67
52 86
90 36
85 85
93 94
56 64
25 66
57 28
42 46
89 8
97 93
58 33
58 10
99 16
41 67
17 46
28 80
90 23
67 84
84 72
66 68
41 11
6 1
38 13
56 51
1 20
99 18
99 8
50 88
70 91
23 96
57 47
38 80
6 10
28 91
46 81
76 64
39 77
14 68
71 89
57 9
11 9
46 76
71 93
8 96
73 5
70 79
1 79
28 59
85 36
85 56
52 50
34 73
39 62
44 94
6 27
49 38
30 47
81 67
1 56
28 96
84 31
47 32
97 23
62 28
24 61
48 11
11 19
23 15
13 24
20 85
51 6
42 52
39 22
71 9
13 64
38 81
16 70
11 24
77 10
57 56
21 89
36 71
57 17
13 32
42 70
24 62
47 24
57 97
61 71
41 77
67 68
11 18
36 18
72 19
8 51
46 32
48 84
19 73
28 46
18 62
12 38
30 94
98 89
23 17
64 13
99 80
73 57
19 77
90 8
58 96
31 18
84 41
85 73
23 57
28 39
66 50
71 6
93 24
24 70
55 32
61 94
60 62
23 62
6 40
6 14
66 28
43 99
10 28
18 31
41 8
28 21
31 24
98 50
70 100
28 20
32 80
81 56
47 42
32 14
85 27
68 58
40 97
95 58
98 19
53 46
29 66
58 9
40 46
56 35
70 85
68 53
28 70
70 59
72 70
25 73
51 67
46 75
32 43
70 16
67 24
84 9
28 28
96 20
1 91
85 54
81 19
88 51
21 35
13 28
80 11
97 11
99 94
92 70
91 48
79 68
40 40
58 76
84 45
71 84
24 56
12 46
100 99
75 8
29 86
68 28
94 41
24 45
32 62
73 54
33 36
50 10
57 94
60 23
32 72
72 94
93 20
52 20
24 81
64 90
77 85
70 87
38 93
48 97
68 48
1 52
9 66
1 89
68 84
70 23
71 15
93 62
85 95
54 77
46 17
58 57
88 81
18 68
86 30
36 43
38 55
47 11
18 42
51 85
61 53
75 21
25 23
32 38
1 93
24 58
23 58
21 30
18 47
79 28
10 46
91 94
48 36
94 38
46 60
39 49
83 32
11 60
68 66
20 23
39 5
57 70
81 50
98 57
9 20
71 52
14 94
22 24
61 19
23 20
38 98
45 20
67 17
53 28
87 77
38 6
19 46
32 21
68 97
100 70
71 97
94 36
90 94
72 18
86 31
48 70
42 66
80 1
68 69
67 46
44 64
1 11
97 10
85 96
57 38
40 48
87 66
27 31
23 79
37 46
38 46
99 93
36 68
71 81
38 32
89 90
91 97
39 63
32 61
61 48
38 16
56 40
88 71
30 72
84 47
50 60
1 33
48 81
42 21
93 48
11 99
86 6
56 17
80 68
54 71
36 33
11 95
54 24
59 70
70 62
50 30
46 21
9 87
1 15
36 41
70 40
98 98
20 68
23 89
70 69
66 61
97 25
84 62
10 71
59 72
23 9
87 71
85 28
11 94
84 18
89 94
73 22
58 78
97 86
12 24
48 50
64 59
5 39
94 84
78 6
48 17
31 57
85 79
75 53
52 38
72 21
58 42
61 28
64 23
86 67
38 44
60 31
94 60
67 88
39 16
84 67
39 74
6 25
66 52
31 73
61 93
75 68
83 77
84 48
20 70
84 64
75 85
20 52
77 42
39 53
26 38
45 70
56 53
99 27
55 38
71 24
77 76
66 56
39 71
35 99
73 66
70 88
6 95
32 42
48 47
88 24
79 93
47 31
88 47
75 17
97 98
39 54
84 36
20 41
86 73
80 28
58 88
27 47
28 94
4 99
76 56
84 90
90 81
6 32
40 47
72 99
85 94
32 63
79 48
40 29
75 94
79 97
50 64
11 96
97 60
6 30
11 90
87 67
15 64
4 58
93 86
45 38
98 61
48 89
80 66
62 19
66 39
50 75
60 73
84 1
29 64
58 94
81 39
17 35
42 89
58 90
79 27
42 50
9 36
42 22
91 46
97 67
39 92
42 67
31 23
97 9
80 72
48 90
58 65
30 36
73 84
28 23
46 71
86 95
88 36
20 45
42 19
85 53
82 39
21 61
50 90
50 45
39 95
41 20
82 6
73 40
64 94
98 79
88 28
12 58
15 36
78 38
90 86
85 80
36 26
42 27
77 4
94 50
34 24
19 75
66 38
79 43
71 39
64 95
6 70
19 79
86 93
18 23
67 87
39 12
41 48
47 94
79 1
35 39
11 40
84 86
88 68
51 31
99 41
60 29
86 90
40 20
97 47
46 80
41 62
10 36
71 98
8 64
28 92
46 92
28 38
23 51
14 39
12 36
97 75
94 49
73 97
45 47
32 87
60 39
99 47
1 43
28 8
1 18
54 8
11 13
53 38
38 50
87 79
46 51
38 76
85 23
97 76
47 61
95 23
42 18
62 64
95 99
47 51
68 25
18 86
24 52
58 23
23 41
81 98
38 78
11 41
94 82
35 81
9 61
48 98
41 47
85 25
90 46
89 11
99 98
32 36
8 22
45 50
77 71
31 62
18 85
6 50
77 93
41 17
97 81
6 71
10 20
61 77
5 24
55 73
20 20
6 60
75 11
84 19
39 78
70 42
40 98
35 32
70 24
84 17
28 85
64 14
39 56
25 24
34 11
85 39
39 17
28 6
97 29
66 89
64 92
75 56
47 1
96 64
11 10
64 21
31 15
38 67
39 10
96 77
48 43
62 42
75 60
98 81
11 35
58 48
83 36
26 36
15 24
13 99
66 19
12 94
89 77
97 48
76 28
66 45
92 75
71 92
31 40
94 85
82 36
28 16
28 73
21 60
9 77
80 70
66 21
20 67
18 99
20 71
13 58
39 58
38 95
70 29
9 56
24 22
75 55
39 66
85 75
64 93
32 94
41 97
61 88
19 61
47 47
17 48
58 84
95 29
42 84
27 28
86 56
36 42
30 50
58 14
68 87
11 32
85 8
42 24
31 53
58 100
99 25
72 51
24 94
28 33
34 39
73 29
71 88
94 20
77 69
11 85
86 52
58 52
19 97
42 68
95 38
99 51
86 41
29 89
58 86
70 9
86 23
60 1
43 85
9 23
59 46
11 70
66 10
42 94
73 10
64 80
20 97
29 54
47 21
38 8
50 73
70 95
47 57
98 9
22 72
29 50
81 41
1 99
73 17
61 84
56 45
20 28
89 42
28 51
46 85
58 27
90 32
79 17
69 1
14 70
91 77
56 62
23 35
72 86
52 66
9 47
69 77
40 64
79 72
57 62
66 60
83 97
5 73
99 59
73 93
24 50
85 17
67 98
8 48
20 9
62 45
99 58
73 67
79 81
72 100
71 86
50 95
9 79
64 86
43 70
77 56
28 98
81 22
17 77
33 97
19 11
67 21
59 68
29 98
86 97
50 38
86 66
29 11
40 24
28 77
67 51
8 60
75 52
25 1
86 54
23 97
38 20
64 57
48 67
60 71
85 18
48 41
49 32
38 66
40 68
99 13
18 97
19 98
30 98
39 9
28 42
78 58
77 20
35 17
42 28
70 94
93 79
31 20
64 96
47 48
28 25
24 67
66 43
20 21
36 77
68 6
57 88
72 40
82 73
76 20
96 99
99 6
99 99
18 72
12 32
57 89
51 81
40 1
28 41
56 1
87 29
36 53
73 47
14 66
29 75
20 81
93 46
47 90
7 36
31 88
94 72
50 11
39 33
35 98
59 6
50 62
32 95
19 47
8 73
66 64
23 76
8 10
24 24
35 58
23 38
47 93
87 32
21 29
16 38
29 60
38 79
58 95
83 24
53 72
38 57
39 98
38 72
80 94
40 75
99 86
99 75
79 30
18 58
50 36
29 29
50 67
8 23
54 68
6 45
69 38
11 73
6 42
79 85
14 64
56 57
57 11
36 79
84 38
96 38
46 97
72 71
57 31
92 8
86 51
86 71
53 98
45 6
35 21
28 35
63 73
79 88
20 88
67 6
17 85
66 72
29 19
46 46
17 47
89 72
30 66
26 73
8 70
32 46
18 29
94 89
97 16
40 42
21 42
77 31
48 40
42 64
90 39
56 48
88 35
89 60
14 77
31 72
72 35
61 50
51 11
99 90
11 23
4 77
94 8
73 83
8 53
88 40
62 62
70 51
10 29
28 32
100 77
77 44
99 23
64 46
94 95
40 35
27 61
20 42
83 39
99 40
72 24
52 77
14 38
56 36
92 86
85 24
58 93
57 81
19 28
20 95
99 85
58 68
96 94
38 39
84 58
15 94
50 53
64 62
94 64
35 64
10 72
39 65
54 64
24 36
87 6
79 98
32 67
49 58
92 32
70 72
24 8
94 96
53 81
75 43
89 71
95 97
77 51
6 33
97 19
42 81
28 100
54 58
5 46
72 8
40 84
20 30
8 57
72 69
67 94
99 34
39 88
75 76
66 32
70 90
75 98
52 72
61 79
29 70
64 29
70 86
23 40
48 39
1 21
40 73
71 11
54 75
93 58
72 75
15 58
63 36
75 67
68 50
68 15
20 27
23 56
70 96
39 72
42 90
42 60
45 46
98 84
53 11
31 96
86 99
57 40
50 21
76 6
41 6
65 36
77 32
88 70
73 43
86 45
29 81
9 94
6 17
36 57
47 85
99 36
11 27
60 11
81 30
79 99
89 79
99 19
55 94
71 58
70 57
26 24
61 76
70 19
1 24
13 11
83 73
62 39
24 20
29 67
62 67
75 91
23 6
32 27
66 1
86 68
72 68
51 1
77 8
56 18
85 87
20 94
46 8
48 64
79 24
81 48
23 24
51 94
92 36
60 99
81 58
24 31
61 23
33 6
97 39
75 30
20 66
17 41
43 38
66 30
68 71
73 34
45 71
20 10
60 85
46 88
64 68
15 38
68 39
73 31
68 60
98 77
90 62
46 87
88 62
17 42
86 1
31 14
75 54
67 86
47 66
71 96
85 68
75 15
53 23
24 82
66 100
58 81
90 50
11 14
31 48
6 99
30 73
66 96
67 42
8 19
53 48
20 51
71 85
96 71
81 99
75 71
75 99
48 99
64 20
15 66
80 6
67 89
86 28
10 70
84 85
73 28
95 36
76 36
56 90
71 31
48 52
29 38
66 15
1 46
40 17
31 47
35 67
48 29
31 84
91 39
29 85
81 21
58 85
64 70
88 84
20 58
85 47
99 84
77 67
58 69
30 46
88 94
42 38
97 36
60 67
50 41
66 90
19 31
86 92
17 50
48 14
57 58
27 20
9 84
73 96
20 32
51 39
19 6
43 68
88 64
96 6
38 38
1 87
42 58
72 91
42 39
69 85
32 49
13 70
36 16
74 46
15 6
95 28
94 66
89 99
82 32
66 81
38 31
38 54
29 68
36 51
6 72
45 98
64 75
89 58
38 25
11 16
52 61
54 31
51 72
49 36
39 57
32 91
90 61
1 81
29 61
36 5
53 64
17 90
31 9
28 58
24 68
52 85
48 72
98 40
4 64
15 8
98 70
52 24
82 75
79 73
6 36
79 40
85 6
1 10
60 81
40 61
29 23
71 38
62 48
45 90
77 64
56 70
88 41
82 97
72 79
31 61
78 46
71 40
60 77
9 6
73 85
22 73
90 40
70 84
76 29
57 57
100 58
38 28
81 70
81 71
89 89
61 45
89 20
23 47
68 90
84 84
47 72
58 49
11 47
64 69
84 73
30 64
38 91
1 31
1 28
85 19
77 100
50 94
81 96
89 28
43 50
92 39
48 25
76 77
73 61
53 79
100 11
24 16
67 29
17 62
40 23
90 97
6 79
33 77
96 70
31 87
96 50
14 72
28 9
29 22
43 39
19 39
2 24
6 23
1 36
73 99
11 62
56 87
85 60
97 56
66 42
85 11
67 11
54 97
40 39
57 84
31 69
75 35
6 46
76 24
53 1
70 25
72 27
90 6
85 67
89 29
84 60
11 69
93 31
81 46
48 38
80 85
99 100
57 77
34 36
35 23
65 24
20 57
6 90
70 6
97 63
52 23
92 28
73 71
46 1
72 56
28 87
1 84
43 77
79 21
79 90
50 77
48 45
94 13
41 36
88 98
66 88
99 24
60 47
11 75
6 55
72 43
97 79
67 90
47 84
82 38
72 64
79 61
87 23
51 29
59 99
11 30
8 36
63 94
46 70
48 46
95 79
65 58
56 9
24 39
40 50
33 99
61 97
84 51
28 40
43 23
73 79
81 84
45 94
66 8
32 23
72 39
58 35
58 75
30 38
36 54
31 81
50 98
77 54
47 41
52 28
39 86
68 35
28 31
45 23
75 77
21 8
8 76
100 100 2557
34 40
63 82
62 69
92 97
45 82
60 39
25 20
43 33
11 69
27 50
68 98
12 47
31 54
11 50
77 51
14 8
41 32
15 82
50 100
95 31
63 70
100 6
31 74
60 17
67 64
44 12
81 26
20 64
23 63
33 81
82 8
76 33
5 98
64 27
92 82
10 88
36 31
87 76
35 52
98 61
81 84
30 100
75 84
25 100
25 43
67 94
33 70
68 16
27 57
97 27
10 60
84 67
94 67
10 10
46 47
74 54
100 100
69 97
69 86
15 89
10 1
78 82
91 46
73 82
43 25
68 88
1 68
8 29
39 63
1 61
31 68
40 82
46 55
100 76
2 50
16 43
50 49
38 87
1 97
72 98
92 99
55 50
63 9
7 77
23 100
77 43
14 67
97 72
61 22
68 72
9 10
67 33
44 99
16 100
96 77
59 34
100 26
9 96
51 100
60 21
17 87
43 40
50 14
63 23
33 98
94 82
15 79
77 34
73 100
100 84
46 73
50 63
16 49
91 96
87 33
42 59
4 96
15 1
32 19
24 32
10 87
74 59
87 51
98 65
88 10
6 56
5 11
68 14
43 8
62 97
74 78
8 67
96 54
68 45
43 82
34 86
81 75
60 88
9 72
24 10
64 28
17 82
97 26
66 87
25 57
54 1
60 20
15 55
49 43
34 80
34 48
75 32
11 40
28 31
80 100
65 42
47 68
87 48
25 77
75 11
62 32
1 2
97 66
63 68
47 64
7 8
49 11
25 82
26 87
51 42
96 99
67 83
67 68
42 81
98 44
84 8
43 86
25 68
15 20
100 59
25 54
12 76
10 9
32 97
67 88
63 57
34 27
4 26
36 32
87 7
32 23
68 29
56 40
60 90
62 12
68 89
68 81
8 24
69 73
68 59
60 14
15 9
70 32
67 47
56 96
10 54
10 22
12 100
97 80
53 60
31 34
44 76
68 78
80 63
46 72
75 40
85 60
52 63
82 88
43 49
42 26
100 23
77 44
12 17
72 51
52 34
66 50
31 21
31 69
20 12
68 64
99 69
27 46
49 59
99 51
60 18
10 66
52 9
21 32
64 69
32 35
33 80
90 99
82 26
59 15
82 22
30 65
40 34
46 28
59 44
79 74
1 74
24 99
48 52
40 75
56 100
27 64
32 91
12 64
76 34
35 60
20 25
34 50
65 28
15 75
14 11
87 55
31 85
75 2
25 9
79 45
10 7
91 50
97 52
31 26
64 86
15 74
87 10
99 47
4 65
2 72
14 57
51 1
58 8
11 61
63 12
2 4
79 12
33 16
52 90
86 49
76 79
59 40
69 93
7 79
63 40
80 8
50 55
8 72
79 93
62 46
53 68
99 22
65 7
88 59
42 48
60 91
82 39
77 99
52 81
36 98
14 1
2 27
1 9
93 2
2 16
31 91
44 49
2 44
40 67
26 31
20 50
75 8
20 42
57 54
40 96
68 6
59 61
32 67
52 15
64 91
10 27
69 89
1 67
40 99
44 56
21 99
32 62
32 41
32 37
49 76
40 57
43 65
60 27
22 52
59 86
46 54
61 67
86 2
12 56
63 69
76 77
57 65
5 27
4 10
72 68
69 68
9 9
76 67
41 52
26 59
79 91
73 31
64 60
100 80
61 42
9 43
11 25
57 72
6 10
44 4
63 73
16 98
2 8
25 49
97 28
48 57
44 77
44 87
31 86
96 91
11 97
96 80
97 99
42 42
69 75
96 74
59 8
23 60
60 73
73 57
48 98
69 40
59 23
92 60
74 84
91 25
64 44
60 56
17 33
67 79
87 15
97 55
8 27
69 62
14 74
79 75
11 77
67 40
63 34
100 68
74 52
60 49
51 11
22 69
99 6
31 70
5 82
63 94
31 41
42 51
49 61
9 73
19 56
12 83
87 1
34 15
1 77
65 71
46 40
33 22
32 63
25 62
50 73
64 12
16 46
8 60
85 50
43 28
28 34
59 17
89 52
89 68
25 15
54 87
60 29
68 31
96 49
16 32
87 68
14 4
16 42
96 82
6 8
49 14
5 15
98 76
15 98
46 19
79 44
60 54
96 62
11 49
73 50
96 44
48 11
99 87
9 40
52 43
17 59
97 45
99 93
67 45
100 86
50 47
22 68
33 65
67 2
53 82
16 68
55 59
84 57
72 52
72 69
36 69
16 63
66 25
96 26
83 2
98 28
57 87
54 96
65 22
100 22
11 42
78 52
84 75
51 98
80 50
60 94
62 57
40 56
66 60
93 96
80 65
46 80
45 10
75 74
27 5
32 54
33 50
87 89
83 65
96 25
77 72
31 27
72 99
31 48
2 89
2 92
69 14
66 100
32 40
100 85
98 66
65 62
84 100
64 5
10 62
31 65
15 42
33 79
7 34
14 96
2 97
10 34
4 31
74 55
59 73
51 44
69 84
78 87
89 46
9 61
84 22
1 56
96 89
87 77
53 10
67 92
82 47
57 99
91 68
100 93
85 52
87 85
28 15
27 84
96 87
63 27
42 87
34 76
81 40
57 64
46 89
75 76
99 49
86 64
48 65
9 87
12 55
44 10
72 87
12 25
2 47
8 6
40 98
87 44
80 60
74 46
42 5
87 62
24 87
87 45
31 33
27 63
9 22
97 98
14 12
20 63
68 68
33 27
92 12
75 43
70 97
37 52
68 93
34 34
82 25
27 61
87 81
96 6
87 49
50 83
33 1
84 49
3 32
16 99
93 60
63 14
52 30
98 23
4 4
22 77
50 4
61 14
32 2
67 62
68 26
66 34
51 97
88 63
24 46
71 52
33 100
15 59
70 68
79 50
99 78
75 25
92 67
77 98
87 46
53 59
11 28
79 73
32 10
87 25
23 32
81 42
65 51
60 15
50 84
42 11
1 86
2 15
8 42
52 38
89 69
15 100
93 100
77 97
1 4
2 2
68 7
81 15
16 1
34 17
87 42
63 24
80 42
44 31
59 20
16 51
32 29
83 31
31 11
15 76
8 49
46 97
66 67
55 46
74 66
11 84
51 79
91 97
92 68
4 52
94 63
56 77
36 46
9 83
69 46
56 51
87 34
65 31
74 1
67 67
63 54
64 93
31 46
42 20
86 26
47 87
77 61
23 52
76 97
53 32
26 27
99 42
28 69
12 73
43 96
67 36
54 60
76 64
43 7
82 45
1 1
25 14
98 20
14 87
15 65
41 31
87 27
25 51
86 14
63 65
77 67
100 16
6 60
99 94
32 81
1 11
59 10
60 84
16 52
87 95
27 56
14 10
61 84
54 56
2 100
27 17
9 20
50 67
32 33
44 33
2 93
70 87
81 46
100 9
61 46
84 60
96 43
31 35
42 15
33 8
69 70
65 83
76 9
55 64
84 96
46 51
12 54
60 78
20 2
27 79
6 99
2 55
75 67
16 60
47 74
77 9
89 8
62 59
45 31
71 32
9 2
36 60
74 34
91 100
47 79
63 20
60 26
73 8
17 43
60 61
73 1
46 65
12 57
33 31
97 15
100 52
4 79
4 59
24 63
96 76
8 99
18 8
33 12
22 81
9 82
52 59
66 31
68 54
48 75
33 68
4 51
52 52
4 50
6 68
1 62
73 79
82 40
8 17
44 25
50 23
46 24
52 85
100 91
46 5
53 50
51 52
68 18
74 60
65 34
60 69
77 33
62 100
8 76
65 54
28 65
17 34
9 75
32 26
87 16
99 74
18 67
22 87
12 5
72 10
44 68
43 52
92 100
48 46
45 63
69 47
85 32
12 10
15 5
16 8
82 46
77 8
59 43
6 65
59 50
32 76
60 93
59 71
44 60
50 79
84 68
60 8
54 42
89 60
47 8
6 69
7 82
14 60
6 31
54 67
12 49
9 44
99 79
83 57
96 67
30 32
69 20
75 96
15 12
97 96
46 25
97 5
99 91
77 31
77 17
1 83
72 77
52 10
81 74
84 2
10 83
56 81
93 69
92 31
93 87
1 70
46 62
52 29
42 61
86 98
64 64
1 12
8 37
31 4
14 68
56 11
63 75
12 61
8 48
44 32
56 33
60 23
99 7
19 74
5 100
1 79
74 48
68 40
68 49
82 65
81 17
40 74
66 97
29 8
2 40
6 67
57 2
15 40
71 99
5 87
64 2
49 100
59 67
3 60
63 98
72 81
50 22
22 10
45 65
82 99
9 46
100 82
73 87
68 17
25 33
7 59
13 8
74 32
12 66
57 42
43 54
96 86
91 56
80 74
52 100
45 97
52 44
42 82
64 77
68 91
74 40
44 2
67 57
64 61
59 33
63 42
82 41
15 96
80 97
16 75
42 69
19 98
52 40
17 96
61 59
25 64
63 6
4 8
93 8
69 4
68 75
74 73
82 100
28 86
43 1
28 4
7 65
83 74
2 81
4 61
9 81
64 80
27 1
50 71
31 37
96 8
53 100
26 33
65 9
80 46
28 48
18 60
74 5
9 31
69 25
71 46
28 27
99 17
74 96
82 55
34 64
10 96
50 87
80 82
77 15
52 64
8 77
11 67
42 98
66 65
98 87
98 22
6 82
68 20
10 53
51 47
57 66
19 60
32 28
46 78
44 74
65 20
79 5
48 82
99 32
67 16
82 76
75 26
7 56
87 19
47 42
79 49
50 34
27 33
54 69
34 5
85 67
66 12
60 31
36 99
46 91
87 74
1 49
48 74
74 75
20 96
32 3
81 52
52 41
30 98
11 82
32 79
97 84
36 65
84 69
76 68
43 2
29 87
49 67
7 15
43 50
8 63
1 17
35 87
32 60
27 44
6 2
32 47
27 31
34 67
61 31
55 99
24 82
98 27
32 31
86 87
66 52
73 12
8 57
98 11
1 55
32 69
75 10
93 25
84 25
15 33
69 43
72 12
97 10
77 27
60 9
67 96
26 52
51 63
99 25
52 75
82 60
98 56
63 71
66 79
40 33
75 50
65 98
9 27
61 100
49 26
9 4
63 45
89 87
92 15
71 56
54 12
100 79
7 10
9 86
11 56
61 82
89 63
66 1
7 11
10 2
31 50
72 8
84 4
63 48
31 66
34 82
10 26
32 93
11 87
85 99
14 51
7 33
22 59
83 77
88 67
1 59
11 52
51 8
51 43
60 74
64 50
70 79
62 31
98 8
98 88
69 23
68 76
98 57
65 73
89 15
62 67
98 77
15 77
46 4
15 69
69 65
11 17
9 66
16 31
61 56
12 44
67 72
75 72
77 14
45 79
15 31
69 1
64 74
60 63
98 40
14 50
89 33
2 82
31 75
49 10
10 82
10 11
21 52
19 69
43 48
89 99
71 96
99 75
43 99
31 32
48 97
68 37
42 52
27 65
84 79
46 33
17 74
77 5
55 32
32 24
69 74
7 99
60 79
100 81
42 46
97 40
59 72
46 56
68 46
59 2
67 32
75 64
51 31
69 15
96 64
60 46
31 42
15 14
89 74
48 34
61 74
11 7
88 32
89 56
76 65
51 50
52 19
87 31
85 31
50 66
84 31
52 26
8 26
61 4
67 87
100 20
26 68
80 33
74 98
67 70
31 87
37 98
71 68
87 18
59 55
54 79
34 42
42 10
83 33
14 75
31 100
81 31
59 11
14 84
7 9
19 99
85 8
17 81
74 65
14 82
26 34
23 67
82 37
50 5
35 31
98 45
73 56
96 96
8 13
81 63
75 51
87 2
48 42
8 81
66 81
48 56
50 69
33 96
24 8
11 9
64 73
50 9
79 42
61 16
21 74
66 59
99 68
81 87
60 57
81 5
87 69
50 59
64 47
86 5
19 87
87 60
52 47
59 97
29 99
59 98
51 28
99 64
39 99
97 83
51 64
14 26
68 53
63 81
48 77
96 19
32 39
48 100
30 99
64 98
57 9
83 50
77 82
65 60
28 43
8 83
70 8
19 46
43 16
57 17
82 4
47 15
55 60
96 20
46 75
32 88
70 60
69 76
79 8
67 17
69 55
65 76
73 99
59 32
99 23
2 34
23 8
5 79
68 82
67 56
96 59
56 30
60 77
69 10
59 4
25 10
99 28
65 16
81 44
92 1
98 15
82 90
47 59
91 98
60 98
59 62
45 100
11 14
82 16
99 21
59 81
83 84
9 51
99 57
9 52
65 52
8 97
55 63
4 60
1 54
43 15
90 100
72 56
68 22
72 67
20 67
72 59
28 12
8 58
8 15
11 64
31 56
43 46
52 27
65 53
61 11
97 91
27 32
33 11
33 32
87 6
16 64
49 4
51 83
65 6
99 73
93 97
56 93
75 83
42 60
79 62
61 43
46 2
51 46
76 11
82 68
33 20
14 31
49 27
52 99
74 88
65 49
99 100
87 82
52 28
63 80
16 84
33 47
99 30
43 5
28 60
83 63
84 97
19 100
64 84
11 68
83 56
15 7
93 1
21 8
79 71
15 11
49 31
98 26
24 67
16 34
98 47
59 88
10 98
50 68
98 84
96 81
64 34
23 65
22 49
7 31
43 17
65 91
96 16
56 98
20 9
100 25
64 14
60 82
83 97
93 46
25 17
52 87
32 77
49 5
93 63
78 98
9 56
39 32
43 27
47 63
87 29
1 60
75 47
97 57
97 93
98 4
27 8
89 97
69 28
10 57
16 10
22 56
14 16
34 16
8 46
33 76
2 76
84 46
74 72
72 2
27 74
53 67
82 72
82 48
43 47
64 15
56 15
14 22
66 57
56 97
65 66
9 97
69 42
6 63
97 59
50 27
10 31
79 64
2 79
7 96
28 61
29 52
51 57
56 57
79 96
32 80
8 54
85 87
67 15
36 50
82 10
84 32
87 67
54 63
78 68
99 46
10 92
97 48
46 45
68 15
63 88
81 43
68 73
8 23
72 50
2 25
74 62
97 54
11 44
64 40
90 32
15 70
70 12
60 53
82 14
27 49
25 16
25 84
45 8
47 57
70 50
34 100
61 26
82 61
42 72
96 72
12 72
98 55
15 26
14 46
29 82
31 77
72 100
68 1
10 75
12 75
99 48
60 92
4 56
97 73
11 51
59 79
55 67
25 47
16 14
16 59
52 13
37 32
23 69
27 69
31 16
34 11
20 99
96 71
51 5
8 10
65 33
6 52
7 12
60 7
62 60
56 89
74 42
25 69
79 46
67 59
97 70
87 22
19 96
17 27
31 61
23 96
39 67
2 83
98 53
65 11
31 82
61 60
52 49
47 43
57 61
96 63
31 8
5 77
45 2
98 9
2 98
17 67
9 59
11 73
55 25
54 100
91 74
62 2
76 51
82 11
63 5
55 52
9 67
67 27
80 11
84 56
98 74
34 49
9 16
99 76
76 46
79 19
63 15
83 43
17 8
99 96
25 75
76 25
42 12
15 22
86 81
26 46
43 67
78 50
29 68
30 59
55 12
65 82
66 8
40 81
96 52
8 14
46 31
25 97
78 46
50 33
84 59
12 8
87 20
82 74
17 2
59 37
77 79
44 65
10 55
25 61
99 31
1 66
63 49
19 50
81 67
68 90
8 84
79 1
78 8
84 44
52 61
67 22
12 69
12 42
46 1
74 36
100 75
25 72
79 51
81 60
64 42
27 76
17 98
16 44
70 82
81 10
94 50
12 98
17 50
59 64
86 60
4 63
5 60
12 62
98 30
22 50
33 64
69 80
80 43
59 42
93 64
2 57
31 94
63 99
2 19
43 34
41 8
34 51
63 46
99 77
45 68
71 97
18 31
30 46
93 10
59 74
31 96
94 31
84 5
27 96
57 86
54 31
44 14
42 44
69 81
43 98
79 23
61 49
98 93
26 67
69 8
32 65
57 7
67 14
59 69
86 32
100 83
27 22
57 69
34 99
69 72
96 55
62 87
27 27
50 31
79 4
72 96
84 77
59 96
14 81
27 2
74 67
61 52
84 17
64 1
97 12
33 69
68 63
60 87
100 71
32 87
88 99
28 77
67 78
7 57
80 87
30 68
81 96
67 7
15 63
93 67
82 63
68 47
39 52
73 98
46 88
32 82
49 69
34 56
42 8
67 50
93 59
86 10
40 68
67 86
100 94
74 77
43 79
51 82
48 67
69 2
37 100
50 62
65 80
46 67
31 90
54 64
45 56
28 97
23 79
87 21
10 25
65 19
36 100
51 69
74 99
76 28
59 100
83 32
59 5
42 83
40 84
52 12
2 7
52 72
31 78
11 20
34 65
28 83
32 11
28 99
28 10
79 32
67 69
87 36
16 28
34 10
74 71
79 54
98 89
50 10
27 98
1 45
59 59
12 11
15 66
11 32
5 65
100 61
68 12
72 46
17 68
82 28
28 100
98 12
56 72
74 93
73 10
67 25
76 63
32 34
31 73
46 22
16 97
87 5
4 12
28 63
25 76
60 4
86 1
27 100
79 89
12 70
97 75
59 30
83 11
8 2
26 51
64 59
98 31
69 54
22 9
57 67
67 8
24 52
56 8
75 56
8 96
28 79
100 28
17 84
11 99
86 25
11 63
79 17
42 7
59 49
99 36
99 45
32 38
69 92
91 82
77 7
26 81
75 46
2 61
68 69
12 27
32 83
82 62
1 8
60 96
82 87
88 68
43 64
100 57
7 43
98 75
42 66
15 32
5 8
12 60
31 31
56 14
72 31
82 36
46 96
45 69
74 76
32 18
76 99
99 41
32 14
79 97
56 27
22 15
69 82
56 84
43 63
83 81
32 50
96 68
66 51
67 26
25 27
31 89
67 49
20 68
60 45
79 34
26 2
50 86
100 60
28 40
59 63
41 99
33 5
8 61
53 63
46 99
62 63
82 69
59 14
11 60
52 96
87 40
7 52
92 59
31 81
43 42
17 75
20 74
87 28
55 56
64 49
70 52
70 63
63 92
100 37
45 33
35 32
81 25
39 74
81 28
73 96
96 28
86 56
2 86
52 18
69 26
81 61
15 62
57 49
77 69
59 25
65 56
74 24
44 16
2 23
45 46
96 46
97 71
67 76
69 36
99 1
87 87
86 46
28 82
81 51
43 69
31 39
32 42
79 65
89 67
89 32
19 79
34 4
82 29
55 69
81 16
36 68
59 77
74 68
59 19
15 8
74 56
61 8
40 50
52 4
77 96
77 63
2 42
9 42
78 67
45 96
8 75
20 56
39 60
75 97
74 15
34 22
100 40
70 98
50 85
47 100
65 25
25 50
99 9
28 56
87 54
67 66
40 8
51 25
67 42
69 67
32 55
5 44
54 46
66 43
54 57
49 28
9 65
37 59
51 32
72 42
56 36
91 69
97 16
40 32
57 83
87 80
33 74
60 10
1 44
19 82
10 6
64 51
97 20
2 32
74 100
46 46
28 42
22 2
56 43
16 82
93 68
60 81
76 2
59 52
69 16
60 28
2 11
5 52
11 59
57 8
16 81
52 74
65 75
1 7
26 4
26 74
65 65
87 53
93 33
92 98
34 2
44 43
46 8
87 97
14 79
10 76
32 59
99 54
73 97
99 50
82 92
56 20
8 30
61 64
22 75
51 12
46 50
19 65
75 5
74 12
86 79
56 63
45 59
70 15
75 44
83 79
14 42
17 15
100 56
77 50
33 75
49 97
64 75
97 97
75 27
52 46
51 76
41 87
72 75
26 84
60 85
49 44
79 57
34 79
28 26
68 50
98 32
92 64
53 87
96 4
48 33
20 31
70 59
65 46
65 27
5 68
71 63
74 92
79 84
51 75
9 17
87 59
82 81
8 68
48 68
33 49
42 1
33 10
98 59
74 4
14 2
16 56
28 74
12 16
49 63
72 82
81 56
57 20
30 67
59 48
63 11
57 44
56 55
84 87
14 52
5 75
42 64
73 32
1 82
67 97
67 74
98 48
87 4
31 64
50 60
60 6
74 64
82 51
86 27
31 47
27 75
59 56
70 2
81 97
39 31
9 74
17 79
67 5
74 89
10 81
42 9
65 45
77 42
61 44
31 72
66 32
56 79
92 69
45 60
19 33
87 83
63 33
100 43
42 47
48 10
31 36
99 85
5 63
33 2
33 66
65 14
15 97
99 60
52 73
11 4
86 84
81 47
63 79
28 16
74 50
48 51
80 25
83 98
56 99
42 4
9 64
90 31
51 17
17 11
8 5
18 74
98 72
31 53
17 77
96 69
63 100
79 70
74 44
86 96
77 75
23 46
63 59
22 100
66 96
31 99
12 81
25 98
22 67
65 64
33 51
50 57
52 21
60 32
99 44
77 49
7 46
8 22
76 52
51 4
59 9
81 9
66 82
60 48
2 70
69 31
63 62
77 57
63 87
42 73
82 70
50 94
43 59
49 68
71 10
76 44
52 93
99 67
28 28
57 73
8 78
31 3
89 82
57 93
67 63
24 31
53 8
12 99
15 25
17 51
15 4
96 36
40 63
52 76
12 9
56 92
64 26
92 79
98 1
19 59
28 57
14 28
33 93
99 65
27 25
34 83
60 89
70 65
65 59
86 65
81 14
22 8
62 50
33 67
9 5
60 19
44 51
47 34
80 69
21 68
52 3
14 64
94 52
8 86
69 59
100 67
61 97
44 84
68 70
59 16
68 4
87 79
5 64
87 41
56 82
31 24
11 31
44 67
99 92
28 2
59 7
31 17
48 96
82 21
15 16
87 92
82 23
26 32
81 64
57 62
65 43
48 60
10 14
31 97
73 69
49 64
1 25
67 53
79 66
8 88
64 56
55 2
75 75
80 32
31 49
95 8
44 75
65 77
59 45
14 77
72 15
80 12
19 68
12 46
100 44
43 51
100 10
15 56
57 50
50 45
42 43
37 67
55 42
64 43
52 23
75 99
57 10
68 71
100 87
97 2
61 96
80 67
92 52
11 46
9 49
48 15
98 54
77 4
17 10
48 9
19 97
23 10
73 42
46 20
8 92
99 10
99 11
12 20
15 2
44 52
97 89
100 74
49 48
87 12
60 1
7 60
100 32
57 4
20 60
15 99
33 43
22 96
36 10
22 65
43 22
23 56
8 98
4 49
82 33
75 1
4 25
22 99
51 74
57 48
79 28
72 11
12 74
20 15
86 97
12 7
49 52
15 93
75 65
97 46
25 5
63 56
4 75
77 1
50 42
98 81
12 93
67 91
79 33
46 87
46 92
46 7
74 18
61 69
98 46
10 37
60 100
26 79
98 19
99 83
100 8
8 95
84 26
34 31
56 52
2 56
74 80
15 86
82 57
63 61
64 97
88 46
5 61
28 44
56 31
53 98
44 46
69 7
81 100
73 67
86 34
48 81
96 30
65 8
5 74
5 9
90 52
84 34
79 48
89 98
24 60
5 46
87 39
97 32
46 71
40 60
98 36
100 1
44 59
51 40
96 2
56 91
20 33
56 45
77 83
65 87
48 99
40 2
81 48
79 56
6 98
79 14
50 16
57 14
32 49
33 25
56 75
80 57
79 47
46 66
32 74
51 61
58 52
79 31
32 72
45 50
36 8
68 24
43 76
