254163408
257614926
89811058
109374931
134337944
214569945
254916914
124156674
35886474
8965958
255003576
215802380
143851579
250400128
163868530
214747460
246075858
35886474
222037780
118896147
193716700
109424441
182720353
250054530
152473512
239958720
140802642
143533103
258199070
99926367
261384460
256811070
182415836
196432670
176789251
81900213
181623148
71152701
39614448
195635938
232591680
224439364
211597005
115931363
162572895
265930038
116427850
97657333
248467140
265646034
57069318
248932620
240545754
197619155
190204245
260412548
87449571
179460174
224989863
132876720
135164694
264811038
169695765
63293753
190204245
56236269
104403467
89301265
217693206
257323938
22454019
79226213
101935470
262204998
213603460
248467140
128174782
50937776
178914174
123885798
150338538
170181765
160093214
97868493
8965958
242337234
185047850
215303346
243728348
255642918
155066214
209277520
232665350
251869086
135029471
154237214
248894178
250769592
102951367
196853972
53481776
126812772
50937776
140278642
179460174
255642918
258677946
137938052
46368816
197138155
257864568
258691050
242850846
248714178
198060489
260981962
85800084
241606822
163868530
39614448
254916914
255923922
2255630
29077984
266176034
239316837
73792675
255642918
250596094
239299720
130148890
43759311
143851579
258547568
134337944
86032231
15701556
165246330
135558181
29265987
146201106
122409798
80147213
29985483
50047776
26304487
243668970
220594370
252543580
45947883
180312661
214188829
155707214
121669311
249845015
260523970
35384121
164477047
261647046
110263931
81900213
257742428
263281014
251487396
110263931
186371305
110263931
145057590
121669311
132637944
229678356
212750490
254119584
239022837
24557013
255923922
160723214
260960982
239316837
35384121
173216666
233935680
166266330
255205914
196138938
136262181
257376942
251970410
183020353
263803512
261790476
260485046
93160545
137938052
200043489
166451817
98452333
263772018
146201106
260523970
106977954
52599776
177128768
258829054
250812128
150338538
256973938
257376942
258113930
257484926
102951367
89909058
210026732
201856095
136964181
239790834
224666863
258730560
78195162
231247680
147745077
257748564
108607931
219480370
255784420
248421372
165450330
224065863
264377046
261666468
254286078
253709580
65037240
186094820
263285046
148236077
260758456
106056404
147705633
251730895
203287968
224469362
147745077
254006408
161129408
174814713
167857304
202316580
175084217
44570297
97868493
246075858
141488642
19778552
239299720
230918680
66260255
254286078
124156674
103730367
201856095
148850160
202316580
200256489
126228285
255784420
247203140
225312863
6980958
118418337
41857311
203173116
237889174
239790834
19778552
246075858
242983234
7170117
162008462
215802380
260523970
251661898
175037713
264979536
148191160
116918850
76711227
156707973
130148890
251551410
215802380
45947883
243519668
6980958
170272252
251661898
249408008
237827839
181246285
209277520
249632015
243668970
258691050
24406019
238509174
109374931
50937776
259864548
205756357
264718524
77551720
68500214
254916914
138361668
257323938
39997175
240053336
153767512
224469362
173346226
45947883
86852748
244376854
243728348
243728348
131942944
264266520
174732217
214868945
264377046
121972674
89811058
224020863
239526332
125314255
64394255
77551720
253803086
134455207
167857304
245307140
63293753
209154234
162008462
228658857
257329432
239958720
101147470
262656
256811070
266176034
265152042
165878598
222848214
188217387
256846428
71551241
253962584
222474214
25476500
6195117
243342348
130852417
116804566
257278942
250043015
227967859
257430938
173216666
251015645
188739904
260909460
225189362
222100867
166266330
133029720
95849333
248001870
238588837
228221688
258691050
138784052
13980091
41490935
38172648
56236269
57954805
262126492
196432670
197619155
148850160
201666095
264811038
40949175
264586034
178366687
4986958
244443838
256915942
147705633
117549093
169693115
211906230
231670851
201685116
46043883
236553174
226099194
113808039
126957772
76711227
181623148
213479829
250596620
257748564
245850356
244950272
68500214
143533103
226099194
265152042
173126226
217608380
135029471
180003661
82478136
197083972
126812772
81642136
228221688
246571140
139057668
231919680
262656
196918155
108650441
28328500
244314272
257484926
61606753
148369077
260523970
126601782
239299720
190455245
61541753
251487396
97868493
244950970
206488357
212467230
171419739
168453791
238952837
224469362
9117117
173797183
257104436
212041230
195635938
65037240
140802642
265098042
158000214
227633859
151824025
262046488
253803086
222495867
250344102
246122862
81730136
239790834
262046488
261666468
238509174
111664458
217212380
121669311
259575954
239632833
39614448
12044604
258741054
224038194
265930038
110195928
60856269
257323938
253803086
266176034
126812772
63293753
50937776
226786194
181096319
205756357
238041686
260412548
39086175
178914174
253847408
224372865
18569019
27388500
265528544
200043489
236198841
242337234
224560863
161325408
27250487
250947102
178805768
147570077
251015645
135029471
67637727
185572335
187650790
187650790
151824025
203173116
174732217
160723214
168244791
194368938
115926566
264309010
215401863
227268360
260412548
102284367
251827645
261732468
222100867
190197760
167857304
230343354
169909765
145533579
172418666
179913768
263803512
124881201
262739046
263281014
215802380
153592687
47265283
263801014
168889115
244314272
142853616
173126226
217212380
188926275
255784420
5211117
59920269
204243065
256991934
254470910
163660013
254470910
256159576
146866633
247835140
234564344
110195928
215303346
162428979
239958720
187650790
5221117
148850160
82820213
170181765
153767512
218362885
257211930
136262181
261341978
258741054
219480370
263803512
88486748
48159776
168453791
110263931
115801363
212750490
161129408
163611869
240545754
243519668
241417856
248421372
244309970
71551241
101147470
39997175
245283858
260485046
85800084
61606753
185851820
176937200
55299269
254916914
258915552
130852417
259575954
259291560
108650441
246122862
253803086
243197850
5221117
209001283
258730560
257857062
4233117
1995958
185096353
251827645
244950272
25502500
263803512
231670851
217608380
7163117
107838404
238509174
188739904
213436761
121669311
162846013
224439364
175037713
141664052
250420596
25476500
120368674
153767512
169808278
245283858
174156700
167857304
165043356
147708077
220641780
114560039
24406019
89091058
29265987
259316548
264022536
136566998
178595687
205304357
240770856
224000696
255665070
176711200
257353424
257278942
46091883
103730367
249845015
245850356
249845015
57954805
140967642
87574748
170285632
10905010
136566998
207220357
93160545
207220357
99926367
214188829
136262181
241208838
20502019
226915360
6980958
251037985
222100867
178366687
243911352
47265283
3243630
261732468
250716600
243911352
75869227
58048269
7163117
239790834
165083047
263772018
22454019
13822010
212891728
140802642
152946687
224560863
138361668
170020278
238557174
82820213
170232278
265116034
10905010
229678356
212891728
260397978
224389863
238631835
255642918
212041230
262708998
142507052
250947102
260555046
262101990
50937776
186094820
265098042
170551765
262204998
224343863
166451817
263745520
181246285
243027970
234580676
180695768
168889115
245307140
242602344
20733552
8141117
201685116
258855448
92350545
245939140
139465052
65037240
224106362
250043015
236198841
135029471
163611869
147705633
18840552
264856038
243519668
29077984
210460230
136262181
194211185
27250487
261647994
254865078
199522640
240253237
178366687
119770147
5983958
11860010
226915360
238952837
19778552
135878471
261491970
239367835
101935470
145533579
20733552
5216117
258829054
199317640
176222734
21478019
258730560
148849564
256811070
212041230
250064596
92640816
240545754
191040904
180003661
227183190
245939140
185572335
196639938
2992958
218395206
214747460
218395206
254145078
4233117
202130095
142853616
8965958
194703670
70294701
222474214
36340121
242602344
224666863
251411898
10905010
165858330
94462032
258526062
167488598
258855448
257742428
234917344
93762545
168838791
165655843
129856746
254865078
264316512
81068213
251661898
256935070
63528762
219559346
133029720
257638440
193606938
231670851
116918850
46187883
241042822
178248768
248714178
223590700
254145078
162846013
258113930
106977954
250064596
230929182
135029471
253421078
115801363
259240050
126957772
97657333
84972597
211906230
160093214
258940950
157363214
13822010
155239999
251416955
162428979
250064596
260758456
6195117
261598966
41857311
240545754
224106362
165858330
185047850
256294074
239790834
4986958
141664052
190455245
109374931
44570297
227164692
224054865
107838404
27250487
258650556
45947883
165878598
206051065
147745077
250716600
156535214
129593836
225189362
214595346
229338356
43759311
249240876
103730367
193097938
245939140
245061706
260397978
214868945
244376854
211597005
224725194
161583945
237827839
74258734
117050850
147745077
116061363
251908396
243584850
218785206
231247680
261732468
257864568
81730136
184564353
67980748
245307140
257963062
264829512
225412194
187650790
174814713
18840552
125314255
179360768
166266330
260091970
100357470
185096353
211597005
223959198
30170987
5221117
258526062
39614448
231247680
196432670
260960982
257864568
117549093
8965958
261375970
108607931
101935470
258142050
204871065
244950970
257484926
171250149
263772018
131942944
249069310
258142050
250947102
227633859
238631835
156707973
260485046
171419739
155066214
135164694
190273904
222181867
37257121
243197850
224439364
227164692
74258734
190455245
126601782
208398035
255003576
201200610
255581576
147745077
265198528
258741054
241325822
11860010
93865545
265198528
146232077
242064856
75186734
148369077
2992958
256650436
25502500
248932620
254163408
39086175
98452333
46139883
