100 200 50
97 204217255 1
46 59228425 554810554
54 201129243 1
68 196119996 1
43 691688048 22679634
47 218616496 993896720
80 167727400 1
89 514498126 935724455
74 782719522 861551583
62 725773578 1
16 162450027 325363183
32 507675349 1
20 96968106 1
80 308470492 1
92 811649350 668432388
27 170118888 48429288
12 831929658 1
15 11169900 1
39 576868586 679165943
23 941235746 778958493
43 187967408 533310745
39 631740354 168306955
14 214773896 1
58 843964199 1
55 992993228 1
75 348462621 1
56 632257164 519001093
58 968972724 1
24 24380496 830646669
80 280436051 665056908
18 870871748 157866840
92 369326233 1
44 142123762 1
8 638356641 1
79 396986090 1
71 257885736 1
29 478451062 1
88 307245683 1
37 571299285 760099771
8 906018672 8576982
52 769602391 657038916
18 130234674 927594615
18 868763673 1
89 875140091 696515682
25 96789095 148219526
56 994083501 697842830
20 548243691 367038920
78 133663774 339378234
55 604072727 1
51 173166561 584918175
79 952511123 1
65 373223168 1
15 407250788 1
68 972071992 1
36 470637029 588885124
32 521904698 1
28 149963866 1
1 117519029 900524638
77 519111431 690853707
20 268808483 1
52 800990910 1
67 356194527 1
41 531043448 570716823
64 169135529 1
62 277550970 1
9 544960184 775796792
87 420961795 51574200
81 644163116 1
35 834432341 1
62 948394889 1
22 900157907 1
23 497334275 1
11 625566386 1
91 386722285 909679273
3 901132717 1
41 261840396 840982372
18 839956227 853563145
75 26314216 1
89 245709564 1
47 844604263 369895064
5 143345986 1
30 769200613 1
15 330396840 19956890
72 884202748 1
68 716413392 1
51 271960856 1
38 966166669 691459468
97 226803525 1
96 674621837 1
47 150980834 1
53 124311606 607467945
84 25461820 1
4 609482789 1
44 83025275 23733636
13 419170098 504215992
45 94857761 170462038
35 982383499 1
25 332806318 573287668
53 493725144 1
44 358304513 50726654
84 714556096 1
54 774525719 1
5 964556008 1
98 120687116 1
49 368801073 925507556
87 336040695 1
50 402765316 1
39 146204296 561955802
59 265013065 1
44 661037679 991648226
73 284395091 497750143
52 396211769 1
36 952180830 1
52 947399867 1
71 415921453 653685556
32 348723272 1
61 344976347 1
89 798490627 1
62 973670588 1
59 379262997 125087725
26 185363450 375787242
36 464979529 1
36 516466011 1
9 129845098 1
11 902282482 1
50 738500961 40645150
22 171278624 594892701
57 375165890 1
34 774014301 261844924
47 261550291 875189439
71 694539269 640952675
51 979454413 941487656
29 224698588 263925953
8 854152918 733081015
31 441604685 916457458
84 291775123 1
45 600189477 718236260
25 734149394 1
90 312528907 315416664
29 353880223 1
64 39933752 987749772
48 663664397 337699001
34 850233446 1
44 837792488 1
47 267284231 57791608
34 988212891 1
38 424471252 246103028
32 637243030 220934979
24 250393804 1
10 63912743 1
93 723468928 315451302
49 899239376 541982777
61 842113825 1
44 265147124 886897420
100 384664853 1
18 217777543 1
37 848768634 1
21 907212260 1
21 605076887 879054032
14 800935404 1
16 762306341 1
2 248125920 221816275
52 574041151 953278530
66 413247153 1
66 297159579 1
96 499660118 73818594
98 530229255 376789782
51 932986690 1
15 265540605 856947764
6 749849781 12429697
20 430806238 1
16 447261319 841148675
53 44118628 1
51 809553402 1
84 478511392 261698797
81 527935112 287974814
50 251276154 869256462
4 496044322 1
33 395445106 1
90 172957844 786967141
74 8576178 886614538
30 745207205 1
47 567722339 1
5 210415381 904354259
50 995278025 576272264
98 904661430 1
95 19980615 305977832
37 321602281 908589318
30 567287789 1
65 413528160 435180046
87 414691920 836311407
12 296024337 724928599
86 639148745 1
32 809113511 1
43 702188409 484202365
23 507605768 1
9 936881928 459905397
42 453728404 928200621
47 701342051 579552937
89 988375556 1
1 29
2 30
3 32
4 36
5 37
6 39
7 40
8 42
9 44
10 46
11 48
12 49
13 52
14 56
15 57
17 58
18 61
19 62
21 64
22 65
23 66
24 67
26 68
27 69
28 70
30 71
32 74
34 75
35 76
37 77
38 78
40 79
41 81
44 82
45 84
46 85
47 86
48 87
49 88
50 89
51 90
52 91
55 93
57 94
60 95
63 96
69 97
73 98
76 99
79 100

