200 2505603
2592183 3123096
1627593 374514
2496834 909867
3427236 1037961
1603839 2106558
3578418 918525
3377730 2622486
219780 3313017
2835051 321234
3487287 974136
498168 1432344
1974468 1990674
3342654 3413361
1263735 121656
1484070 1659894
516816 3361968
2101785 173160
444444 3552000
229881 836385
3212673 808635
645909 2332332
3035628 1962702
3225771 1539237
758907 1300920
522699 2976354
1172826 1011099
1781328 39405
898767 3247749
1206237 2702295
1970916 2119101
2899098 2683980
759240 2079807
2099676 1675878
1906869 100566
2407479 903540
3289263 1744365
1356531 1237095
1667442 1247973
2195247 3052833
1418025 3011652
2430345 504717
3264399 45954
2439225 3053277
2677542 1329891
2892993 2528469
331113 1803972
1562325 2231211
3358194 1501719
1893882 890220
1607835 279165
282273 692862
3128646 1899543
799089 1315128
323676 1218891
2478519 1886001
1924518 2776998
648573 1907979
2229213 892662
1964811 1246974
928515 2304582
67488 1123653
3161502 3268839
2450991 2582970
368520 2154177
906315 736929
3437448 3094125
1587633 354645
1406814 806304
3425016 173493
877122 341991
925962 604173
1210122 43734
1930512 388389
2468862 2387055
1783215 510378
3023196 2805636
2693637 2744142
115995 2991228
1562769 2951601
1236096 2404149
2309910 2886333
1397490 3573645
1440447 607059
3278607 3111441
2887776 1443000
2586411 379842
3594513 2341101
1048173 3010764
2231433 2447217
2133864 3023973
1614828 27528
988011 944277
2663445 3121209
57831 744699
464979 3117657
61716 2096346
2116548 483849
1424019 41958
527250 2736816
2191473 390609
229104 229992
2095569 2754132
287379 3524250
2416359 3168495
1257297 2423241
397269 957264
3112107 3187809
603174 3583635
2893770 373404
1961148 3236205
2657340 3430344
1062714 2552889
89244 3611163
3202017 1394160
1466754 1324674
1708956 245865
241536 1302141
709179 1271061
926184 1149627
1859472 759240
2465199 679653
1092795 1274391
2585523 3037515
3215670 878676
2778108 2280273
2186145 2282826
2660004 1169496
385947 2936394
3379062 2912973
164502 1635474
1535352 2431011
961704 845265
556665 902319
754800 307692
2815737 56055
2401152 1140414
2151291 3604059
1802307 1447218
1914861 465312
2102451 2647905
1823730 822399
1753245 272394
562548 1458096
657120 249972
1064379 2332998
1316904 1704405
3579195 1773225
1922076 1834497
2557218 1297479
1945386 262626
1555998 2013096
2632254 234987
362415 1784436
1130646 2243643
1275168 565878
656454 2001441
3288708 1278942
2705514 2889108
2024307 2712840
69375 248640
523698 927294
2138304 2198577
1464756 2911086
2129202 699744
464979 3504603
1380063 1193583
1953822 2084358
347652 2718501
896880 2744697
2343210 453768
2773668 1727271
1475301 801309
3270171 404262
834942 926961
87801 281496
3294369 2890662
1974468 138861
2768118 3374622
1902762 2698521
1964145 41847
3164277 15429
817737 2817402
3473745 3176487
3458760 194916
391608 1846929
2453544 3438114
3175266 2906091
2723385 2387277
1616382 976911
230658 3025305
639471 991785
3296478 2337438
2110776 160395
731490 1511043
2624262 2194803
1012320 302142
1466976 257964
3040734 872349
237984 1489509
894660 294705
