1500 3000
1 2 222575410
2 3 701398181
1 4 861489684
1 5 722370914
4 6 162895106
4 7 529392002
6 8 466628093
3 9 8080207
1 10 512569288
3 11 195115298
5 12 888279902
9 13 13998970
13 14 204971266
13 15 181293258
7 16 509487498
3 17 939078297
15 18 231615875
14 19 173154499
19 20 367323008
5 21 729793977
14 22 13775160
17 23 738363890
2 24 166898602
13 25 451160832
18 26 42829512
18 27 14577207
10 28 771973060
16 29 248019631
2 30 200179390
22 31 455616527
9 32 413279472
13 33 25971505
4 34 356899578
12 35 282376759
2 36 760324028
20 37 238238945
26 38 965425991
17 39 321189390
11 40 603672818
35 41 9299081
17 42 109338905
39 43 205969888
22 44 139752297
9 45 55736630
22 46 255665702
12 47 651671252
20 48 472132664
34 49 181608183
34 50 714469294
44 51 504353880
17 52 350701835
8 53 196125215
44 54 36574005
31 55 104969761
53 56 581206063
41 57 574674284
3 58 109726012
12 59 62621680
13 60 8584114
48 61 184795033
30 62 381761453
46 63 376598720
35 64 860379331
1 65 388020865
30 66 351837501
12 67 310399115
28 68 433142626
42 69 651547237
48 70 535296206
11 71 914336959
9 72 15775626
18 73 438964724
19 74 73788822
57 75 863662419
15 76 525301444
48 77 229091875
13 78 701959439
38 79 704618301
48 80 87950732
67 81 157710711
11 82 649099379
56 83 196336093
1 84 285833258
2 85 871644252
78 86 738987176
5 87 52531814
36 88 872409750
40 89 365321919
68 90 309745860
37 91 398308692
38 92 667658745
51 93 738471640
2 94 184857466
10 95 283589238
52 96 18110372
75 97 231339715
9 98 181188934
9 99 903597677
64 100 909289401
6 101 726325939
13 102 856002609
49 103 635893594
98 104 230518624
87 105 266014380
87 106 990215252
94 107 342471499
35 108 662309733
2 109 31940129
66 110 739831738
4 111 421704436
55 112 890420752
34 113 635526567
101 114 504346776
52 115 438309523
99 116 799243851
49 117 381191772
91 118 746393003
55 119 175219293
94 120 503572798
16 121 107958543
33 122 628545871
27 123 498394304
83 124 326844027
119 125 797388148
26 126 404646155
36 127 600212421
41 128 39469787
70 129 589258571
64 130 621706479
43 131 158361636
36 132 851777619
44 133 700451631
99 134 132693008
10 135 521866993
123 136 695337003
42 137 70486092
69 138 834765870
30 139 399311239
17 140 337596998
137 141 340950012
74 142 860481488
56 143 957489918
21 144 438084854
20 145 111194645
118 146 123616393
63 147 442537625
42 148 993993814
64 149 778741885
131 150 549516376
118 151 187561070
37 152 980393340
120 153 621837334
76 154 564646235
48 155 72030936
140 156 236159829
12 157 588466347
56 158 191699593
10 159 462584435
96 160 558792289
88 161 469008276
37 162 2621980
101 163 117944919
60 164 965842837
59 165 91673786
1 166 15546402
48 167 88368865
102 168 304313977
153 169 91959670
149 170 525431496
13 171 267392192
15 172 170293158
4 173 668888701
54 174 728501047
130 175 112825381
67 176 821113551
131 177 725536035
37 178 671992579
13 179 562775680
67 180 52872371
1 181 360704924
157 182 21322187
16 183 879711506
153 184 679367132
121 185 100320070
181 186 890744364
58 187 425017895
122 188 538146727
40 189 223914910
14 190 946542826
99 191 133903251
28 192 535068270
154 193 23895639
177 194 34562684
87 195 74445297
21 196 12135863
25 197 103986621
11 198 237441258
195 199 443602464
50 200 356385449
63 201 438349860
94 202 477187809
33 203 37079703
199 204 428310691
92 205 252598893
18 206 1908177
45 207 444466903
70 208 109838
158 209 284554388
129 210 852512632
191 211 168913240
158 212 98926991
34 213 99585727
113 214 286059799
13 215 738639806
124 216 509251520
212 217 267963344
126 218 179710233
95 219 820873733
199 220 782877587
24 221 984294925
204 222 978271634
70 223 676551206
115 224 17692022
49 225 435577591
125 226 128302959
81 227 900241094
129 228 122769126
206 229 234906684
8 230 794690186
29 231 950150793
67 232 288974243
35 233 122571617
158 234 62856569
75 235 15884504
64 236 121393623
116 237 153157111
10 238 426155470
220 239 330016929
59 240 437260887
102 241 354687775
132 242 970313999
112 243 869561260
129 244 89878984
156 245 708075631
182 246 65753928
65 247 319673337
121 248 538685550
177 249 44466743
205 250 614231214
82 251 223117953
36 252 229983793
248 253 660039736
199 254 534806196
111 255 61668860
65 256 819919289
101 257 128411069
68 258 569762217
206 259 156994530
195 260 142658932
45 261 76920071
139 262 803473188
124 263 596698380
126 264 108524815
97 265 201456525
164 266 445588002
114 267 515067909
260 268 32760890
6 269 649459982
29 270 607535158
263 271 706142667
220 272 938166331
191 273 729584227
256 274 783474204
137 275 628706870
228 276 849816234
229 277 740704026
243 278 49863323
217 279 534247331
107 280 465764010
111 281 517822755
169 282 443305640
136 283 810115421
132 284 356554151
32 285 919236111
60 286 396956443
53 287 208241657
194 288 666668235
211 289 63834629
68 290 712776873
122 291 977121545
71 292 674358206
36 293 667163022
208 294 789785151
256 295 115606134
285 296 312588988
274 297 938120754
155 298 170576204
25 299 131075528
179 300 254168043
275 301 250320202
6 302 4165925
98 303 90220154
128 304 792664265
218 305 112751252
262 306 929715710
282 307 640922398
62 308 204769834
225 309 297797543
218 310 91919429
302 311 849101010
229 312 811840755
244 313 643959893
124 314 509336156
225 315 542956950
266 316 819442547
313 317 558259218
24 318 306623183
199 319 602567527
29 320 612542422
300 321 111366481
95 322 716696753
179 323 286551648
108 324 415211361
205 325 75970607
217 326 671212654
122 327 339478087
317 328 891641776
225 329 475435850
96 330 656675848
313 331 832515403
169 332 230418015
67 333 515557948
3 334 678911776
182 335 889602721
104 336 771781433
201 337 529316551
105 338 346006782
134 339 743264383
25 340 132110482
100 341 30263621
68 342 273044577
256 343 680647385
326 344 142695771
71 345 134580267
334 346 383262562
13 347 983417565
225 348 57863026
193 349 279776660
204 350 10133075
46 351 655383412
77 352 585380021
53 353 859426040
269 354 398444558
12 355 803674960
263 356 840396736
88 357 340991017
42 358 195164261
231 359 918205658
218 360 465006664
11 361 674010415
178 362 116806980
192 363 374859502
149 364 694113462
116 365 626780714
199 366 689167047
237 367 96762396
201 368 640468793
37 369 170965186
311 370 871756801
152 371 483114572
21 372 863937682
144 373 63684006
332 374 683228020
92 375 211267015
285 376 767247998
5 377 290797536
164 378 908890626
218 379 466565455
353 380 895802372
99 381 535612472
372 382 934852326
6 383 865677014
194 384 24861257
266 385 24314264
49 386 66449241
183 387 120897047
108 388 397138867
87 389 333762793
190 390 323975987
304 391 193368363
116 392 592314414
203 393 87163991
202 394 381349483
183 395 249558132
1 396 80957317
252 397 85473651
34 398 475083283
84 399 173533219
21 400 83014491
340 401 153175072
200 402 728025997
288 403 364106358
224 404 354648602
366 405 104928772
357 406 39787585
4 407 281034001
53 408 21915053
185 409 899587518
53 410 875535530
187 411 360698850
405 412 712231854
150 413 406921800
361 414 546760551
30 415 115050528
311 416 711937180
44 417 542298561
193 418 491316859
185 419 487826498
300 420 954871286
23 421 169405155
354 422 422119548
203 423 424757194
164 424 451512314
291 425 153248285
285 426 811033242
49 427 956990785
91 428 639091111
300 429 284095668
161 430 939744795
410 431 696029526
265 432 617813657
269 433 303695338
53 434 431912232
181 435 654156364
360 436 437220754
161 437 473167829
138 438 399757162
61 439 389773917
70 440 898095053
204 441 413996393
120 442 190360871
95 443 792008513
422 444 976429269
92 445 569689094
14 446 282504531
19 447 760304385
198 448 908099045
248 449 254370086
392 450 705577871
35 451 35574547
196 452 693952947
117 453 76488756
417 454 144296569
112 455 121904843
15 456 155297063
338 457 885106736
385 458 369689183
332 459 695907910
199 460 928301808
16 461 499791601
179 462 188894589
39 463 563522441
462 464 511778001
44 465 573851956
137 466 173761199
358 467 619707058
348 468 120835856
319 469 516185376
137 470 486675937
390 471 944745382
332 472 634544741
169 473 389670985
69 474 522605191
147 475 10324291
300 476 367178815
423 477 453825873
423 478 382528752
100 479 742179392
158 480 17014951
217 481 940947175
476 482 222589101
458 483 931502818
93 484 612075496
176 485 706192142
388 486 976697271
135 487 779031414
358 488 120662984
116 489 196716443
161 490 235924767
238 491 725741991
104 492 631523162
313 493 145600259
396 494 912674464
249 495 637021312
174 496 211210488
415 497 817198710
462 498 500796404
35 499 689744819
10 500 217441811
295 501 320345668
265 502 308139047
190 503 309890011
416 504 466566286
494 505 909768989
348 506 196826867
417 507 737332673
252 508 15103659
463 509 444126467
420 510 927857543
203 511 268476072
162 512 414199757
115 513 460815971
50 514 900988899
52 515 806225880
391 516 409547975
391 517 587727190
115 518 653589776
294 519 297506211
482 520 637953445
22 521 490696029
350 522 790954923
440 523 655615931
489 524 198359560
360 525 934504776
181 526 673859720
72 527 524555147
443 528 777984694
148 529 708309121
414 530 842536710
283 531 800312037
282 532 154324697
352 533 367932288
123 534 232544702
16 535 751564359
59 536 43370059
206 537 923625280
397 538 358280443
377 539 868254698
270 540 605327921
498 541 116332407
239 542 781641063
463 543 676872526
299 544 768661707
56 545 428684582
325 546 94133989
40 547 561988930
69 548 507862388
74 549 188653676
541 550 16469559
59 551 571483035
212 552 368499860
391 553 827304457
247 554 696878120
17 555 847747487
420 556 685499810
90 557 738535900
193 558 117391640
327 559 611305533
471 560 443321267
264 561 72758409
461 562 370892043
430 563 585023106
212 564 96201959
351 565 397129491
241 566 969175746
404 567 273300527
284 568 41920001
567 569 760811360
231 570 631888666
389 571 639170431
521 572 617226907
506 573 32122677
119 574 867436942
219 575 893688357
44 576 512584365
360 577 94026176
255 578 897459486
322 579 469440059
281 580 24152535
360 581 57246462
382 582 68612978
446 583 127086452
238 584 781760769
31 585 748292237
437 586 883390427
141 587 588454877
390 588 791918688
13 589 466740495
426 590 897220620
429 591 749786491
420 592 227513641
152 593 300872626
588 594 235231882
41 595 24846647
66 596 985768611
455 597 124192117
297 598 528796304
250 599 985145426
47 600 33251796
140 601 310182536
74 602 88066666
494 603 106213447
192 604 9000195
294 605 942422075
150 606 595917899
373 607 521394270
201 608 340216129
396 609 56523527
547 610 803146315
427 611 545394809
101 612 783344851
114 613 247666385
425 614 705624809
588 615 31466128
376 616 363231518
441 617 329109990
156 618 581210904
604 619 301548710
445 620 67762050
2 621 710441440
471 622 380204760
431 623 337551494
354 624 369159669
319 625 386300700
549 626 712800019
316 627 366136366
547 628 906250091
465 629 36766651
181 630 609296667
245 631 40048756
628 632 375567704
403 633 711962595
205 634 176453081
390 635 119499505
480 636 116961358
193 637 260514024
102 638 887528781
540 639 67805589
94 640 87713151
141 641 21147014
12 642 876057927
526 643 550690641
332 644 596080102
235 645 307061059
618 646 372014872
287 647 129057286
510 648 900317717
363 649 470092857
443 650 258310286
643 651 356526214
273 652 449698952
650 653 888327855
103 654 612940425
415 655 3663700
460 656 91775522
114 657 577939708
484 658 364136975
511 659 869228521
450 660 585497291
440 661 682899283
57 662 335639812
129 663 451775000
296 664 627732854
381 665 511914852
347 666 933427682
475 667 751010039
201 668 464332053
450 669 866236958
23 670 52910092
649 671 994681771
132 672 603816948
592 673 136724699
86 674 124513803
365 675 54414842
338 676 515211257
416 677 501531695
290 678 369883390
272 679 812461311
494 680 129221734
342 681 162223344
250 682 330994564
138 683 835986802
536 684 237674278
185 685 272006926
415 686 775204465
503 687 871152291
295 688 60533236
381 689 60839543
546 690 120978613
92 691 413530367
545 692 947796477
534 693 729179139
606 694 417611129
1 695 813686707
660 696 456620453
486 697 460882839
682 698 877355729
15 699 95017000
514 700 15881017
343 701 624280491
372 702 824596641
269 703 76766579
190 704 164212175
68 705 190534214
471 706 203412405
188 707 751320196
515 708 234689812
181 709 651694391
124 710 654025221
52 711 26095739
378 712 504421385
80 713 692262985
531 714 590584834
149 715 289888604
37 716 664856031
25 717 670893060
174 718 56024408
128 719 4387869
595 720 525465669
136 721 841737803
456 722 257983970
464 723 167100497
360 724 696926449
481 725 660012989
4 726 878264752
115 727 133576416
118 728 336919720
334 729 842840547
83 730 611933201
358 731 255119108
289 732 55000482
460 733 975132764
597 734 608654290
312 735 981036753
479 736 698261390
50 737 828534521
327 738 688722683
10 739 218271235
635 740 375572953
262 741 593177922
375 742 715241064
615 743 236102127
336 744 766152479
542 745 205762525
732 746 595081389
659 747 494556228
518 748 37805489
170 749 327684880
743 750 44702635
709 751 283900764
70 752 604472299
604 753 768278982
573 754 438676448
305 755 523701385
357 756 461192288
351 757 783297777
539 758 603977313
348 759 684495607
374 760 247769870
653 761 297413557
418 762 435205929
196 763 969742406
12 764 207220558
191 765 330438257
262 766 283074257
750 767 952759294
93 768 387382225
241 769 355633256
666 770 681143991
34 771 899218226
523 772 111295826
549 773 676681814
474 774 710848771
35 775 783765936
552 776 89395654
497 777 381687524
465 778 281557663
507 779 26163083
252 780 74779115
695 781 327647694
24 782 419717534
738 783 501808928
373 784 734371127
119 785 987012180
603 786 550019831
207 787 59194667
122 788 599839708
534 789 217733337
735 790 925055856
304 791 779651158
49 792 444793897
161 793 260451672
63 794 839578718
580 795 831952635
645 796 154906212
328 797 551520304
581 798 655324260
634 799 384207742
378 800 43676910
280 801 224409865
518 802 468312307
167 803 190372878
479 804 639321901
523 805 222504165
83 806 651467112
688 807 129114361
600 808 505088980
372 809 27630269
596 810 525463331
641 811 9447652
113 812 665892671
696 813 120836979
498 814 180571376
624 815 468723221
402 816 861158151
194 817 592746723
750 818 910530413
446 819 316182769
147 820 209255904
489 821 178760127
553 822 91832336
148 823 532812605
607 824 767639630
412 825 784993880
37 826 45609377
375 827 52620905
10 828 222278540
349 829 6871385
34 830 670734403
1 831 684443502
174 832 165036520
271 833 367403362
551 834 725815393
521 835 865190575
103 836 439215572
500 837 787819249
330 838 286945926
831 839 599390766
354 840 907811470
35 841 863548001
117 842 749761765
746 843 604939144
403 844 24608309
286 845 67984522
780 846 740551819
754 847 432199306
743 848 184041787
233 849 606857813
303 850 852418872
304 851 533567951
27 852 577837970
7 853 801710056
346 854 28509913
245 855 70249894
694 856 366957993
201 857 37437812
750 858 590588482
700 859 144195924
182 860 932336236
833 861 379941678
564 862 210899614
129 863 34790331
453 864 44048256
664 865 584664023
437 866 356061274
439 867 432391575
858 868 913534962
516 869 421513930
490 870 629065442
382 871 640889513
464 872 799555285
816 873 113491099
618 874 65413125
470 875 472755380
450 876 703173145
777 877 628538574
872 878 375753625
583 879 689253194
365 880 544635024
605 881 898540238
550 882 453769746
721 883 586685909
100 884 125644569
828 885 170353305
271 886 532295684
269 887 24171231
768 888 957460903
44 889 743425134
57 890 479364276
671 891 109738573
535 892 835227284
319 893 357357134
542 894 737074125
379 895 112138362
554 896 804798838
271 897 402061459
883 898 108899689
581 899 621005779
622 900 473603233
830 901 275141248
625 902 559658529
773 903 995518428
465 904 633125619
317 905 160807648
448 906 159712009
205 907 718171898
54 908 456993545
721 909 81984526
826 910 815417878
374 911 635124038
142 912 181492814
62 913 922946158
15 914 681695225
217 915 426389830
770 916 180942771
794 917 268308045
233 918 885137261
556 919 675718242
884 920 695963342
766 921 505459170
429 922 954446304
518 923 469183623
338 924 9199977
747 925 5190855
414 926 343354104
221 927 256861823
898 928 427524075
342 929 709841048
149 930 26834650
22 931 831392065
842 932 677829072
431 933 665461154
841 934 310781702
258 935 627836010
330 936 452662358
39 937 154684970
19 938 335077919
429 939 745457583
78 940 278996267
233 941 926453452
232 942 292238752
828 943 361604175
907 944 102648215
257 945 779180964
742 946 339182542
242 947 219384255
330 948 754747271
143 949 998964514
427 950 362429936
384 951 889306844
225 952 886939373
54 953 106048183
485 954 733380056
372 955 509951058
425 956 933192014
71 957 85105256
33 958 932924075
616 959 876821778
50 960 710837132
604 961 588149263
191 962 157436100
579 963 328679596
684 964 790029888
494 965 140938215
803 966 74116864
483 967 141617988
662 968 761643440
114 969 938759959
473 970 969271789
318 971 887495227
892 972 503863512
405 973 906026063
148 974 920983610
290 975 702401079
10 976 537327194
101 977 689413923
235 978 305528295
541 979 173649472
373 980 889395016
114 981 575850791
58 982 408442693
493 983 338605438
390 984 902927301
672 985 379698204
170 986 59311129
464 987 409732895
94 988 548193982
32 989 584405228
692 990 301461003
870 991 741154148
482 992 172612835
515 993 646506133
217 994 708807157
843 995 623093174
880 996 989708030
573 997 407525933
989 998 963005648
757 999 799162143
122 1000 948404447
100 1001 2908078
300 1002 69933834
218 1003 497388513
258 1004 247895605
811 1005 263158055
688 1006 228601211
734 1007 45304178
995 1008 11103991
282 1009 379690217
946 1010 72557265
712 1011 285232128
679 1012 505870576
825 1013 72007743
948 1014 993838724
716 1015 112623286
848 1016 719470179
458 1017 447877581
895 1018 548321132
266 1019 780936247
136 1020 922936511
692 1021 312553480
22 1022 134333182
682 1023 525472261
779 1024 952529547
872 1025 466503429
572 1026 60336006
909 1027 454971458
839 1028 663511285
868 1029 544583509
22 1030 239732249
882 1031 500587171
850 1032 675137697
354 1033 528678116
899 1034 353247972
620 1035 39376834
280 1036 381485762
669 1037 392515638
78 1038 733559667
843 1039 233705842
403 1040 146496131
272 1041 144214254
108 1042 92924900
32 1043 568182931
347 1044 738226754
175 1045 9537497
420 1046 382922200
603 1047 557920726
827 1048 60039079
992 1049 552482048
305 1050 993974754
671 1051 251395849
330 1052 902695878
827 1053 430650876
873 1054 929382542
744 1055 483818762
106 1056 961840776
364 1057 194023001
673 1058 64401660
160 1059 859936917
623 1060 394819709
362 1061 10379933
915 1062 509358524
353 1063 918895926
379 1064 328922704
261 1065 373974134
192 1066 491630754
476 1067 468492468
295 1068 70855157
240 1069 595190384
394 1070 385956162
756 1071 364600793
32 1072 867678444
54 1073 303156916
855 1074 327076527
42 1075 410048354
904 1076 407662455
385 1077 110047254
809 1078 373773295
273 1079 411096974
583 1080 644945003
281 1081 33694395
802 1082 952004727
564 1083 590276538
264 1084 196320411
553 1085 22265884
121 1086 353553194
15 1087 874275694
846 1088 868476284
308 1089 34556529
918 1090 970998213
1088 1091 838732338
713 1092 491745858
957 1093 255561749
225 1094 52016827
678 1095 13962444
1062 1096 384074169
891 1097 591710886
910 1098 35575390
917 1099 353632987
1046 1100 422361259
715 1101 985222062
234 1102 173789402
601 1103 300719494
249 1104 163514266
20 1105 198195887
1085 1106 331136312
762 1107 277866406
711 1108 116748802
769 1109 544545502
683 1110 393943985
1059 1111 324472194
1094 1112 943184825
380 1113 530555267
154 1114 483265509
464 1115 253252193
1035 1116 890014782
1057 1117 254839718
257 1118 801743692
74 1119 239341904
811 1120 382509697
1008 1121 421922007
394 1122 45164639
336 1123 813355666
413 1124 128260690
594 1125 189826011
61 1126 38062820
82 1127 919172580
1083 1128 329190927
40 1129 794035417
455 1130 889871061
399 1131 986804519
188 1132 207345052
1006 1133 629813529
114 1134 122081224
74 1135 765244267
891 1136 973828971
845 1137 170641809
705 1138 879210502
75 1139 848927492
1102 1140 43007376
126 1141 270463039
781 1142 242411159
642 1143 427870954
61 1144 451873721
816 1145 932448439
506 1146 118253852
250 1147 70117088
649 1148 282371198
4 1149 21348561
852 1150 761486447
752 1151 93173994
714 1152 459738495
508 1153 178723559
448 1154 624717606
491 1155 374249243
1065 1156 820420423
899 1157 961035620
622 1158 694151637
435 1159 120904293
452 1160 518922389
343 1161 597501456
302 1162 573437620
570 1163 6955249
1095 1164 371260128
1106 1165 328976760
418 1166 135009680
335 1167 364960527
1081 1168 471276841
660 1169 623171935
32 1170 165960510
1059 1171 510029502
728 1172 458604936
713 1173 247345653
357 1174 403044764
206 1175 809925910
212 1176 673414683
934 1177 634752875
32 1178 385807214
438 1179 8715404
92 1180 243902416
388 1181 514618974
449 1182 284449548
725 1183 237950398
977 1184 410783856
371 1185 677338072
1063 1186 210163357
1061 1187 752425430
557 1188 276000212
545 1189 170885564
47 1190 888038109
415 1191 245151313
959 1192 384482644
1167 1193 14499269
938 1194 816557356
120 1195 104489700
94 1196 664248300
633 1197 46692732
353 1198 933215569
9 1199 480994141
984 1200 733075863
120 1201 485341986
291 1202 792862780
1169 1203 301709209
204 1204 410780480
131 1205 620597640
780 1206 56462001
561 1207 916562479
1111 1208 558380006
469 1209 982218837
325 1210 445198970
593 1211 626062642
768 1212 712437440
1202 1213 360233793
401 1214 692958058
1169 1215 742263125
394 1216 483836452
702 1217 466161221
213 1218 544292475
939 1219 436286490
217 1220 157866571
1192 1221 914150136
1194 1222 816320498
408 1223 418584588
189 1224 142226589
750 1225 838972981
668 1226 34260849
240 1227 89467131
614 1228 228513201
49 1229 713603755
902 1230 635137175
1205 1231 756774634
271 1232 358627842
35 1233 619027011
122 1234 221699547
1075 1235 220158884
275 1236 96039607
139 1237 377455951
1022 1238 28470603
749 1239 409566725
410 1240 902858440
779 1241 222351378
338 1242 438064266
598 1243 972176746
974 1244 318983645
402 1245 831933987
211 1246 841489277
654 1247 730463043
177 1248 521349187
249 1249 582506149
524 1250 950383216
135 1251 900340311
1071 1252 849830215
992 1253 182687308
459 1254 671453992
406 1255 893673944
791 1256 477349690
654 1257 964818284
1016 1258 844876076
1074 1259 670335368
1150 1260 627317814
241 1261 333276774
572 1262 538384626
36 1263 74799754
315 1264 320039106
79 1265 598202453
648 1266 263187702
48 1267 726878340
800 1268 402787982
1192 1269 789158130
239 1270 521687038
372 1271 965800611
261 1272 174976789
69 1273 929779980
1036 1274 721108287
17 1275 62271326
213 1276 769639993
640 1277 45356469
378 1278 742475183
1247 1279 900411610
1061 1280 693664246
1258 1281 873746605
156 1282 359007433
491 1283 201873746
274 1284 15370407
323 1285 70899932
8 1286 909216685
25 1287 504188128
110 1288 66879879
216 1289 354686095
591 1290 942078239
497 1291 905028927
158 1292 194504388
784 1293 565138382
802 1294 108099238
674 1295 638718473
806 1296 463619743
1267 1297 986349285
379 1298 146161801
1188 1299 613092624
1195 1300 621193262
200 1301 477146366
502 1302 488030848
481 1303 887409827
87 1304 216029358
432 1305 203568214
804 1306 429523027
341 1307 300977221
1083 1308 993160046
189 1309 443500376
887 1310 142564340
308 1311 73103097
217 1312 76100579
614 1313 62656671
782 1314 242189590
1004 1315 998928065
1115 1316 104319854
759 1317 395637349
979 1318 867553531
853 1319 705716033
1266 1320 210179634
631 1321 671504708
44 1322 953062371
327 1323 38746424
751 1324 523603127
1285 1325 957253729
1021 1326 408935364
18 1327 28992347
60 1328 588583545
946 1329 13962732
700 1330 388914585
213 1331 340204012
474 1332 207361369
377 1333 549565087
624 1334 213251462
737 1335 114598636
976 1336 352434662
921 1337 402461192
14 1338 384761279
898 1339 609555036
785 1340 294493861
377 1341 401510877
1182 1342 799690865
1143 1343 451705128
212 1344 246389535
913 1345 513438713
679 1346 568151129
58 1347 996725925
326 1348 245686613
410 1349 791335156
1259 1350 396736405
28 1351 805030285
1319 1352 997023895
1345 1353 165705724
1048 1354 877296755
1124 1355 896836368
157 1356 88602328
1066 1357 371666448
956 1358 715546059
903 1359 67185797
578 1360 408287242
404 1361 873424129
808 1362 588608857
819 1363 84893255
1255 1364 871795177
881 1365 128100003
735 1366 636643250
653 1367 299573395
1005 1368 21376580
1223 1369 84918134
257 1370 289936529
628 1371 115843244
399 1372 2729464
489 1373 776944861
1213 1374 411705066
568 1375 127729012
131 1376 50853069
1236 1377 136522822
39 1378 465041481
919 1379 259179733
1040 1380 729931799
1298 1381 182665867
809 1382 311095105
1304 1383 245744675
1363 1384 619699544
211 1385 142031703
548 1386 711007627
667 1387 306175080
463 1388 306746732
635 1389 177083662
871 1390 980256138
1380 1391 463366967
574 1392 32910346
32 1393 13883326
850 1394 847333329
1381 1395 167197245
460 1396 968481823
124 1397 140950286
279 1398 276994161
621 1399 843800877
1235 1400 572330336
1193 1401 576702239
1346 1402 40831961
433 1403 8480517
138 1404 236635640
1259 1405 142970881
1012 1406 463386743
292 1407 10797317
305 1408 81880470
1137 1409 421036948
929 1410 409368171
1208 1411 860728655
1084 1412 609653777
1070 1413 599545586
1215 1414 362387562
751 1415 177127026
1057 1416 354586624
901 1417 63264527
1226 1418 75495408
588 1419 481482264
384 1420 554029152
114 1421 78864272
111 1422 474409305
1286 1423 937891470
536 1424 404962694
1115 1425 625316099
1248 1426 695702860
989 1427 776993751
943 1428 878911035
567 1429 465241178
714 1430 113515303
900 1431 679214369
550 1432 325827716
790 1433 103122962
441 1434 168319205
560 1435 704915336
162 1436 992255299
1428 1437 269803076
123 1438 242319514
607 1439 828072470
323 1440 365482468
355 1441 860609256
149 1442 957403047
924 1443 125527603
74 1444 351989390
623 1445 715713891
638 1446 740454574
1398 1447 945286238
101 1448 341781560
1010 1449 951406841
1341 1450 924536510
92 1451 640937524
1238 1452 251987900
614 1453 115878800
252 1454 600319156
112 1455 685881286
436 1456 62040351
1127 1457 621117585
1121 1458 205243028
1057 1459 660834514
792 1460 7738159
1079 1461 644726616
146 1462 865235996
854 1463 55122673
446 1464 881313254
948 1465 37146618
1293 1466 198462834
221 1467 522747247
1149 1468 457380452
737 1469 349284150
826 1470 138897182
196 1471 716204354
319 1472 393731627
976 1473 843333966
1414 1474 314891746
831 1475 778864198
1046 1476 103259059
162 1477 308217837
752 1478 486629895
699 1479 170917488
1299 1480 70096515
899 1481 291089048
431 1482 158877254
556 1483 720830141
1390 1484 829922444
639 1485 393224427
746 1486 908758154
1230 1487 387592198
577 1488 737165819
1111 1489 505755774
892 1490 290014176
1090 1491 273372727
387 1492 107901755
949 1493 821593601
818 1494 996797182
937 1495 650307627
25 1496 176007405
1182 1497 864469300
1153 1498 54164883
71 1499 963605899
371 1500 943157850
1329 205 173223265
171 1451 65880603
40 491 338218305
27 857 691023768
1301 394 855567371
471 1260 93047247
584 1167 40266095
1131 571 261191193
669 207 56365795
1124 265 379527908
552 1139 337123747
544 740 12606971
930 1122 719400557
1390 1068 415774477
987 602 298572583
1328 1262 561127946
331 705 817344636
541 730 62625249
414 1360 962478940
1377 1111 212542396
997 1186 203284244
917 350 364580471
1092 170 443692707
666 565 778806820
1161 772 224256986
1218 766 345781494
877 203 392882023
684 424 231692369
158 1401 169681440
12 474 304335367
663 1037 80270110
955 247 706910296
1169 1053 87496499
269 466 470534071
544 1210 690836127
808 892 699658533
307 573 545394892
1449 1170 200114015
1404 298 674643636
478 521 926823832
1472 1103 315752888
880 1021 441503209
1164 770 938932771
1042 1047 42107375
1386 185 191722826
468 576 422731200
1010 1045 135012923
368 994 288936970
924 1068 667666946
1348 904 828161098
265 903 503200595
280 385 532675025
718 1221 806057215
615 448 284935499
269 770 25071505
109 209 211348142
842 23 893801797
300 350 613454354
317 1497 625117955
1447 158 606991715
641 440 714960297
715 1442 226946845
1229 677 906986555
1365 1374 145979011
504 1108 375178303
315 1133 8328076
663 306 73491153
332 150 626395279
560 569 310486284
364 1317 309099887
602 1472 412447049
1413 931 641397974
726 237 716937967
1438 899 72723161
670 935 964402316
604 676 517876333
326 702 868197290
313 1314 84406199
1074 264 409424396
585 1092 404640863
778 893 312176607
114 1117 427273067
1387 659 872809442
685 378 368542292
1082 636 514954909
154 79 999004513
131 83 868946018
165 557 828839360
317 742 312893514
681 713 879061026
1270 254 674664614
1224 823 116766628
1209 771 15426232
823 278 42802152
1190 975 618940428
1214 901 7406728
856 1378 101982975
520 1018 467339108
963 762 483866677
1298 530 803212729
262 247 905240852
955 849 267455452
1479 256 1276072
1405 11 494608157
548 546 677002467
949 868 332872634
704 357 854307830
1354 1070 196555361
742 1211 884558780
1165 599 960618344
348 106 591025753
297 658 119111980
1242 212 95572315
520 1225 653084175
794 33 906218801
384 98 233649870
375 1442 648921515
640 1336 903798745
1485 1017 965359157
500 1431 738493700
1126 998 167806002
104 1489 445539270
949 981 414955288
493 1379 78192788
100 731 653708281
601 756 509393573
970 737 826959210
972 1109 568736762
1138 1114 633872598
1467 1150 379527977
735 497 630829140
242 1118 244930034
525 295 443345835
903 106 71596570
1056 1206 630389099
743 1063 554333601
322 845 401875780
646 1124 492375674
1028 798 704600888
444 152 33205454
1429 389 437910926
899 390 609013268
175 307 263128661
140 1289 340655192
928 312 127151336
388 530 441971306
1470 1279 152663801
390 924 164201212
1075 94 393101644
922 783 688603086
720 493 420612345
1377 20 888139155
1436 176 789843531
411 383 556748937
66 346 877471519
770 1184 678470575
341 1296 801790948
612 1424 281191174
1257 785 244054884
1004 497 448244281
592 503 788311205
593 1382 94446091
805 997 43199700
215 677 509444919
1045 53 347071163
290 1057 25549298
1357 423 962983243
1310 1313 278682577
1418 457 719118627
1174 993 827046703
1176 1043 947670581
216 1346 484468114
1107 292 693269219
1259 1479 267861569
457 1149 211635960
289 519 597416800
1261 166 287124980
1437 539 91178816
825 1391 164620645
565 774 978861132
1005 853 62395029
668 34 127970410
347 2 676664179
1327 862 22438219
132 680 284742431
187 1050 577652843
862 889 185178924
1051 668 38068083
561 604 152902589
1012 366 55404527
1139 388 19836585
1196 859 323867834
541 1041 124935309
245 1484 881501309
1358 1338 293404796
746 1372 785520625
767 1311 27157715
465 760 919706467
649 559 586325836
217 224 476853494
555 1316 90999121
754 475 94375277
54 469 255913953
1016 26 849859892
33 92 587128
94 123 130836942
1437 1091 323279366
338 957 979412787
355 1187 37385892
306 443 977504441
723 239 84867259
406 1095 246623562
210 106 97093591
988 14 25565529
1004 771 668877113
1032 1499 918880759
437 318 68051828
616 1110 694019647
1273 181 106935343
533 1001 435570865
80 1270 690272183
973 1209 405063706
753 394 175329614
815 1444 23921938
1363 43 332853244
859 157 346301649
759 324 42852726
638 231 795651688
1233 565 36293766
1415 1088 615124903
1449 918 13917460
583 1170 713853089
920 643 567801718
806 629 155227414
141 1397 362864202
1182 1261 569627812
959 135 896599794
760 16 483979290
342 656 764876601
66 1278 155446862
1268 1060 421670046
523 340 78387246
35 1486 367409602
190 1237 496278395
703 555 80286314
968 52 232916412
651 666 146264715
1076 910 115917428
68 839 142374468
804 12 537866720
1203 388 460043120
141 1443 956804996
1422 507 496146091
637 187 31221619
789 1477 827259384
211 1374 829325361
798 1309 294754920
697 724 527872510
314 237 139862009
69 135 589627575
268 547 681374723
1396 913 125853422
1407 519 30056600
41 348 884901769
994 308 487131787
246 1125 863108060
1321 79 537745650
860 933 167216217
844 1137 122102279
1154 1124 750588701
615 244 441726666
1284 379 685920324
258 116 787654335
1238 993 236928325
623 223 642941776
176 792 733291778
99 1170 277663896
642 387 286360308
1015 1059 590957891
1048 55 252822365
28 1281 105038908
308 11 874738196
696 49 806424508
240 1481 415132534
483 1062 229159238
496 1210 853188840
1247 843 627162296
897 178 584105911
126 1400 59736450
2 1351 179049036
991 1420 43953331
435 805 680273864
1006 857 298970020
1308 796 620097774
728 244 677945336
818 102 83537240
190 220 312424119
619 1313 211515118
942 573 901619257
53 1466 286409930
84 1055 939538941
997 832 491956965
306 429 96455698
949 660 642474567
1339 196 323814789
1226 1455 91352076
498 1 547137973
643 798 696731613
1248 493 984983990
1093 519 153626547
236 392 167469638
1035 634 566619662
822 893 468558114
450 128 494792733
233 104 835080367
25 156 644503447
1147 691 453595324
4 1115 906576863
1362 1396 314938696
1203 385 746767861
1145 79 357425755
127 25 648361220
548 1047 46905515
542 140 556791454
138 1408 30981737
309 797 578368630
1089 1361 40050485
1385 922 336792131
1111 409 304908532
1468 264 100613604
1125 1133 327707605
566 908 885678587
353 970 196230113
547 913 627218749
706 1266 880227640
1183 315 26094028
494 789 826662594
1416 164 473070576
1024 1259 40342470
609 684 26731844
1156 27 73236014
453 859 944307026
38 1009 250699131
1189 910 296883395
170 174 609818496
1289 1133 323347861
418 976 486015344
306 1269 171427543
313 1221 744307469
94 1169 882383780
1164 1064 724152672
256 149 96538445
631 715 800520070
421 911 787222627
1323 243 532348688
700 283 861829168
1447 1252 245577574
832 117 988880414
1351 626 682481272
763 823 799453741
856 1238 177528945
1318 264 366460771
1487 360 919708298
266 1051 688725697
1035 1082 292750079
1477 213 643719267
1269 421 204707095
1172 1110 15940744
1419 100 54684632
379 1083 895699613
607 1189 334596922
947 1059 8407293
1397 186 721668424
1413 381 74092158
394 897 970778617
399 463 350707749
814 728 353083041
1312 1109 947865756
32 1403 955621656
865 1485 491923557
697 402 680001781
1319 1173 667177396
1471 285 464848223
676 299 669378502
629 1150 447701819
231 1416 308026460
1451 548 187334075
409 119 105488839
299 1016 387781831
1120 1212 760498958
310 593 404966114
656 1025 101018825
146 1002 743517657
692 1311 558686046
324 299 598453046
1460 1438 271455467
27 1000 191374017
399 642 558388757
895 1273 274977500
542 910 933131678
1106 1151 441483980
976 599 44072870
1146 1001 80932029
853 82 822016979
788 1320 467553171
125 457 894994875
38 1414 905416044
1252 542 283789196
71 277 781741377
279 230 130115843
1279 1184 803095442
300 1053 441893336
1327 381 125534995
997 704 632144957
591 291 949808689
258 577 915097889
1257 1418 553706652
714 1193 399417225
701 1200 118215763
37 334 270072909
191 684 798291480
552 1256 42149408
1017 1139 961612515
1169 1348 373640189
196 374 846877592
576 1374 638345110
244 1216 996029708
992 825 921624528
433 176 906851038
408 1150 612524683
1349 1107 861708181
200 434 594723523
1309 442 352227698
655 259 501018373
125 722 335643826
61 313 617409431
514 330 79472219
447 1479 380937729
482 153 876018284
857 688 568865912
426 494 445621497
876 465 650033194
1155 1304 19654872
837 1329 699817564
915 1112 878193138
421 1075 15619188
53 1228 36036080
492 252 695834640
804 571 649191833
1472 639 301397621
522 1258 126401370
593 1312 836919192
480 369 445268142
185 130 824786338
267 1286 325405703
798 999 21592604
1233 676 79002649
1283 1064 5464635
772 634 622455126
146 1485 71253516
1034 222 964322522
1231 295 903477034
887 990 691535989
560 1004 670325565
179 1225 5089428
402 42 791789429
130 1425 204319426
1115 1413 426085474
159 313 750267896
1274 1405 516057995
1380 587 252622585
362 927 467387853
531 1203 443988758
1029 790 158701937
471 1333 409094377
1193 131 162349984
784 204 974218306
100 21 27370636
565 1060 289352106
1235 703 605464561
742 247 486229084
1339 624 346589122
176 90 319421503
569 1189 482486929
1017 574 843049832
1019 899 7529201
805 1398 534193569
1224 102 758273095
1253 14 450839685
1180 1328 950760350
1124 1440 271337289
1028 1146 350789535
616 1016 217536113
383 358 509807072
960 1424 817855755
224 1170 464878040
1495 1198 420038233
843 1218 816467781
1085 668 555570212
314 1083 127858790
154 523 246303900
1032 411 540590260
1249 245 145543652
1117 1232 29077662
866 622 352591634
1066 286 454929877
420 431 615751929
1311 360 512383018
942 733 759762661
866 237 551174883
71 740 118164734
1011 98 945964634
283 315 20004310
239 1357 220845769
68 1221 946299151
1176 1341 898893944
549 1383 270416948
485 644 258852409
389 511 940048577
1046 1317 833319783
1033 1354 162883890
953 369 394772672
1222 301 43710252
91 546 98110143
653 531 455515177
1285 248 175691197
355 1497 108136039
497 300 159916536
541 29 415690324
163 148 322157557
913 70 405634952
425 834 181471171
643 1041 252420020
701 57 54876781
590 1493 587355115
1432 925 853523936
778 928 316603903
341 842 182876693
1395 893 151539094
1402 1121 927692938
632 957 571629079
1223 44 888725589
939 456 41480102
687 1499 796139950
1079 228 821898241
1484 638 434513398
1387 246 201538562
1216 347 160489356
161 287 179512670
41 491 726746985
145 602 515763813
1185 1494 105317787
482 568 813902491
995 1109 34515550
431 1224 386044283
795 551 799087900
348 529 198193502
618 201 9340236
492 773 4535853
850 232 221427294
893 388 667054826
1128 1436 443367517
15 1093 39887647
1151 1266 673612577
303 998 598528665
108 594 632706276
674 390 36028076
264 1047 985747404
809 659 617003935
1068 1278 111490668
893 788 248849290
1322 1216 36792159
748 245 121811694
968 827 627049754
786 689 340505665
548 1372 528061420
1275 937 748409459
935 564 862226517
264 638 392745326
1352 1078 273078471
1344 907 32471213
1054 461 775088162
33 685 810817046
408 1195 610003633
1054 2 402534031
353 541 298197523
111 154 953860334
1184 1 2430967
577 476 295534993
1226 878 194667569
688 1368 313119032
175 1321 128327007
62 794 10518367
1 1036 78681985
491 1128 346192582
1337 650 889657399
1080 1150 319822471
1042 413 420488508
827 177 216869045
742 941 228344988
1013 308 386546080
886 269 690688915
1371 112 333102455
604 976 791498625
743 273 96696985
502 1050 981081865
1390 200 509743478
1249 1173 893319037
568 257 559030946
683 450 42869724
524 41 321630474
1405 473 900844734
874 1452 928588149
495 1245 98726767
1224 1297 157380992
826 1013 253773503
480 1413 71330695
725 715 564461582
1114 716 40384352
998 66 548115531
35 332 861906999
1179 1272 463615721
917 1 411299343
1256 1373 258684154
636 333 31990752
1500 691 908084834
810 77 234788630
257 965 793535996
903 1062 999171120
686 721 13337500
213 1406 114790903
339 400 317077904
822 875 745573094
999 175 852110894
501 1066 197021031
229 263 199565421
1019 325 395847807
344 176 607246187
1251 1437 568691592
833 1024 188428036
1113 1049 724420497
122 677 128177017
49 273 278228733
1013 1494 950005692
1500 1200 127674182
792 85 703031193
958 862 214584272
1192 49 110002855
689 18 279740524
471 740 543323427
1431 123 139765032
654 668 77221642
307 598 468534164
185 41 931101234
535 1121 854140764
1239 1461 285122235
689 360 519998089
181 1156 244781515
339 1356 986987582
247 958 931890842
309 652 869705244
1165 882 124486487
832 745 254611707
226 224 937808490
836 1086 417312220
939 359 964272962
1073 735 291991272
110 1487 338652983
1232 160 713016347
270 233 299787268
800 608 381709471
9 1087 760615953
366 931 394891747
1100 1162 554981195
1330 1116 311678958
1459 489 926941513
1154 1346 259105268
546 948 988291263
844 26 433042913
109 1456 721510385
1472 1419 880392554
634 677 802980081
620 389 761363678
59 418 372425377
382 1404 108166907
1211 378 107784364
713 151 82560631
256 346 402396019
1431 778 259485655
914 166 936821479
635 710 922690194
1072 1138 694856375
1240 986 238688150
955 1234 41285657
604 1279 236560739
777 140 882165156
1005 1054 994178545
894 710 642294323
1078 663 771876494
517 651 920454211
175 836 329439794
1178 166 374118786
772 849 686597654
333 321 115966706
299 1120 433072810
1488 1158 287673490
34 1213 211354630
1273 731 641157089
1325 1067 742628420
962 594 107944809
1034 1168 288546365
130 1136 201929302
1455 1248 640654861
1270 909 421031218
1447 1491 175440443
1171 399 985811735
541 751 392255983
877 33 790881775
143 643 895618309
541 245 9434435
1438 1347 427736216
304 460 655335401
1292 607 757535620
163 974 375708290
351 672 109808768
389 852 20308572
1117 1274 85941393
868 478 35073556
1038 65 37626816
1180 942 810657426
215 727 208016042
964 782 832760042
896 748 817972472
696 312 435652157
77 607 976989525
1214 1199 758354176
973 781 955775143
1342 52 873720190
1030 1237 339802586
1415 1468 918852496
1196 877 622320316
1123 46 889130393
64 756 57552702
865 614 14135075
1479 843 719926219
1421 651 320242024
1372 621 450728524
285 939 181438806
588 935 895394761
99 328 883664790
264 260 667856516
1191 389 44903427
1116 1444 702813959
914 621 4379356
918 1474 294210763
733 950 688268745
474 350 766297062
361 912 816593332
95 1309 563745486
524 330 150329986
716 1050 982996431
447 448 66572363
625 407 492880825
1182 748 134982338
420 1210 31020080
1110 736 953896785
141 1435 225636215
289 813 899623958
465 1341 266155475
1010 895 841782796
437 896 696116787
139 1063 165667340
369 956 756414238
712 944 77774383
329 4 345424303
566 58 531044883
1035 838 868047217
1287 330 69633174
951 556 880621889
185 190 258733847
502 685 772093693
316 59 319965039
1271 154 720222897
1388 532 300487143
305 250 77993890
946 856 715826156
899 1062 515422097
929 1300 439081767
1263 329 93019288
171 1042 106401610
90 1413 519124279
778 1412 93840463
744 86 601394408
475 1363 908667479
737 102 510979966
710 457 813844410
13 433 256954972
673 1106 769474080
327 475 298772470
1105 1288 982164314
57 1200 993796367
1189 225 72857755
1496 87 947430686
245 223 615962881
1166 1218 233698748
274 1 673138604
918 1349 520361366
164 647 213148210
1160 236 810292534
50 591 377824977
408 907 29538059
42 68 156096640
232 545 957218014
1007 920 782407938
271 1253 66744072
871 980 60491384
358 523 497533714
1166 552 473520280
326 651 579006818
455 1024 469546255
708 471 632962712
1494 584 14773503
140 1296 849418664
1240 493 623188311
59 1076 119555314
692 73 86061756
1047 327 764563439
511 1224 320221797
183 118 100279055
638 401 423112625
544 1086 619656020
338 1227 379096717
356 1126 24009519
968 685 517586231
1068 411 800596092
1028 1389 135421257
1350 909 920880711
849 723 726593101
166 147 398988115
372 78 400643074
374 1086 32166169
987 880 54467920
704 911 411311502
922 1264 128656771
939 437 729378686
412 1455 121410016
33 76 340722414
197 1403 879479379
1053 1388 145001213
932 1018 468525505
134 470 348140710
1043 1065 748951299
227 593 265477037
1279 1113 61002079
635 1206 196925501
166 848 250183132
84 990 28477946
789 933 208566768
1258 729 899353282
727 305 780415156
1164 144 848829673
91 1059 193721082
708 1458 140784117
1311 190 78097117
603 1500 543932282
1296 1316 414227417
593 1308 899022760
1414 299 388923418
1006 561 217802725
473 103 320447011
849 263 132645299
978 535 696144039
1003 316 789681358
332 1023 919077133
846 1200 328975070
1113 940 635273598
588 1168 394632928
346 1112 419160055
1111 867 773526611
787 1227 281507475
1485 386 746648413
1371 778 441552590
984 227 112350718
337 1454 804254998
1169 822 912883521
165 1330 66695161
464 618 111390890
1432 1207 598460859
313 993 399026837
526 185 580225853
730 1436 186681286
1421 107 443351639
731 641 69344521
774 402 284896450
488 295 920862218
883 233 859804990
653 562 954526140
391 1082 198900162
241 1363 25705976
1356 1222 384603348
867 322 466363011
713 1380 294504564
961 1171 81186065
234 367 510430494
779 1414 777426094
896 697 408740736
847 21 115650002
1465 197 91015104
1388 1101 897970863
1211 1454 449909830
1224 1150 119964076
447 502 639540930
276 618 8374979
1384 1163 409415392
242 557 288631205
10 776 394931686
1111 1048 708744668
1053 464 362474635
1054 299 787486694
98 28 309606023
1381 751 637322852
214 476 886255201
1001 1260 394291302
458 330 509056056
1045 716 449281233
1180 1045 754809378
103 504 451317685
592 556 689514536
226 479 178407329
1292 87 667868048
15 858 273045306
189 683 782993988
1001 1354 244496795
1240 520 100084013
276 288 804048276
47 1034 284151307
1207 159 779218869
263 73 120627700
18 367 160598188
585 3 262030008
845 1397 224593279
113 444 916140686
498 1235 368609804
881 851 536885428
588 1499 624349893
1295 1483 28643287
1182 886 219816011
38 423 750804693
365 835 955169093
112 1061 467380931
1239 129 53143815
824 522 766706076
1333 738 255997970
235 115 189196985
574 1388 631856540
251 757 941408404
1080 1084 905233092
897 283 305514242
318 1210 561741677
128 295 803807420
549 144 122053643
902 1119 418181877
1256 181 947142223
1136 1470 127586882
454 120 68951909
331 35 893154794
729 1125 912137756
1045 1457 60023404
1209 61 901813735
1267 1168 706350375
395 687 363858472
634 1156 974806688
639 721 105421028
207 583 672267352
1083 742 128420305
401 1012 9850208
808 894 53996124
920 380 337756717
1484 1110 982041948
580 591 26962361
1196 1160 904482204
663 1361 371716043
79 926 936469999
1331 28 688005322
1407 573 3667005
420 943 61964588
607 631 925696532
457 91 680075614
665 13 930837631
823 1139 178276467
805 1260 617030482
612 891 334506334
340 386 597750780
795 1416 533802449
1063 1344 892883632
289 483 944960408
192 1446 177658672
1360 379 102950962
1000 712 744398007
613 508 870918137
993 712 996478880
1355 452 392873225
1198 301 627635371
1219 897 451898152
611 1361 485926931
1162 542 455561230
908 1295 102794139
609 280 902229025
1209 356 276672534
1184 696 420018349
1455 654 984212423
406 366 18436801
1363 284 849257888
1040 438 84937256
485 919 473693513
448 1392 993642208
785 587 551394203
902 1383 783674993
1301 1133 249739723
109 1424 745800909
410 461 190980457
182 832 598672057
690 901 7785828
615 1476 53974125
842 1487 237984133
618 436 58216889
424 788 259149812
669 218 414555157
832 398 88637405
1088 976 857216330
473 104 367504195
594 420 440964359
302 1333 93841946
910 954 703765118
936 1367 474578509
191 1126 323028840
1265 308 560120749
1381 1447 76416721
712 867 133675455
194 1144 313789804
1444 445 46415175
1488 952 347658168
737 1491 97442050
1337 734 257554692
478 144 109131941
1120 958 735194152
474 1485 210161838
1099 382 676651433
567 214 98131281
1372 733 423948367
1071 74 947240417
309 1211 38185140
413 791 68887892
382 1368 570398420
618 932 877494344
45 1315 15926991
248 1026 250806642
181 1009 153336914
84 594 554052178
1255 1017 10498215
837 1385 167903758
1049 107 346489803
5 654 500596886
1204 286 721254541
1420 1341 797305949
1449 648 929431523
784 1426 847473144
305 783 51019466
1410 946 96955758
281 28 636927291
428 344 893013784
1191 104 6961673
797 623 153456094
1312 482 750891935
274 208 29346780
536 264 231767831
107 1051 325424780
1437 202 487747366
649 1325 260245074
1165 1373 18803878
1208 62 420870708
1286 699 977385221
1330 213 660020546
253 1347 571897011
53 1391 556265828
306 201 412374704
306 1069 779707762
326 1154 448728619
1155 1355 478039674
877 933 815519606
1274 493 285559091
1278 356 957247438
28 1106 634232139
851 54 473557425
579 427 386445146
180 188 10039927
1124 861 591953037
1456 343 529813046
1161 863 699997979
288 577 983906361
428 1088 960969698
585 1500 488750800
326 1448 518443264
55 790 41965980
30 970 696015732
401 792 818857951
482 639 926979447
630 295 437197581
719 142 10807612
1037 366 316579693
633 834 996450488
896 155 120160437
1103 354 322330429
1208 978 306629619
619 891 20774395
452 157 917795614
598 552 343591071
900 870 840243347
243 420 895812854
447 133 265774314
639 32 346032480
785 512 160385038
67 1005 566702030
266 1014 76035545
1121 623 814491255
308 430 342119846
704 1166 1039085
805 266 229462011
513 265 617431550
1432 604 476241687
1041 198 748056960
183 762 603522540
1500 521 619902999
97 409 620756692
319 395 565610696
551 992 403806364
229 272 663494232
739 1421 923167543
1012 469 544364454
544 1048 303161567
624 1403 989613512
670 405 252666683
948 729 787705321
1440 225 866049628
316 742 327420860
1407 1036 888360012
741 72 198521085
305 138 845963769
944 641 516619415
85 11 123745081
957 945 609955677
447 1147 707063027
1177 255 599510921
1171 350 334974858
358 812 981322831
158 922 922206471
584 840 290504775
680 204 136814429
1414 73 514994946
1398 956 111201616
1223 1427 903289763
1484 562 768216647
366 958 154668442
325 691 41857105
790 695 453019052
850 221 604059713
1408 285 36599243
560 607 716074184
1086 1072 3957315
534 557 485848391
644 1326 41861933
363 1196 799233056
708 789 691789837
987 92 349206138
1 735 787292814
1232 202 825287342
522 422 51689935
281 1182 913821155
627 98 436048591
874 711 204537651
1158 390 470747683
1019 958 366699212
580 161 392051796
377 183 360906426
540 537 538216238
903 132 985539082
749 75 161887052
101 1407 77959342
325 606 567711994
923 660 195406666
1200 915 765204165
1158 1338 267970803
148 819 911937602
561 827 141633502
124 833 853191268
1143 522 936530941
763 647 795774124
53 281 771999591
911 1314 486034789
1421 48 624871658
177 1298 17122583
169 1479 707603292
1444 38 834436397
970 908 302336426
1366 233 137443425
689 651 818948116
490 1304 109941383
1162 306 266894741
552 289 643823450
1303 1500 697086967
985 1065 639936157
1024 52 202371059
913 1365 512486404
1059 381 891192754
801 1366 51644806
555 1474 595561608
1490 61 502877943
295 777 206006181
1104 1311 650713410
1085 410 654243816
758 350 716028137
919 1335 340578864
1494 107 570239378
1119 570 173288414
267 1409 917995612
222 838 278153378
1175 1163 725131309
24 159 689964477
287 827 33049809
561 1315 29087923
731 1074 818272588
129 311 71816989
895 919 135421836
1480 229 49441408
15 382 46420207
689 1427 2005425
9 756 618991193
1069 367 660630947
125 566 96469649
1144 627 355033409
198 919 853508806
130 675 760054826
727 465 472357560
1347 758 570582730
256 341 160868780
1273 1153 630631050
406 1440 549285130
1343 387 248180332
1336 1058 447337114
737 902 224207726
1045 939 92010501
1468 1271 544239845
343 1471 929001304
139 625 349749328
1243 395 334821944
554 984 771085429
444 551 83228716
739 624 439535631
923 65 61398241
428 1374 445285053
362 1394 914129475
1073 46 936281655
1017 1297 270395367
3 221 757455717
1204 1331 198115904
679 1228 17650134
238 907 297413729
235 854 130159004
1321 1341 224719492
119 1221 335360048
1009 307 258517965
375 279 509016595
165 357 574653179
1395 196 6515066
651 229 62339663
691 414 208914384
544 772 930927492
150 988 144338666
238 865 383905302
627 761 880664863
1318 1312 187472119
770 1349 782882068
1093 1321 391899577
1291 533 316071439
1243 273 78558179
1434 1242 225461393
1344 1134 74398972
236 870 342905475
1425 307 975289627
1324 357 703915158
69 1135 522987392
59 87 689508475
999 1096 771418136
314 1020 428148025
726 1058 810228703
195 1471 390796679
428 662 177989216
1427 422 833005953
664 491 982654704
699 575 477568164
1010 764 921937210
866 384 300602015
747 1121 745584333
487 1360 343670279
371 1156 916955489
1137 1016 406575579
1385 941 681967222
116 1306 86115091
1245 537 67749148
27 622 724384251
1100 819 688271450
1409 563 578170059
324 588 427765067
1299 760 483084016
1253 91 196042276
1120 1489 153472451
911 678 687742722
886 1260 136182976
1201 922 771452525
737 1000 526424773
1057 641 353799601
612 1298 86796805
208 1039 628142687
643 1124 742444064
79 934 409116830
264 1337 316884052
405 1080 450816224
153 681 400008066
153 63 268179536
385 157 408820271
830 1235 158469390
336 213 944117404
1346 692 514018147
396 34 241307721
1197 595 483168219
927 966 700582367
1054 712 197208928
76 951 248068338
325 156 883721634
987 384 124486737
205 970 978198504
682 61 581102118
556 907 107899815
138 695 26195416
396 1426 773349651
714 406 457997059
1266 1452 708825602
906 1302 814537087
732 982 134086325
73 980 725659744
1481 151 330846895
68 526 383709348
781 53 20966720
1318 42 368533097
332 1038 69915937
136 438 116159955
1063 115 480897955
25 105 495440777
1121 573 4982230
1148 353 871184421
2 693 259842238
216 532 69891853
733 984 13207021
307 596 768673668
1372 135 228313405
1032 779 926526175
1214 648 4987989
661 1065 11606729
197 920 229678819
275 311 68439701
563 1368 698011079
340 221 522907525
152 673 945260248
1016 192 426996118
600 655 681650881
1370 67 208030961
97 1199 566046498
677 1415 70864691
85 25 344206695
733 1480 348192556
1003 1092 886761924
489 383 632020689
962 921 742539485
1179 619 730783862
827 1181 970832793
1046 352 756491914
859 956 893154270
361 292 47023715
1180 150 482452636
328 821 6360414
134 655 332303899
32 1325 334015400
428 905 902115280
526 178 615124949
571 490 493893174
264 922 868735131
150 974 99593118
599 870 73259121
540 35 349064309
145 1246 330087345
100 346 335448438
1477 661 54651691
1369 1046 259624566
444 1021 702555568
1056 1411 578087834
1011 602 143020014
1306 195 629528120
1457 102 920005192
1430 1366 15549214
150 277 728698717
164 1148 701947116
1380 861 502579087
944 1350 957987938
1293 1218 78217317
241 1496 69432491
1040 674 361796353
600 1187 778527757
614 1014 323709100
235 401 618349645
68 451 481866722
1203 291 465685624
786 1011 964418498
216 444 852802842
302 119 319735756
299 1147 996413601
87 1036 91126870
1050 288 864556984
1372 719 863126798
502 1220 639858560
1392 828 833331029
817 782 423059196
341 381 111218740
791 1112 872231282
38 301 749845771
1487 955 738039990
1359 1402 937954502
1135 379 477451434
785 945 225545705
866 358 100651412
296 1381 274843001
996 383 589040567
400 513 889015402
236 106 568131803
960 1348 118240761
153 1174 669995397
659 1190 759592691
1108 99 84532020
1097 522 234449576
1235 659 884696539
1293 537 850244136
115 114 701620810
994 1288 426898684
1362 541 435497632
434 1217 59080011
349 815 498040904
908 1257 468587104
265 393 385118560
1248 333 208444420
69 248 181452441
648 566 311127983
337 626 800892285
1485 826 3392866
1041 505 303725668
43 1152 383712899
1053 190 458753950
306 404 319186320
35 1067 351858706
552 690 963352967
522 451 79225365
686 1249 747584600
1251 173 183360205
376 1447 562102994
1391 172 801312242
1343 1192 601750039
636 382 107604735
872 1080 986524285
1156 332 473841805
560 452 581624081
1109 468 152543608
786 437 153830370
250 249 616824248
1068 794 391030555
1451 891 965328711
693 699 501673285
759 761 214113309
639 265 789261271
1064 639 977091522
31 213 527172760
446 955 369893159
1396 1323 253987973
361 839 264069513
290 745 971200586
203 243 504387620
517 1090 154456762
1359 1439 893807529
1139 1367 998000541
1256 1375 609372145
1473 398 60303338
653 293 86335477
215 1355 965907205
648 300 707609328
