1
1
1
1
1
1
1
1
1
1
1
1
1
1
1
1
1
1
1
1
1
1
1
1
1
1
1
1
1
1
1
1
1
34
35
36
37
38
39
40
41
42
43
44
45
46
47
48
49
50
51
52
53
54
55
56
57
58
59
60
61
62
63
64
65
66
67
68
69
70
71
72
73
74
75
76
77
78
79
80
81
82
83
84
85
86
87
88
89
90
91
92
93
94
95
96
97
98
99
100
12069066
13061790
7316466
14407069
10859559
0
0
13376802
8138984
7911002
17918005
8144448
14070006
13382964
6286499
1074349
0
580803
6223900
1696212
7351420
13498289
12575941
1
4441088
6725557
17782308
1
14385272
15363520
14976500
5370284
14588857
3254077
