397688212
683842827
397688212
579418188
397688212
655649918
397688212
783282140
683842827
397688212
777401286
625314327
690130676
461669950
683842827
583532387
712059825
397688212
711926576
643145253
625166349
592438576
754987581
566668369
583532387
752626542
583532387
662990765
721719306
602655522
655698360
687685897
695267325
871982961
666814741
789691917
745257000
392050135
579418188
630563447
695267325
712059825
791539269
905917885
707385732
723298989
789691917
745373218
682052995
579418188
461669950
591545956
687685897
789939790
721719306
789939790
769597423
901921428
814178767
625314327
585681940
687685897
861473978
583532387
652097751
652097751
743727343
683897780
1000000000
569719661
730941523
1000000000
768848944
655649918
711926576
829089303
768848944
689150255
796244100
745934654
771780446
695117320
774100934
828322861
744747789
691922320
694886920
925989946
1000000000
704626592
723298989
711926576
767225647
767225647
886302081
765655809
767225647
630563447
707385732
978183641
625314327
666814741
697635776
919059251
777401286
648705597
665771358
752626542
583532387
697635776
687685897
804718957
883387282
625314327
624409677
767180795
695267325
583532387
897685051
981545356
487823883
758345328
769128003
806878030
765655809
723298989
723335158
1000000000
885182056
625314327
804837193
695267325
789337975
687685897
1000000000
859846150
690841388
712059825
670933209
1000000000
542590188
579418188
744598726
777401286
860798431
711926576
730489048
753514020
978489002
624409677
823593080
912049786
683350258
849675119
695117320
655698360
697124311
723298989
397688212
744598726
814089639
849675119
814089639
627238549
868586967
655649918
723298989
727625039
927000311
690841388
1000000000
991130897
943171291
721719306
583532387
690841388
770951933
768848944
753514020
756411785
919059251
1000000000
1000000000
1000000000
682052995
1000000000
903452507
784133722
1000000000
1000000000
761342366
740874328
723298989
707385732
617028761
713710639
1000000000
783333570
707385732
752327579
751014650
903474409
771143865
821730409
648705597
966155967
487823883
605370625
723298989
964637562
687685897
591545956
889655041
705974150
687685897
683842827
699254747
965673920
1000000000
699254747
811778261
712059825
1000000000
1000000000
662990765
1000000000
1000000000
1000000000
793741522
761351263
778114773
695267325
831493157
811778261
655698360
579418188
1000000000
665771358
983247628
655698360
944234930
865548739
630563447
1000000000
775497438
707385732
1000000000
927465869
712059825
687685897
741214075
883387282
1000000000
967254432
1000000000
815983734
745303221
774457081
918319213
631650832
662990765
1000000000
652097751
1000000000
948184331
841059227
614475777
853032294
927465869
749797023
801608152
806878030
948184331
756573394
1000000000
816285854
962022898
962022898
744598726
791407736
624409677
803646424
1000000000
723298989
648705597
1000000000
1000000000
1000000000
1000000000
991339106
643145253
950139052
916485862
909616530
939659074
938221423
799467834
1000000000
979458158
487823883
810735693
826267644
761351263
1000000000
978183641
919382426
1000000000
983755662
1000000000
687685897
765655809
687685897
707385732
777426344
1000000000
1000000000
855715165
664269483
751014650
823593080
1000000000
723298989
998190405
711115986
712059825
1000000000
717001099
972878110
884262764
687685897
804551743
1000000000
583532387
1000000000
1000000000
965673920
1000000000
778138238
697124311
1000000000
826982308
1000000000
1000000000
1000000000
624272817
683350258
783333570
899722960
789878607
685790229
1000000000
770951933
1000000000
1000000000
504877435
927016006
743146113
867375797
639580316
811778261
699584204
1000000000
841434697
752626542
1000000000
856421246
653859606
271609940
810735693
995900412
1000000000
990944497
723128376
1000000000
1000000000
743727343
579418188
683897780
703588334
569719661
879655215
707398328
771143865
736637720
1000000000
1000000000
699254747
938572717
784133722
690130676
768848944
678919153
694886920
693656184
789939790
925584706
748997399
687685897
1000000000
789691917
643145253
930170430
813093881
1000000000
948083487
970981119
660840821
987434419
837341284
1000000000
699254747
631599068
841434697
765815589
986329766
756411785
854866492
919382426
1000000000
1000000000
822864637
788173123
814089639
744598726
785980106
751014650
739172497
1000000000
1000000000
807390568
655649918
987042432
1000000000
721719306
1000000000
687685897
881967633
1000000000
1000000000
710964227
1000000000
731464597
1000000000
836301062
625314327
960633793
866024343
1000000000
1000000000
1000000000
1000000000
986329766
683897780
1000000000
1000000000
821730409
1000000000
1000000000
731464597
697124311
907760221
1000000000
751014650
653859606
845337360
841434697
699254747
1000000000
703838530
761351263
1000000000
1000000000
803646424
1000000000
1000000000
1000000000
832029916
767180795
1000000000
841434697
723298989
987042432
1000000000
731464597
1000000000
1000000000
777426344
743979322
905803190
1000000000
1000000000
690841388
960508777
1000000000
645280197
745373218
687685897
844230093
624830642
1000000000
821730409
397688212
948184331
819219065
933132580
1000000000
976053110
735856843
1000000000
757070279
743979322
739172497
731464597
723298989
1000000000
1000000000
852011152
882110954
1000000000
887475963
1000000000
785980327
799467834
697635776
712059825
875540398
1000000000
1000000000
1000000000
731464597
1000000000
1000000000
931782139
785980327
731464597
925636664
962022898
990944497
870629714
711926576
757070279
814178767
982458240
1000000000
1000000000
624830642
890908827
1000000000
882110954
1000000000
1000000000
1000000000
1000000000
877192240
697218073
842720769
683897780
569719661
730941523
818045757
813488345
812951660
707385732
1000000000
1000000000
801851746
910434574
849675119
890908827
875540398
806878030
1000000000
883485328
994005733
778622272
980684614
1000000000
631599068
789939790
1000000000
739172497
655698360
1000000000
914013084
1000000000
1000000000
735222473
788519343
789939790
1000000000
859800663
778114773
895831350
1000000000
850318454
1000000000
752327579
982507890
910434574
655698360
1000000000
957650550
717001099
1000000000
1000000000
991339106
487823883
1000000000
1000000000
978489002
1000000000
845337360
583532387
1000000000
739172497
871078088
972269439
844350504
675301945
803646424
802735083
919059251
1000000000
1000000000
921503945
815545726
1000000000
1000000000
1000000000
1000000000
706789949
1000000000
724503269
1000000000
759293457
1000000000
880423069
690841388
993201697
1000000000
1000000000
1000000000
1000000000
1000000000
1000000000
690841388
1000000000
749797023
980684614
739172497
684938085
771143865
833168028
1000000000
1000000000
898332776
1000000000
1000000000
1000000000
682052995
784484872
771782579
569719661
1000000000
770951933
1000000000
635486218
1000000000
822019948
995474275
810735693
1000000000
1000000000
938828507
1000000000
918766312
761351263
807390568
1000000000
978489002
683897780
617028761
983755662
965192818
756573394
1000000000
988353254
1000000000
691922320
816285854
1000000000
1000000000
699254747
768848944
724129398
1000000000
1000000000
764529865
1000000000
751014650
757070279
887475963
682052995
1000000000
948083487
1000000000
625293260
861473978
1000000000
1000000000
687685897
1000000000
732021416
875165696
797448989
1000000000
1000000000
1000000000
976053110
892410107
908227111
1000000000
857242740
655698360
768848944
1000000000
913669092
1000000000
715838935
888147686
1000000000
992357208
1000000000
1000000000
1000000000
693656184
383956077
583532387
818045757
900114080
1000000000
1000000000
775713446
1000000000
1000000000
1000000000
1000000000
1000000000
804837193
1000000000
1000000000
1000000000
694886920
1000000000
1000000000
1000000000
1000000000
1000000000
854866492
1000000000
1000000000
871870727
711926576
1000000000
861473978
710910026
655649918
1000000000
764529865
972624867
687842811
687685897
1000000000
1000000000
689959710
1000000000
948184331
769597423
1000000000
635486218
892410107
1000000000
740874328
1000000000
1000000000
1000000000
970772889
1000000000
1000000000
916485862
1000000000
801851746
1000000000
1000000000
971756142
1000000000
1000000000
685935526
1000000000
697635776
1000000000
1000000000
1000000000
789590238
1000000000
1000000000
1000000000
732021416
1000000000
858664869
818045757
1000000000
1000000000
1000000000
750495635
1000000000
685790229
1000000000
468947316
583532387
487823883
1000000000
1000000000
1000000000
580348003
1000000000
829089303
721406009
1000000000
771210203
1000000000
694886920
694886920
1000000000
737517288
753805401
899742014
723298989
705033072
1000000000
687685897
1000000000
1000000000
694886920
712059825
678919153
690841388
1000000000
1000000000
1000000000
748198431
771780446
1000000000
782283866
833315749
1000000000
1000000000
919517359
850318454
1000000000
1000000000
1000000000
1000000000
1000000000
887458282
927016006
1000000000
1000000000
1000000000
1000000000
801851746
994257491
836617717
771143865
881967633
797076079
1000000000
948184331
1000000000
1000000000
761056053
655698360
815545726
779669230
757070279
983214058
1000000000
943171291
1000000000
797076079
774060544
745257000
849675119
687685897
1000000000
721406009
1000000000
1000000000
1000000000
875224993
841434697
1000000000
1000000000
1000000000
769128003
768848944
1000000000
868899172
1000000000
1000000000
789691917
855715165
784484872
972258516
983755662
868466056
1000000000
1000000000
486648477
1000000000
1000000000
1000000000
1000000000
1000000000
795053025
981272769
737517288
813093881
869029892
890296709
1000000000
731464597
897685051
1000000000
1000000000
876572197
1000000000
1000000000
925895824
1000000000
1000000000
768848944
1000000000
964584970
1000000000
1000000000
968735092
1000000000
613452709
1000000000
1000000000
1000000000
1000000000
828322861
1000000000
720458221
569719661
995900412
1000000000
736637720
1000000000
769597423
927016006
1000000000
771782579
697635776
1000000000
748404451
945939107
1000000000
803078952
927016006
797448989
1000000000
1000000000
721719306
818888049
751655675
583532387
1000000000
1000000000
881967633
942920768
965673920
775961483
1000000000
795053025
888147686
1000000000
753805401
699254747
1000000000
918766312
1000000000
1000000000
1000000000
1000000000
707921926
1000000000
868466056
752626542
753805401
1000000000
1000000000
837187080
1000000000
715838935
805148302
793923999
967247885
875224993
931782139
823560604
740874328
690130676
1000000000
775497438
789691917
881949885
630563447
1000000000
1000000000
1000000000
803646424
697635776
1000000000
715838935
1000000000
690130676
1000000000
723298989
1000000000
1000000000
1000000000
960508777
744598726
1000000000
1000000000
1000000000
977312910
986851518
764529865
1000000000
1000000000
1000000000
1000000000
1000000000
1000000000
723298989
1000000000
1000000000
940094980
1000000000
875224993
895831350
1000000000
797448989
884035789
1000000000
769128003
1000000000
812483893
810735693
948184331
939912045
737049427
1000000000
864364238
987478136
971756142
918766312
993188381
648705597
1000000000
789590238
806878030
1000000000
1000000000
721116219
1000000000
986329766
936552706
1000000000
745257000
1000000000
1000000000
1000000000
583532387
833168028
1000000000
1000000000
1000000000
1000000000
1000000000
1000000000
1000000000
1000000000
950139052
1000000000
871870727
866690052
1000000000
1000000000
1000000000
1000000000
982507890
1000000000
1000000000
1000000000
850318454
1000000000
1000000000
1000000000
1000000000
732021416
1000000000
1000000000
695267325
881967633
653859606
691922320
1000000000
1000000000
692485335
1000000000
691940974
1000000000
948083487
1000000000
990036003
1000000000
801851746
752626542
1000000000
1000000000
695267325
710910026
1000000000
1000000000
1000000000
1000000000
1000000000
810735693
775284714
1000000000
1000000000
683350258
760437408
934622825
1000000000
655698360
961612688
880423069
803646424
793741522
1000000000
1000000000
1000000000
856421246
1000000000
811778261
919051911
925673985
707385732
1000000000
1000000000
1000000000
1000000000
914096593
687685897
1000000000
1000000000
1000000000
707398328
1000000000
1000000000
1000000000
1000000000
1000000000
1000000000
982507890
880423069
1000000000
803646424
756573394
1000000000
1000000000
813737733
690130676
1000000000
803646424
1000000000
991584169
964637562
1000000000
743979322
986025242
1000000000
687685897
1000000000
1000000000
1000000000
967254432
723298989
1000000000
1000000000
1000000000
923141170
1000000000
803646424
1000000000
1000000000
1000000000
822019948
1000000000
1000000000
1000000000
770951933
1000000000
821864497
1000000000
707385732
1000000000
1000000000
1000000000
1000000000
1000000000
655698360
775713446
1000000000
1000000000
1000000000
1000000000
771143865
1000000000
751014650
1000000000
1000000000
765655809
945724613
1000000000
1000000000
850318454
1000000000
1000000000
748198431
1000000000
803482988
1000000000
1000000000
857242740
1000000000
784133722
1000000000
831493157
769128003
869029892
871103493
867375797
826267644
771210203
1000000000
735222473
914096593
1000000000
880767941
1000000000
1000000000
754987581
1000000000
1000000000
974234987
1000000000
1000000000
815706943
981852177
927628127
740874328
1000000000
1000000000
1000000000
690130676
1000000000
815545726
757070279
902858234
770862619
1000000000
938828507
914013084
743979322
1000000000
783333570
1000000000
1000000000
1000000000
1000000000
916013510
897685051
789691917
739172497
743727343
1000000000
1000000000
1000000000
1000000000
1000000000
1000000000
1000000000
694886920
822253800
1000000000
784445443
1000000000
1000000000
1000000000
987478136
592438576
880767941
983890323
1000000000
926939644
1000000000
1000000000
1000000000
988353254
1000000000
723298989
1000000000
1000000000
1000000000
736118539
865836124
977312910
820982440
774100934
1000000000
1000000000
1000000000
751014650
1000000000
1000000000
1000000000
1000000000
1000000000
1000000000
925895824
1000000000
962022898
966753099
769128003
1000000000
1000000000
1000000000
963952635
1000000000
1000000000
974593182
712059825
1000000000
1000000000
1000000000
1000000000
1000000000
765815589
1000000000
930170430
960508777
905803190
721719306
778114773
1000000000
1000000000
1000000000
1000000000
957164540
624830642
1000000000
1000000000
1000000000
931932943
1000000000
894691236
812951660
1000000000
1000000000
1000000000
1000000000
687685897
1000000000
1000000000
1000000000
807390568
834597133
957650550
1000000000
925895824
1000000000
918766312
1000000000
976053110
963656372
890249146
769597423
895514170
1000000000
1000000000
1000000000
954522514
1000000000
1000000000
655698360
1000000000
1000000000
691940974
1000000000
1000000000
639580316
1000000000
1000000000
691093929
1000000000
1000000000
872562703
1000000000
662990765
939932519
1000000000
1000000000
1000000000
894894303
697124311
1000000000
1000000000
1000000000
1000000000
1000000000
854866492
1000000000
1000000000
713710639
857310055
1000000000
1000000000
1000000000
1000000000
699584204
1000000000
1000000000
1000000000
807390568
1000000000
1000000000
1000000000
683842827
853032294
1000000000
1000000000
1000000000
1000000000
1000000000
880767941
803646424
1000000000
754987581
1000000000
807866968
1000000000
1000000000
1000000000
1000000000
731464597
1000000000
1000000000
1000000000
970981119
730489048
813093881
1000000000
859743596
844739004
697635776
1000000000
1000000000
1000000000
1000000000
1000000000
833168028
927000311
1000000000
1000000000
872562703
1000000000
996980158
1000000000
1000000000
697635776
1000000000
1000000000
1000000000
690841388
699254747
818731037
1000000000
1000000000
868466056
721116219
1000000000
987478136
972878110
1000000000
1000000000
841434697
771210203
1000000000
850318454
721406009
756411785
768848944
1000000000
693656184
1000000000
1000000000
1000000000
617028761
964566607
1000000000
961612688
696864839
1000000000
710481098
1000000000
707385732
1000000000
1000000000
1000000000
1000000000
1000000000
788519343
1000000000
1000000000
1000000000
1000000000
1000000000
907083357
1000000000
865265584
1000000000
655698360
1000000000
1000000000
860798431
1000000000
770951933
1000000000
1000000000
1000000000
1000000000
1000000000
1000000000
1000000000
1000000000
1000000000
965192818
948184331
926317110
1000000000
624409677
1000000000
982458240
1000000000
1000000000
721719306
1000000000
1000000000
830466049
694886920
778114773
1000000000
968735092
1000000000
1000000000
1000000000
1000000000
1000000000
1000000000
1000000000
961612688
1000000000
1000000000
788519343
655649918
1000000000
712059825
854866492
1000000000
1000000000
1000000000
1000000000
1000000000
967254432
807347191
1000000000
774100934
1000000000
1000000000
1000000000
927628127
844230093
705501665
683842827
1000000000
1000000000
895514170
1000000000
1000000000
1000000000
638278773
794857789
1000000000
682052995
1000000000
631650832
1000000000
967254432
1000000000
857310055
1000000000
952478267
1000000000
1000000000
849675119
1000000000
1000000000
739172497
713710639
1000000000
710910026
1000000000
1000000000
1000000000
865548739
1000000000
865265584
695267325
1000000000
983214058
893021747
1000000000
1000000000
1000000000
1000000000
1000000000
1000000000
775284714
1000000000
724503269
1000000000
1000000000
1000000000
699254747
397688212
721719306
732021416
1000000000
991339106
674285528
1000000000
771210203
1000000000
858664869
1000000000
761342366
905917885
1000000000
1000000000
979294382
1000000000
871870727
1000000000
838199578
1000000000
1000000000
683842827
1000000000
1000000000
833315749
770862619
849675119
1000000000
1000000000
1000000000
1000000000
1000000000
1000000000
710910026
1000000000
1000000000
1000000000
1000000000
757070279
916485862
1000000000
1000000000
710964227
960883059
690841388
1000000000
1000000000
1000000000
1000000000
822019948
712059825
1000000000
833315749
1000000000
1000000000
1000000000
710964227
757070279
756411785
1000000000
856421246
1000000000
1000000000
765655809
1000000000
631650832
1000000000
683842827
861130947
1000000000
1000000000
1000000000
818888049
815181436
1000000000
764516154
723128376
945939107
592438576
1000000000
1000000000
752849682
907392089
1000000000
858664869
1000000000
813488345
771117686
1000000000
1000000000
1000000000
1000000000
1000000000
1000000000
1000000000
1000000000
1000000000
682052995
1000000000
1000000000
1000000000
1000000000
1000000000
1000000000
1000000000
1000000000
1000000000
1000000000
905917885
1000000000
1000000000
769597423
1000000000
1000000000
1000000000
1000000000
1000000000
1000000000
690130676
1000000000
1000000000
1000000000
1000000000
542590188
1000000000
1000000000
1000000000
1000000000
1000000000
1000000000
1000000000
1000000000
1000000000
1000000000
1000000000
1000000000
1000000000
1000000000
953316638
1000000000
1000000000
1000000000
1000000000
687685897
624409677
938828507
1000000000
1000000000
1000000000
1000000000
1000000000
880423069
1000000000
1000000000
778114773
964129363
880423069
1000000000
1000000000
978672108
1000000000
1000000000
828322861
631650832
1000000000
1000000000
850902155
712881304
1000000000
1000000000
1000000000
1000000000
1000000000
739172497
1000000000
1000000000
1000000000
769597423
1000000000
1000000000
1000000000
1000000000
1000000000
1000000000
1000000000
1000000000
1000000000
1000000000
682052995
1000000000
1000000000
918766312
1000000000
1000000000
930170430
986851518
1000000000
1000000000
1000000000
774079084
1000000000
1000000000
965684238
1000000000
1000000000
771780446
1000000000
865265584
954407884
1000000000
1000000000
670933209
894805709
1000000000
1000000000
899742014
842720769
1000000000
1000000000
927628127
1000000000
1000000000
694886920
1000000000
1000000000
1000000000
1000000000
774249370
1000000000
1000000000
1000000000
1000000000
783333570
1000000000
1000000000
866690052
1000000000
771210203
697124311
1000000000
1000000000
1000000000
1000000000
721406009
1000000000
1000000000
1000000000
1000000000
1000000000
1000000000
942684986
1000000000
925895824
784445443
1000000000
1000000000
747912451
769128003
1000000000
965522841
774100934
1000000000
1000000000
1000000000
1000000000
1000000000
655649918
1000000000
1000000000
1000000000
1000000000
1000000000
1000000000
1000000000
1000000000
1000000000
775284714
1000000000
1000000000
1000000000
1000000000
1000000000
822019948
1000000000
1000000000
1000000000
771625674
1000000000
933132200
1000000000
910434574
1000000000
1000000000
1000000000
1000000000
1000000000
1000000000
813270464
1000000000
871333261
1000000000
1000000000
1000000000
988004953
1000000000
1000000000
972372296
1000000000
720721033
1000000000
993400279
736637720
1000000000
1000000000
1000000000
1000000000
818888049
1000000000
875224993
1000000000
731464597
868899172
927628127
1000000000
717001099
707385732
1000000000
1000000000
1000000000
1000000000
1000000000
1000000000
1000000000
1000000000
803482988
819219065
756411785
1000000000
1000000000
767180795
658172151
1000000000
1000000000
1000000000
687685897
1000000000
1000000000
867375797
1000000000
1000000000
1000000000
1000000000
1000000000
794857789
813570490
1000000000
1000000000
1000000000
711926576
1000000000
1000000000
1000000000
1000000000
1000000000
1000000000
1000000000
1000000000
977312910
1000000000
731464597
1000000000
1000000000
801474912
944538020
1000000000
1000000000
711115986
1000000000
1000000000
1000000000
820904107
1000000000
1000000000
1000000000
1000000000
892410107
767180795
763978348
1000000000
1000000000
1000000000
1000000000
1000000000
1000000000
1000000000
707385732
1000000000
1000000000
1000000000
687685897
819219065
1000000000
939495248
1000000000
655649918
1000000000
1000000000
820982440
1000000000
816285854
914911879
945939107
793741522
1000000000
730941523
1000000000
1000000000
974234987
987478136
801851746
905917885
1000000000
1000000000
1000000000
1000000000
1000000000
1000000000
902810417
1000000000
691922320
1000000000
1000000000
1000000000
1000000000
1000000000
856421246
1000000000
822864637
721116219
1000000000
1000000000
987434419
819219065
1000000000
833315749
1000000000
788173123
784484872
1000000000
775284714
1000000000
683842827
1000000000
1000000000
1000000000
579418188
1000000000
1000000000
1000000000
1000000000
1000000000
1000000000
691940974
1000000000
810735693
1000000000
1000000000
767225647
992148719
629962822
1000000000
805199134
1000000000
1000000000
1000000000
1000000000
812951660
1000000000
1000000000
960919112
1000000000
579418188
818045757
710910026
795053025
828644977
835611269
1000000000
690841388
1000000000
994257491
1000000000
784133722
939659074
705501665
1000000000
1000000000
813737733
1000000000
1000000000
1000000000
771143865
1000000000
1000000000
1000000000
1000000000
1000000000
914537426
1000000000
1000000000
977312910
989540188
961612688
1000000000
1000000000
1000000000
769597423
765815589
1000000000
1000000000
683842827
1000000000
1000000000
893021747
1000000000
1000000000
1000000000
1000000000
884035789
1000000000
1000000000
1000000000
1000000000
461669950
1000000000
1000000000
1000000000
1000000000
718452541
1000000000
797076079
892410107
1000000000
1000000000
1000000000
995474275
1000000000
1000000000
1000000000
789513446
1000000000
687685897
917705889
712059825
1000000000
1000000000
967247885
1000000000
813093881
1000000000
1000000000
942184251
875340162
1000000000
1000000000
1000000000
1000000000
1000000000
1000000000
1000000000
1000000000
1000000000
894805709
731464597
1000000000
1000000000
942160562
1000000000
1000000000
1000000000
1000000000
1000000000
1000000000
1000000000
774079084
1000000000
1000000000
1000000000
875496550
1000000000
939659074
983890323
1000000000
1000000000
1000000000
1000000000
818888049
1000000000
1000000000
1000000000
1000000000
1000000000
1000000000
1000000000
931932943
938572717
1000000000
887458282
913669092
1000000000
752327579
1000000000
1000000000
715838935
936552706
745257000
1000000000
1000000000
1000000000
1000000000
927016006
1000000000
1000000000
1000000000
1000000000
1000000000
1000000000
1000000000
818045757
1000000000
1000000000
970981119
961976463
875165696
878895102
1000000000
1000000000
1000000000
1000000000
1000000000
1000000000
1000000000
718565394
963952635
1000000000
1000000000
875540398
1000000000
1000000000
961976463
1000000000
888147686
1000000000
989540188
1000000000
1000000000
868586967
971952492
1000000000
1000000000
1000000000
856421246
995702065
1000000000
945177260
1000000000
748404451
666814741
1000000000
1000000000
1000000000
1000000000
1000000000
938828507
1000000000
1000000000
756573394
875496550
1000000000
797448989
1000000000
715838935
1000000000
1000000000
991339106
569719661
983214058
648705597
871333261
1000000000
1000000000
1000000000
1000000000
1000000000
1000000000
1000000000
789590238
504877435
1000000000
1000000000
1000000000
1000000000
1000000000
1000000000
1000000000
1000000000
583532387
850318454
1000000000
794857789
1000000000
1000000000
1000000000
1000000000
793923999
1000000000
1000000000
745257000
1000000000
1000000000
972372296
1000000000
930170430
1000000000
1000000000
1000000000
1000000000
876572197
1000000000
754009810
1000000000
1000000000
1000000000
1000000000
743727343
986851518
1000000000
1000000000
699254747
683842827
1000000000
1000000000
1000000000
1000000000
1000000000
1000000000
1000000000
1000000000
1000000000
1000000000
818045757
973311246
1000000000
1000000000
1000000000
1000000000
1000000000
1000000000
1000000000
1000000000
1000000000
682052995
895514170
939659074
888147686
735856843
1000000000
895376735
1000000000
1000000000
889655041
1000000000
1000000000
1000000000
1000000000
1000000000
1000000000
1000000000
1000000000
818045757
1000000000
198730168
1000000000
662990765
1000000000
881949885
1000000000
1000000000
682052995
812483893
1000000000
830586806
925584706
1000000000
1000000000
721116219
1000000000
915593617
866690052
1000000000
1000000000
1000000000
579418188
982458240
1000000000
1000000000
1000000000
1000000000
1000000000
1000000000
1000000000
903500020
861473978
1000000000
1000000000
761342366
760437408
813093881
1000000000
1000000000
1000000000
1000000000
803482988
1000000000
1000000000
1000000000
1000000000
818045757
803646424
1000000000
1000000000
1000000000
797076079
960919112
1000000000
1000000000
1000000000
933132200
1000000000
1000000000
1000000000
1000000000
1000000000
830525415
1000000000
765815589
1000000000
1000000000
1000000000
1000000000
953079717
974234987
961976463
723298989
1000000000
1000000000
1000000000
1000000000
1000000000
1000000000
1000000000
1000000000
1000000000
1000000000
1000000000
1000000000
1000000000
1000000000
1000000000
1000000000
1000000000
1000000000
1000000000
1000000000
982586633
1000000000
1000000000
712059825
715785700
1000000000
1000000000
871333261
1000000000
886191351
1000000000
1000000000
1000000000
1000000000
820982440
630563447
1000000000
1000000000
1000000000
1000000000
833315749
1000000000
1000000000
1000000000
690841388
994257491
1000000000
1000000000
865265584
1000000000
715838935
701857064
1000000000
1000000000
1000000000
1000000000
1000000000
1000000000
696864839
892329126
1000000000
1000000000
871982961
1000000000
1000000000
1000000000
1000000000
1000000000
705501665
1000000000
1000000000
1000000000
1000000000
1000000000
1000000000
890249146
1000000000
1000000000
712059825
1000000000
765655809
1000000000
1000000000
1000000000
1000000000
954522514
828817032
995900412
1000000000
887458282
1000000000
1000000000
1000000000
1000000000
1000000000
1000000000
849675119
1000000000
967247885
1000000000
873553033
1000000000
1000000000
1000000000
740972601
1000000000
789691917
1000000000
1000000000
1000000000
822019948
1000000000
916485862
956673029
1000000000
1000000000
826267644
1000000000
1000000000
1000000000
1000000000
1000000000
771210203
1000000000
1000000000
1000000000
1000000000
818045757
997629925
1000000000
1000000000
1000000000
1000000000
939659074
1000000000
1000000000
682052995
1000000000
1000000000
1000000000
1000000000
886191351
820904107
954522514
1000000000
1000000000
737517288
752626542
844739004
1000000000
1000000000
1000000000
1000000000
1000000000
876572197
845489239
778825305
919382426
1000000000
1000000000
1000000000
1000000000
1000000000
1000000000
1000000000
1000000000
1000000000
1000000000
1000000000
1000000000
768848944
1000000000
1000000000
1000000000
1000000000
1000000000
1000000000
1000000000
1000000000
1000000000
1000000000
983214058
681683636
1000000000
1000000000
1000000000
1000000000
1000000000
1000000000
1000000000
745303221
1000000000
1000000000
1000000000
583532387
1000000000
1000000000
953316638
1000000000
1000000000
1000000000
1000000000
1000000000
1000000000
1000000000
1000000000
1000000000
1000000000
1000000000
957164540
1000000000
1000000000
1000000000
1000000000
1000000000
819264647
1000000000
1000000000
1000000000
1000000000
678919153
1000000000
1000000000
1000000000
1000000000
1000000000
778114773
1000000000
1000000000
1000000000
707385732
1000000000
1000000000
1000000000
1000000000
1000000000
769128003
1000000000
1000000000
1000000000
1000000000
1000000000
1000000000
1000000000
1000000000
1000000000
801608152
854866492
1000000000
1000000000
1000000000
919726721
1000000000
748404451
986851518
682052995
1000000000
1000000000
1000000000
1000000000
1000000000
1000000000
814089639
1000000000
1000000000
1000000000
1000000000
1000000000
1000000000
914911879
1000000000
1000000000
1000000000
1000000000
1000000000
1000000000
1000000000
1000000000
1000000000
1000000000
1000000000
1000000000
1000000000
1000000000
1000000000
1000000000
821730409
1000000000
1000000000
1000000000
1000000000
876003261
784484872
1000000000
1000000000
1000000000
1000000000
1000000000
1000000000
1000000000
397688212
1000000000
1000000000
1000000000
1000000000
747156369
1000000000
1000000000
1000000000
1000000000
820982440
1000000000
655698360
1000000000
1000000000
1000000000
1000000000
986329766
683842827
1000000000
875165696
757070279
1000000000
683350258
1000000000
1000000000
625314327
1000000000
1000000000
1000000000
1000000000
1000000000
1000000000
1000000000
964584970
908394434
1000000000
1000000000
1000000000
1000000000
803646424
905408538
693656184
1000000000
821730409
1000000000
1000000000
886191351
1000000000
1000000000
1000000000
1000000000
1000000000
1000000000
1000000000
815545726
1000000000
1000000000
1000000000
1000000000
1000000000
1000000000
1000000000
943171291
639580316
1000000000
836617717
711926576
1000000000
1000000000
850318454
1000000000
1000000000
712059825
1000000000
1000000000
1000000000
1000000000
1000000000
936552706
939912045
1000000000
1000000000
1000000000
1000000000
1000000000
1000000000
1000000000
1000000000
1000000000
1000000000
699584204
1000000000
1000000000
1000000000
1000000000
769597423
1000000000
1000000000
905917885
1000000000
725033749
925495159
1000000000
1000000000
1000000000
1000000000
820982440
1000000000
1000000000
1000000000
725033749
1000000000
1000000000
1000000000
850796293
1000000000
865548739
1000000000
1000000000
1000000000
769597423
1000000000
1000000000
1000000000
1000000000
751014650
583532387
1000000000
995702065
1000000000
697124311
1000000000
1000000000
1000000000
1000000000
991339106
1000000000
1000000000
1000000000
1000000000
1000000000
1000000000
1000000000
1000000000
1000000000
1000000000
1000000000
986025242
1000000000
813093881
1000000000
745257000
715838935
1000000000
1000000000
1000000000
1000000000
1000000000
1000000000
1000000000
1000000000
691940974
1000000000
1000000000
730489048
1000000000
915910328
1000000000
1000000000
1000000000
735222473
1000000000
655649918
1000000000
980571085
1000000000
1000000000
1000000000
1000000000
1000000000
1000000000
1000000000
1000000000
1000000000
847727215
894805709
1000000000
897685051
1000000000
731464597
919382426
925895824
1000000000
1000000000
1000000000
756411785
697635776
682052995
931782139
1000000000
1000000000
1000000000
855715165
987597199
1000000000
1000000000
978824620
1000000000
871103493
967247885
1000000000
1000000000
1000000000
1000000000
1000000000
1000000000
775713446
1000000000
1000000000
891523590
1000000000
1000000000
1000000000
860798431
1000000000
1000000000
1000000000
1000000000
1000000000
981272769
768797461
1000000000
799467834
1000000000
1000000000
1000000000
1000000000
1000000000
1000000000
1000000000
1000000000
811778261
1000000000
994005733
1000000000
1000000000
1000000000
879655215
1000000000
1000000000
1000000000
1000000000
989218399
1000000000
978183641
1000000000
1000000000
1000000000
1000000000
1000000000
1000000000
1000000000
771143865
1000000000
691720839
1000000000
775284714
1000000000
730489048
1000000000
743979322
871103493
1000000000
757070279
1000000000
1000000000
711926576
1000000000
1000000000
1000000000
1000000000
897685051
1000000000
862159515
1000000000
1000000000
1000000000
889655041
1000000000
1000000000
1000000000
1000000000
1000000000
1000000000
1000000000
1000000000
1000000000
813093881
1000000000
815181436
947948827
685790229
1000000000
1000000000
1000000000
1000000000
1000000000
707385732
1000000000
1000000000
818888049
1000000000
1000000000
1000000000
1000000000
1000000000
1000000000
1000000000
1000000000
707385732
1000000000
1000000000
1000000000
1000000000
1000000000
978489002
777426344
699254747
916013510
880423069
1000000000
1000000000
1000000000
1000000000
1000000000
1000000000
1000000000
1000000000
1000000000
1000000000
1000000000
1000000000
1000000000
1000000000
1000000000
591545956
620996897
1000000000
1000000000
1000000000
1000000000
1000000000
1000000000
945939107
1000000000
1000000000
1000000000
1000000000
695117320
1000000000
1000000000
1000000000
1000000000
1000000000
1000000000
1000000000
1000000000
1000000000
986329766
894805709
1000000000
1000000000
1000000000
921823018
770951933
1000000000
1000000000
1000000000
1000000000
1000000000
1000000000
1000000000
1000000000
754305061
1000000000
1000000000
678611626
1000000000
1000000000
918766312
1000000000
1000000000
1000000000
1000000000
1000000000
1000000000
579418188
977824855
993188381
1000000000
1000000000
655698360
1000000000
1000000000
1000000000
1000000000
1000000000
1000000000
876150481
1000000000
841434697
1000000000
1000000000
1000000000
803646424
1000000000
1000000000
1000000000
871982961
842720769
723298989
1000000000
1000000000
1000000000
789590238
1000000000
697124311
743979322
1000000000
1000000000
1000000000
1000000000
1000000000
1000000000
1000000000
1000000000
740874328
1000000000
1000000000
1000000000
1000000000
1000000000
1000000000
1000000000
1000000000
1000000000
1000000000
1000000000
1000000000
1000000000
690841388
1000000000
1000000000
797076079
1000000000
1000000000
1000000000
1000000000
1000000000
971756142
1000000000
914096593
715838935
1000000000
1000000000
1000000000
1000000000
821730409
1000000000
1000000000
1000000000
1000000000
1000000000
1000000000
913669092
821730409
1000000000
1000000000
1000000000
1000000000
1000000000
1000000000
987478136
731464597
1000000000
1000000000
685790229
721116219
1000000000
1000000000
1000000000
1000000000
1000000000
1000000000
1000000000
1000000000
1000000000
803204230
1000000000
872562703
1000000000
1000000000
1000000000
1000000000
1000000000
1000000000
1000000000
1000000000
1000000000
705501665
1000000000
1000000000
1000000000
1000000000
1000000000
1000000000
1000000000
1000000000
1000000000
1000000000
867375797
1000000000
842720769
1000000000
812483893
1000000000
1000000000
1000000000
1000000000
1000000000
945939107
1000000000
1000000000
1000000000
1000000000
1000000000
961976463
1000000000
1000000000
1000000000
806878030
761056053
1000000000
1000000000
1000000000
1000000000
960919112
1000000000
1000000000
1000000000
1000000000
1000000000
978824620
1000000000
1000000000
1000000000
1000000000
1000000000
1000000000
1000000000
648705597
1000000000
1000000000
1000000000
697635776
997912888
1000000000
1000000000
1000000000
1000000000
769128003
1000000000
850902155
1000000000
1000000000
1000000000
1000000000
1000000000
1000000000
1000000000
1000000000
1000000000
1000000000
769987329
1000000000
1000000000
965684238
1000000000
1000000000
1000000000
695267325
976053110
1000000000
819219065
1000000000
978672108
801851746
821864497
1000000000
979458158
974593182
1000000000
1000000000
892410107
1000000000
1000000000
937313348
691940974
1000000000
1000000000
1000000000
1000000000
1000000000
1000000000
1000000000
1000000000
1000000000
1000000000
1000000000
1000000000
1000000000
1000000000
1000000000
1000000000
1000000000
875207867
876572197
1000000000
1000000000
1000000000
1000000000
1000000000
1000000000
1000000000
1000000000
1000000000
1000000000
1000000000
848331615
961612688
1000000000
1000000000
1000000000
1000000000
924151044
1000000000
1000000000
1000000000
914096593
1000000000
1000000000
780090823
1000000000
1000000000
1000000000
1000000000
1000000000
828322861
838199578
1000000000
1000000000
699584204
1000000000
989752779
775713446
1000000000
1000000000
1000000000
655698360
1000000000
769597423
1000000000
857242740
957650550
1000000000
1000000000
1000000000
1000000000
1000000000
1000000000
1000000000
1000000000
1000000000
1000000000
897685051
1000000000
1000000000
1000000000
1000000000
1000000000
1000000000
1000000000
625314327
1000000000
691940974
698605698
723298989
1000000000
1000000000
1000000000
1000000000
730941523
1000000000
799467834
1000000000
1000000000
1000000000
1000000000
1000000000
1000000000
819219065
1000000000
1000000000
909616530
1000000000
1000000000
1000000000
712059825
1000000000
1000000000
1000000000
1000000000
833168028
1000000000
971952492
1000000000
1000000000
1000000000
1000000000
1000000000
1000000000
723335158
1000000000
897685051
1000000000
1000000000
1000000000
1000000000
1000000000
1000000000
1000000000
915815677
1000000000
1000000000
1000000000
1000000000
1000000000
1000000000
1000000000
1000000000
1000000000
961612688
1000000000
1000000000
1000000000
1000000000
1000000000
1000000000
1000000000
966753099
1000000000
1000000000
1000000000
1000000000
1000000000
1000000000
695267325
1000000000
1000000000
1000000000
998505471
1000000000
1000000000
1000000000
1000000000
1000000000
1000000000
1000000000
1000000000
1000000000
1000000000
1000000000
1000000000
685790229
695267325
1000000000
1000000000
1000000000
1000000000
1000000000
857604933
1000000000
856421246
1000000000
1000000000
1000000000
1000000000
994005733
1000000000
1000000000
1000000000
693952665
1000000000
1000000000
1000000000
1000000000
1000000000
1000000000
1000000000
1000000000
1000000000
1000000000
1000000000
1000000000
1000000000
822447864
1000000000
813488345
1000000000
1000000000
1000000000
1000000000
683350258
828644977
1000000000
935900324
1000000000
683842827
1000000000
1000000000
1000000000
1000000000
1000000000
1000000000
1000000000
1000000000
822019948
1000000000
1000000000
1000000000
683897780
1000000000
1000000000
1000000000
818045757
1000000000
1000000000
1000000000
1000000000
1000000000
1000000000
655649918
1000000000
1000000000
842720769
1000000000
1000000000
1000000000
1000000000
1000000000
1000000000
1000000000
1000000000
1000000000
1000000000
833735539
871982961
860798431
1000000000
982458240
1000000000
1000000000
1000000000
1000000000
907083357
1000000000
1000000000
968068002
778138238
1000000000
1000000000
830586806
683842827
1000000000
1000000000
1000000000
1000000000
1000000000
1000000000
1000000000
1000000000
1000000000
1000000000
1000000000
1000000000
1000000000
848331615
1000000000
1000000000
1000000000
1000000000
1000000000
855715165
849675119
947948827
1000000000
1000000000
1000000000
1000000000
1000000000
1000000000
1000000000
1000000000
1000000000
1000000000
1000000000
1000000000
1000000000
1000000000
1000000000
1000000000
1000000000
1000000000
1000000000
1000000000
1000000000
1000000000
1000000000
1000000000
793741522
1000000000
1000000000
1000000000
946643303
816285854
1000000000
707385732
1000000000
1000000000
1000000000
1000000000
1000000000
1000000000
585681940
778825305
1000000000
1000000000
1000000000
921425360
1000000000
1000000000
1000000000
1000000000
855715165
916397280
1000000000
1000000000
1000000000
1000000000
487823883
1000000000
1000000000
1000000000
961976463
1000000000
691940974
850318454
1000000000
1000000000
1000000000
1000000000
1000000000
1000000000
1000000000
888147686
1000000000
1000000000
1000000000
1000000000
813093881
1000000000
997912888
1000000000
1000000000
956673029
694886920
1000000000
1000000000
630563447
1000000000
1000000000
715838935
761351263
1000000000
1000000000
1000000000
1000000000
1000000000
1000000000
831805465
857242740
1000000000
1000000000
1000000000
1000000000
981998382
1000000000
887458282
690841388
1000000000
1000000000
914537426
1000000000
1000000000
1000000000
1000000000
938131762
1000000000
803646424
1000000000
1000000000
1000000000
884035789
1000000000
1000000000
1000000000
1000000000
1000000000
697124311
1000000000
991584169
838462253
1000000000
1000000000
1000000000
1000000000
1000000000
771143865
1000000000
813093881
1000000000
803482988
1000000000
1000000000
977290786
1000000000
1000000000
699254747
1000000000
944234930
1000000000
1000000000
1000000000
1000000000
1000000000
1000000000
1000000000
1000000000
1000000000
1000000000
1000000000
1000000000
1000000000
1000000000
1000000000
1000000000
1000000000
902858234
1000000000
1000000000
697635776
1000000000
1000000000
1000000000
1000000000
1000000000
1000000000
617028761
1000000000
905408538
983755662
801851746
1000000000
1000000000
1000000000
1000000000
1000000000
1000000000
1000000000
1000000000
1000000000
1000000000
1000000000
1000000000
1000000000
1000000000
1000000000
1000000000
1000000000
1000000000
1000000000
1000000000
1000000000
1000000000
1000000000
1000000000
828644977
1000000000
1000000000
1000000000
1000000000
1000000000
1000000000
1000000000
1000000000
666814741
1000000000
829570157
1000000000
1000000000
1000000000
1000000000
869029892
1000000000
1000000000
1000000000
1000000000
723298989
756411785
1000000000
934622825
753514020
1000000000
1000000000
939659074
990081442
1000000000
1000000000
1000000000
995291620
1000000000
1000000000
1000000000
1000000000
982458240
714545773
1000000000
1000000000
1000000000
699584204
1000000000
1000000000
1000000000
1000000000
1000000000
1000000000
1000000000
1000000000
1000000000
979458158
712059825
1000000000
1000000000
861130947
1000000000
1000000000
1000000000
1000000000
1000000000
1000000000
1000000000
915529639
1000000000
768848944
1000000000
687685897
1000000000
691940974
1000000000
1000000000
1000000000
1000000000
1000000000
1000000000
818045757
1000000000
1000000000
1000000000
1000000000
1000000000
861130947
721406009
1000000000
868935165
1000000000
1000000000
1000000000
813737733
1000000000
1000000000
1000000000
1000000000
1000000000
1000000000
954998496
1000000000
1000000000
1000000000
813488345
1000000000
1000000000
887708072
1000000000
1000000000
1000000000
1000000000
1000000000
1000000000
1000000000
913238249
1000000000
991917221
1000000000
1000000000
1000000000
1000000000
1000000000
731464597
1000000000
1000000000
1000000000
1000000000
1000000000
968068002
1000000000
947948827
1000000000
1000000000
1000000000
735086450
927628127
1000000000
701857064
1000000000
991917221
1000000000
1000000000
1000000000
1000000000
983890323
1000000000
1000000000
711115986
1000000000
1000000000
1000000000
1000000000
1000000000
995474275
1000000000
1000000000
953316638
1000000000
1000000000
1000000000
1000000000
1000000000
799467834
592438576
1000000000
1000000000
1000000000
1000000000
1000000000
1000000000
1000000000
1000000000
1000000000
1000000000
1000000000
1000000000
879655215
819219065
1000000000
1000000000
993201697
935476873
1000000000
712059825
1000000000
710910026
1000000000
890908827
1000000000
1000000000
1000000000
983247628
1000000000
1000000000
1000000000
1000000000
971952492
1000000000
736637720
1000000000
1000000000
977290786
1000000000
1000000000
1000000000
1000000000
1000000000
1000000000
925584706
1000000000
1000000000
1000000000
1000000000
1000000000
1000000000
1000000000
1000000000
1000000000
1000000000
1000000000
1000000000
858664869
1000000000
1000000000
807390568
789513446
1000000000
1000000000
1000000000
1000000000
1000000000
1000000000
1000000000
1000000000
1000000000
1000000000
1000000000
1000000000
1000000000
1000000000
1000000000
1000000000
1000000000
1000000000
1000000000
1000000000
1000000000
1000000000
851014152
1000000000
720721033
1000000000
1000000000
1000000000
1000000000
1000000000
740874328
1000000000
739172497
1000000000
1000000000
1000000000
952478267
1000000000
833168028
1000000000
851138247
1000000000
1000000000
1000000000
976053110
1000000000
1000000000
1000000000
1000000000
1000000000
1000000000
1000000000
991917221
1000000000
1000000000
1000000000
1000000000
768848944
1000000000
1000000000
743979322
1000000000
1000000000
1000000000
1000000000
989752779
1000000000
1000000000
1000000000
1000000000
1000000000
1000000000
748198431
1000000000
1000000000
1000000000
1000000000
1000000000
1000000000
868899172
1000000000
1000000000
1000000000
836533625
1000000000
1000000000
1000000000
1000000000
1000000000
1000000000
1000000000
997912888
1000000000
812951660
1000000000
1000000000
859800663
1000000000
1000000000
1000000000
1000000000
1000000000
1000000000
1000000000
1000000000
1000000000
1000000000
1000000000
1000000000
1000000000
1000000000
1000000000
1000000000
1000000000
1000000000
1000000000
1000000000
1000000000
1000000000
1000000000
925895824
1000000000
1000000000
964129363
1000000000
1000000000
1000000000
1000000000
1000000000
1000000000
1000000000
1000000000
1000000000
1000000000
1000000000
1000000000
1000000000
1000000000
1000000000
1000000000
1000000000
1000000000
1000000000
1000000000
1000000000
1000000000
1000000000
1000000000
1000000000
1000000000
1000000000
1000000000
1000000000
1000000000
1000000000
1000000000
631650832
1000000000
1000000000
1000000000
1000000000
1000000000
1000000000
1000000000
1000000000
1000000000
1000000000
1000000000
919382426
808684814
1000000000
959810145
1000000000
1000000000
1000000000
1000000000
1000000000
1000000000
717001099
1000000000
1000000000
805148302
1000000000
1000000000
1000000000
943171291
1000000000
1000000000
1000000000
919059251
1000000000
1000000000
1000000000
841025454
1000000000
1000000000
1000000000
1000000000
1000000000
1000000000
1000000000
1000000000
1000000000
1000000000
1000000000
919382426
1000000000
1000000000
1000000000
1000000000
1000000000
798484452
1000000000
1000000000
789337975
804651633
1000000000
1000000000
1000000000
1000000000
1000000000
1000000000
1000000000
1000000000
1000000000
1000000000
1000000000
1000000000
1000000000
876003261
1000000000
1000000000
1000000000
940094980
1000000000
1000000000
1000000000
1000000000
1000000000
1000000000
1000000000
1000000000
986851518
1000000000
1000000000
1000000000
1000000000
1000000000
916013510
1000000000
1000000000
1000000000
1000000000
1000000000
1000000000
819219065
836617717
1000000000
1000000000
1000000000
748404451
1000000000
935900324
1000000000
1000000000
1000000000
1000000000
818045757
1000000000
967254432
1000000000
1000000000
748404451
819264647
1000000000
1000000000
1000000000
1000000000
1000000000
774100934
1000000000
1000000000
1000000000
1000000000
682052995
1000000000
711926576
1000000000
1000000000
1000000000
1000000000
887708072
1000000000
1000000000
1000000000
1000000000
933132200
797811286
820904107
1000000000
690841388
1000000000
1000000000
1000000000
1000000000
1000000000
1000000000
1000000000
1000000000
939495248
757070279
1000000000
1000000000
1000000000
740874328
1000000000
773686343
1000000000
1000000000
1000000000
1000000000
1000000000
1000000000
1000000000
1000000000
1000000000
1000000000
1000000000
1000000000
990944497
1000000000
1000000000
1000000000
1000000000
1000000000
1000000000
767180795
1000000000
1000000000
1000000000
1000000000
1000000000
757070279
1000000000
1000000000
1000000000
994257491
1000000000
569719661
1000000000
1000000000
1000000000
1000000000
1000000000
1000000000
710964227
1000000000
1000000000
1000000000
1000000000
1000000000
1000000000
1000000000
1000000000
1000000000
1000000000
1000000000
1000000000
1000000000
1000000000
1000000000
1000000000
766640255
1000000000
1000000000
1000000000
1000000000
1000000000
1000000000
1000000000
1000000000
902858234
868899172
1000000000
1000000000
1000000000
1000000000
1000000000
961612688
1000000000
1000000000
1000000000
1000000000
1000000000
782722129
933132200
631650832
1000000000
1000000000
1000000000
989752779
1000000000
1000000000
886191351
1000000000
861130947
1000000000
1000000000
1000000000
748198431
1000000000
1000000000
721719306
1000000000
1000000000
756411785
1000000000
1000000000
905408538
1000000000
1000000000
902858234
1000000000
1000000000
774100934
1000000000
1000000000
1000000000
1000000000
905917885
1000000000
1000000000
1000000000
1000000000
1000000000
1000000000
861473978
1000000000
1000000000
777426344
1000000000
1000000000
785980327
1000000000
949797840
1000000000
987478136
1000000000
1000000000
1000000000
1000000000
1000000000
769128003
1000000000
1000000000
1000000000
1000000000
1000000000
1000000000
828322861
769128003
1000000000
1000000000
1000000000
1000000000
1000000000
1000000000
1000000000
707385732
1000000000
1000000000
1000000000
1000000000
1000000000
1000000000
1000000000
1000000000
1000000000
1000000000
1000000000
1000000000
1000000000
1000000000
1000000000
1000000000
687685897
933132200
1000000000
1000000000
1000000000
1000000000
774100934
1000000000
1000000000
1000000000
899722960
731464597
971756142
1000000000
1000000000
1000000000
1000000000
1000000000
1000000000
1000000000
781238523
1000000000
1000000000
1000000000
1000000000
1000000000
1000000000
1000000000
1000000000
1000000000
1000000000
1000000000
1000000000
1000000000
1000000000
1000000000
914096593
1000000000
730489048
1000000000
1000000000
1000000000
1000000000
1000000000
1000000000
1000000000
841059227
1000000000
1000000000
1000000000
928608509
1000000000
1000000000
977312910
1000000000
1000000000
1000000000
1000000000
1000000000
1000000000
1000000000
1000000000
1000000000
789590238
1000000000
991339106
1000000000
1000000000
1000000000
1000000000
1000000000
890249146
1000000000
1000000000
1000000000
940094980
1000000000
1000000000
1000000000
1000000000
687685897
980684614
1000000000
1000000000
1000000000
1000000000
1000000000
814178767
1000000000
1000000000
1000000000
1000000000
740874328
1000000000
1000000000
1000000000
1000000000
1000000000
1000000000
1000000000
1000000000
1000000000
1000000000
1000000000
1000000000
1000000000
1000000000
788173123
1000000000
1000000000
994257491
784445443
1000000000
1000000000
1000000000
1000000000
652097751
1000000000
1000000000
1000000000
813093881
1000000000
1000000000
1000000000
1000000000
1000000000
1000000000
1000000000
1000000000
1000000000
1000000000
1000000000
1000000000
751014650
1000000000
1000000000
1000000000
1000000000
1000000000
1000000000
1000000000
1000000000
1000000000
1000000000
1000000000
778825305
1000000000
1000000000
1000000000
1000000000
1000000000
1000000000
1000000000
1000000000
1000000000
655698360
1000000000
769562029
707385732
842720769
1000000000
690130676
1000000000
1000000000
1000000000
1000000000
1000000000
1000000000
1000000000
1000000000
1000000000
1000000000
1000000000
910344488
1000000000
1000000000
1000000000
1000000000
887708072
1000000000
1000000000
1000000000
1000000000
1000000000
1000000000
1000000000
1000000000
1000000000
1000000000
1000000000
1000000000
1000000000
1000000000
1000000000
1000000000
1000000000
1000000000
1000000000
1000000000
1000000000
1000000000
1000000000
1000000000
1000000000
1000000000
1000000000
876518260
1000000000
1000000000
1000000000
1000000000
1000000000
1000000000
1000000000
1000000000
887708072
1000000000
1000000000
1000000000
1000000000
1000000000
1000000000
1000000000
1000000000
1000000000
966753099
1000000000
687685897
905408538
1000000000
1000000000
1000000000
1000000000
1000000000
1000000000
1000000000
1000000000
682052995
899722960
1000000000
1000000000
1000000000
910344488
694886920
1000000000
1000000000
1000000000
1000000000
849675119
1000000000
1000000000
1000000000
1000000000
957164540
1000000000
1000000000
1000000000
1000000000
1000000000
1000000000
1000000000
1000000000
1000000000
1000000000
1000000000
1000000000
1000000000
1000000000
884856410
1000000000
1000000000
1000000000
1000000000
1000000000
1000000000
865548739
1000000000
1000000000
966753099
1000000000
1000000000
1000000000
694886920
1000000000
1000000000
1000000000
991584169
1000000000
1000000000
1000000000
1000000000
938828507
1000000000
1000000000
1000000000
1000000000
1000000000
1000000000
914096593
1000000000
1000000000
1000000000
1000000000
978824620
1000000000
1000000000
1000000000
1000000000
1000000000
1000000000
1000000000
1000000000
1000000000
1000000000
1000000000
1000000000
952478267
1000000000
1000000000
1000000000
925636664
1000000000
723298989
1000000000
1000000000
1000000000
1000000000
1000000000
1000000000
927628127
1000000000
1000000000
1000000000
1000000000
1000000000
849675119
1000000000
1000000000
1000000000
1000000000
1000000000
1000000000
1000000000
1000000000
1000000000
1000000000
917705889
892410107
982507890
1000000000
1000000000
1000000000
1000000000
1000000000
1000000000
819219065
1000000000
1000000000
1000000000
1000000000
1000000000
1000000000
1000000000
1000000000
1000000000
1000000000
1000000000
1000000000
1000000000
1000000000
1000000000
1000000000
1000000000
1000000000
1000000000
1000000000
1000000000
1000000000
1000000000
1000000000
1000000000
1000000000
1000000000
721116219
828817032
1000000000
1000000000
1000000000
1000000000
1000000000
1000000000
1000000000
1000000000
1000000000
916622007
1000000000
1000000000
1000000000
876572197
1000000000
1000000000
1000000000
1000000000
1000000000
1000000000
1000000000
1000000000
1000000000
1000000000
1000000000
1000000000
1000000000
823729042
1000000000
1000000000
1000000000
1000000000
914096593
1000000000
1000000000
1000000000
826267644
1000000000
1000000000
1000000000
1000000000
1000000000
1000000000
892726222
727426056
1000000000
1000000000
1000000000
1000000000
1000000000
1000000000
1000000000
1000000000
1000000000
1000000000
1000000000
1000000000
880423069
1000000000
1000000000
1000000000
1000000000
1000000000
1000000000
1000000000
1000000000
1000000000
1000000000
1000000000
822024328
1000000000
973311246
1000000000
1000000000
1000000000
1000000000
1000000000
1000000000
1000000000
1000000000
1000000000
1000000000
1000000000
1000000000
1000000000
1000000000
1000000000
1000000000
1000000000
986329766
1000000000
1000000000
1000000000
1000000000
942184251
1000000000
1000000000
1000000000
1000000000
1000000000
1000000000
1000000000
1000000000
1000000000
583532387
1000000000
1000000000
821730409
1000000000
504877435
1000000000
1000000000
1000000000
1000000000
1000000000
1000000000
1000000000
1000000000
1000000000
1000000000
1000000000
1000000000
1000000000
1000000000
1000000000
1000000000
1000000000
1000000000
1000000000
1000000000
1000000000
1000000000
1000000000
1000000000
1000000000
1000000000
735222473
771210203
1000000000
1000000000
1000000000
1000000000
1000000000
1000000000
1000000000
1000000000
1000000000
1000000000
1000000000
1000000000
1000000000
871982961
1000000000
1000000000
1000000000
1000000000
865548739
811778261
1000000000
1000000000
938131762
1000000000
1000000000
1000000000
1000000000
1000000000
865265584
1000000000
1000000000
905917885
1000000000
1000000000
1000000000
1000000000
743146113
813093881
1000000000
914096593
1000000000
942160562
1000000000
1000000000
1000000000
1000000000
1000000000
1000000000
901921428
1000000000
1000000000
1000000000
1000000000
1000000000
838199578
1000000000
1000000000
1000000000
1000000000
1000000000
1000000000
1000000000
1000000000
1000000000
1000000000
1000000000
900427266
1000000000
1000000000
1000000000
813093881
1000000000
1000000000
1000000000
1000000000
1000000000
1000000000
1000000000
1000000000
1000000000
1000000000
1000000000
1000000000
1000000000
655698360
1000000000
1000000000
1000000000
1000000000
1000000000
1000000000
1000000000
1000000000
1000000000
1000000000
1000000000
1000000000
1000000000
1000000000
1000000000
1000000000
1000000000
1000000000
1000000000
1000000000
1000000000
1000000000
1000000000
1000000000
1000000000
1000000000
915593617
1000000000
1000000000
1000000000
1000000000
1000000000
1000000000
1000000000
1000000000
998811634
1000000000
1000000000
786369991
1000000000
1000000000
1000000000
1000000000
1000000000
1000000000
813270464
1000000000
1000000000
1000000000
1000000000
1000000000
1000000000
1000000000
1000000000
1000000000
1000000000
1000000000
1000000000
1000000000
1000000000
819219065
1000000000
763824179
1000000000
1000000000
967247885
1000000000
795053025
1000000000
783333570
1000000000
1000000000
1000000000
1000000000
1000000000
1000000000
1000000000
1000000000
1000000000
1000000000
1000000000
1000000000
1000000000
1000000000
1000000000
1000000000
1000000000
692485335
1000000000
1000000000
1000000000
953316638
1000000000
1000000000
1000000000
1000000000
1000000000
1000000000
1000000000
1000000000
1000000000
1000000000
1000000000
1000000000
1000000000
1000000000
998505471
1000000000
1000000000
1000000000
925895824
1000000000
1000000000
876572197
1000000000
1000000000
655698360
1000000000
1000000000
1000000000
841138197
997629925
1000000000
1000000000
1000000000
721116219
1000000000
1000000000
865548739
1000000000
1000000000
1000000000
1000000000
1000000000
753514020
1000000000
1000000000
1000000000
1000000000
1000000000
1000000000
1000000000
725033749
978183641
1000000000
916013510
1000000000
1000000000
823923427
1000000000
1000000000
1000000000
763824179
1000000000
1000000000
1000000000
1000000000
1000000000
1000000000
1000000000
1000000000
1000000000
816285854
745257000
822019948
1000000000
1000000000
1000000000
1000000000
1000000000
1000000000
1000000000
1000000000
1000000000
927000311
1000000000
1000000000
1000000000
1000000000
1000000000
1000000000
961976463
769597423
1000000000
1000000000
1000000000
774100934
1000000000
1000000000
1000000000
1000000000
1000000000
1000000000
1000000000
1000000000
875165696
1000000000
1000000000
1000000000
850902155
1000000000
1000000000
1000000000
1000000000
1000000000
1000000000
1000000000
1000000000
820982440
1000000000
1000000000
944538020
1000000000
1000000000
1000000000
1000000000
1000000000
1000000000
1000000000
1000000000
1000000000
1000000000
1000000000
1000000000
1000000000
1000000000
1000000000
1000000000
974593182
1000000000
1000000000
1000000000
1000000000
1000000000
1000000000
1000000000
1000000000
797448989
1000000000
1000000000
1000000000
1000000000
1000000000
916622007
1000000000
974234987
1000000000
1000000000
1000000000
1000000000
1000000000
826267644
1000000000
1000000000
1000000000
730941523
1000000000
943171291
977290786
1000000000
569719661
1000000000
1000000000
1000000000
1000000000
789590238
1000000000
1000000000
1000000000
1000000000
1000000000
1000000000
1000000000
1000000000
1000000000
1000000000
1000000000
1000000000
1000000000
981852177
1000000000
665771358
745257000
982507890
1000000000
735222473
1000000000
1000000000
1000000000
1000000000
1000000000
1000000000
1000000000
1000000000
1000000000
1000000000
690841388
1000000000
765815589
1000000000
1000000000
1000000000
849675119
1000000000
1000000000
1000000000
1000000000
1000000000
1000000000
1000000000
997711195
865265584
1000000000
1000000000
743727343
1000000000
1000000000
815181436
1000000000
1000000000
1000000000
1000000000
1000000000
1000000000
914096593
763824179
1000000000
745257000
1000000000
1000000000
1000000000
1000000000
1000000000
1000000000
1000000000
1000000000
1000000000
1000000000
753805401
1000000000
1000000000
1000000000
1000000000
1000000000
851138247
1000000000
1000000000
1000000000
716652911
1000000000
1000000000
907083357
1000000000
1000000000
1000000000
1000000000
1000000000
1000000000
1000000000
1000000000
1000000000
1000000000
1000000000
1000000000
1000000000
1000000000
1000000000
1000000000
1000000000
1000000000
1000000000
1000000000
1000000000
713710639
1000000000
771210203
1000000000
1000000000
1000000000
1000000000
1000000000
1000000000
1000000000
1000000000
1000000000
1000000000
1000000000
1000000000
1000000000
1000000000
1000000000
1000000000
1000000000
1000000000
789691917
683842827
695267325
1000000000
1000000000
1000000000
771210203
1000000000
1000000000
1000000000
1000000000
1000000000
1000000000
1000000000
1000000000
1000000000
1000000000
1000000000
1000000000
1000000000
1000000000
712059825
1000000000
1000000000
1000000000
1000000000
1000000000
1000000000
1000000000
1000000000
1000000000
1000000000
1000000000
1000000000
1000000000
1000000000
1000000000
1000000000
1000000000
1000000000
1000000000
1000000000
1000000000
1000000000
1000000000
1000000000
1000000000
1000000000
1000000000
1000000000
1000000000
1000000000
1000000000
1000000000
879216090
797811286
1000000000
836301062
1000000000
1000000000
1000000000
1000000000
1000000000
1000000000
1000000000
1000000000
1000000000
879216090
1000000000
919059251
1000000000
1000000000
1000000000
761056053
1000000000
1000000000
1000000000
1000000000
1000000000
1000000000
1000000000
807390568
1000000000
1000000000
1000000000
1000000000
1000000000
683842827
690841388
807390568
1000000000
1000000000
1000000000
1000000000
1000000000
1000000000
1000000000
1000000000
1000000000
1000000000
1000000000
1000000000
1000000000
1000000000
1000000000
1000000000
1000000000
1000000000
1000000000
1000000000
1000000000
1000000000
1000000000
1000000000
1000000000
1000000000
1000000000
1000000000
1000000000
1000000000
1000000000
1000000000
1000000000
1000000000
1000000000
1000000000
1000000000
876572197
1000000000
737049427
1000000000
1000000000
1000000000
1000000000
1000000000
1000000000
1000000000
1000000000
1000000000
1000000000
1000000000
721719306
1000000000
818045757
1000000000
1000000000
953284305
1000000000
1000000000
1000000000
1000000000
1000000000
1000000000
1000000000
1000000000
897685051
1000000000
812483893
1000000000
1000000000
989540188
1000000000
1000000000
1000000000
1000000000
990036003
1000000000
1000000000
1000000000
1000000000
1000000000
1000000000
993400279
1000000000
1000000000
1000000000
1000000000
1000000000
1000000000
962022898
1000000000
1000000000
1000000000
694886920
775284714
444652352
1000000000
1000000000
1000000000
1000000000
1000000000
1000000000
1000000000
1000000000
1000000000
735222473
1000000000
1000000000
1000000000
1000000000
1000000000
1000000000
1000000000
907760221
1000000000
1000000000
1000000000
1000000000
1000000000
1000000000
1000000000
1000000000
1000000000
1000000000
1000000000
900114080
1000000000
1000000000
1000000000
1000000000
1000000000
1000000000
865265584
1000000000
1000000000
1000000000
1000000000
993062961
1000000000
715838935
1000000000
1000000000
784484872
761351263
1000000000
1000000000
1000000000
1000000000
1000000000
1000000000
1000000000
1000000000
1000000000
908940937
1000000000
1000000000
1000000000
1000000000
1000000000
1000000000
880423069
1000000000
1000000000
1000000000
1000000000
1000000000
1000000000
1000000000
1000000000
1000000000
1000000000
1000000000
1000000000
1000000000
1000000000
1000000000
1000000000
1000000000
1000000000
1000000000
1000000000
1000000000
771210203
1000000000
1000000000
1000000000
1000000000
1000000000
1000000000
958459494
793923999
1000000000
1000000000
1000000000
1000000000
1000000000
655698360
1000000000
1000000000
1000000000
830586806
1000000000
1000000000
1000000000
1000000000
753805401
1000000000
1000000000
1000000000
959810145
1000000000
1000000000
1000000000
1000000000
1000000000
1000000000
964584970
1000000000
1000000000
1000000000
1000000000
1000000000
1000000000
828644977
887458282
1000000000
712059825
1000000000
1000000000
1000000000
1000000000
1000000000
775497438
1000000000
1000000000
1000000000
1000000000
1000000000
569719661
1000000000
916622007
1000000000
1000000000
996980158
1000000000
1000000000
1000000000
892410107
1000000000
1000000000
1000000000
1000000000
1000000000
1000000000
1000000000
1000000000
1000000000
1000000000
1000000000
690130676
1000000000
1000000000
1000000000
1000000000
1000000000
1000000000
1000000000
1000000000
1000000000
1000000000
1000000000
1000000000
768848944
1000000000
777426344
1000000000
1000000000
720721033
1000000000
1000000000
1000000000
890908827
1000000000
1000000000
1000000000
1000000000
1000000000
1000000000
1000000000
1000000000
1000000000
1000000000
1000000000
1000000000
1000000000
1000000000
1000000000
1000000000
1000000000
990944497
1000000000
1000000000
1000000000
1000000000
1000000000
814178767
1000000000
1000000000
1000000000
1000000000
1000000000
1000000000
1000000000
631650832
1000000000
1000000000
1000000000
1000000000
1000000000
1000000000
1000000000
1000000000
1000000000
1000000000
1000000000
1000000000
1000000000
1000000000
1000000000
1000000000
1000000000
1000000000
1000000000
1000000000
1000000000
1000000000
1000000000
1000000000
1000000000
1000000000
1000000000
1000000000
1000000000
1000000000
1000000000
1000000000
1000000000
1000000000
1000000000
1000000000
1000000000
1000000000
1000000000
1000000000
1000000000
1000000000
978489002
1000000000
1000000000
1000000000
1000000000
1000000000
1000000000
1000000000
712059825
1000000000
1000000000
1000000000
1000000000
1000000000
1000000000
1000000000
1000000000
1000000000
1000000000
1000000000
1000000000
1000000000
1000000000
1000000000
1000000000
1000000000
1000000000
1000000000
1000000000
1000000000
1000000000
1000000000
1000000000
1000000000
1000000000
1000000000
1000000000
1000000000
1000000000
1000000000
1000000000
1000000000
1000000000
1000000000
1000000000
1000000000
1000000000
807390568
1000000000
1000000000
939114290
1000000000
1000000000
1000000000
1000000000
699254747
1000000000
1000000000
1000000000
1000000000
1000000000
1000000000
1000000000
1000000000
1000000000
1000000000
1000000000
1000000000
1000000000
1000000000
1000000000
1000000000
1000000000
1000000000
1000000000
1000000000
1000000000
1000000000
1000000000
1000000000
1000000000
1000000000
1000000000
1000000000
1000000000
1000000000
735222473
1000000000
1000000000
631650832
1000000000
1000000000
1000000000
1000000000
1000000000
754987581
745303221
1000000000
1000000000
1000000000
1000000000
1000000000
1000000000
1000000000
1000000000
1000000000
1000000000
1000000000
1000000000
991584169
1000000000
841434697
1000000000
1000000000
1000000000
1000000000
1000000000
1000000000
1000000000
1000000000
1000000000
1000000000
851014152
1000000000
1000000000
1000000000
1000000000
1000000000
1000000000
1000000000
1000000000
1000000000
1000000000
1000000000
1000000000
1000000000
1000000000
965522841
1000000000
705033072
1000000000
723298989
1000000000
1000000000
1000000000
907083357
1000000000
1000000000
1000000000
1000000000
972269439
1000000000
1000000000
1000000000
1000000000
1000000000
1000000000
916485862
1000000000
690841388
1000000000
1000000000
1000000000
1000000000
1000000000
1000000000
713710639
1000000000
1000000000
1000000000
1000000000
1000000000
1000000000
1000000000
905917885
1000000000
1000000000
1000000000
859327533
1000000000
1000000000
838611364
818045757
841267044
1000000000
1000000000
1000000000
1000000000
1000000000
1000000000
1000000000
1000000000
1000000000
1000000000
1000000000
1000000000
1000000000
954522514
753805401
1000000000
729551132
1000000000
1000000000
1000000000
1000000000
1000000000
1000000000
1000000000
1000000000
1000000000
1000000000
1000000000
1000000000
1000000000
1000000000
1000000000
1000000000
1000000000
1000000000
1000000000
1000000000
1000000000
1000000000
1000000000
1000000000
1000000000
1000000000
1000000000
1000000000
1000000000
1000000000
1000000000
1000000000
1000000000
1000000000
1000000000
1000000000
740874328
1000000000
1000000000
1000000000
1000000000
1000000000
1000000000
1000000000
1000000000
1000000000
1000000000
1000000000
1000000000
1000000000
1000000000
1000000000
1000000000
1000000000
691940974
1000000000
1000000000
1000000000
743627924
1000000000
1000000000
730489048
1000000000
1000000000
1000000000
1000000000
1000000000
1000000000
1000000000
1000000000
1000000000
1000000000
1000000000
1000000000
1000000000
1000000000
1000000000
1000000000
1000000000
1000000000
1000000000
1000000000
1000000000
927000311
1000000000
1000000000
1000000000
1000000000
1000000000
1000000000
1000000000
1000000000
1000000000
1000000000
1000000000
1000000000
1000000000
1000000000
1000000000
1000000000
1000000000
1000000000
1000000000
1000000000
1000000000
1000000000
1000000000
1000000000
1000000000
1000000000
1000000000
1000000000
995900412
1000000000
1000000000
1000000000
1000000000
814089639
1000000000
1000000000
1000000000
1000000000
1000000000
797811286
721406009
1000000000
1000000000
1000000000
1000000000
906075099
1000000000
1000000000
1000000000
1000000000
1000000000
1000000000
1000000000
1000000000
849675119
1000000000
1000000000
1000000000
970981119
731464597
1000000000
1000000000
1000000000
1000000000
1000000000
818045757
1000000000
1000000000
1000000000
1000000000
1000000000
592438576
1000000000
721719306
979458158
1000000000
752327579
1000000000
1000000000
970981119
1000000000
1000000000
1000000000
1000000000
1000000000
1000000000
1000000000
878895102
1000000000
1000000000
1000000000
1000000000
1000000000
1000000000
1000000000
1000000000
1000000000
1000000000
687685897
1000000000
1000000000
1000000000
1000000000
1000000000
1000000000
1000000000
1000000000
1000000000
1000000000
697124311
1000000000
1000000000
1000000000
1000000000
1000000000
1000000000
1000000000
1000000000
1000000000
1000000000
1000000000
1000000000
1000000000
1000000000
1000000000
1000000000
965192818
1000000000
1000000000
715838935
1000000000
1000000000
1000000000
1000000000
1000000000
1000000000
1000000000
1000000000
1000000000
1000000000
1000000000
756573394
1000000000
1000000000
1000000000
1000000000
767886645
1000000000
1000000000
1000000000
1000000000
1000000000
1000000000
1000000000
1000000000
1000000000
1000000000
1000000000
1000000000
1000000000
1000000000
1000000000
942684986
1000000000
1000000000
1000000000
1000000000
1000000000
1000000000
1000000000
1000000000
1000000000
653859606
849675119
1000000000
1000000000
1000000000
1000000000
1000000000
1000000000
1000000000
1000000000
1000000000
1000000000
1000000000
1000000000
1000000000
1000000000
1000000000
1000000000
1000000000
1000000000
1000000000
1000000000
1000000000
1000000000
1000000000
1000000000
1000000000
1000000000
1000000000
691940974
1000000000
1000000000
1000000000
1000000000
1000000000
1000000000
1000000000
1000000000
1000000000
1000000000
1000000000
1000000000
1000000000
1000000000
1000000000
1000000000
504877435
1000000000
962022898
1000000000
1000000000
1000000000
1000000000
1000000000
1000000000
1000000000
940094980
1000000000
740874328
1000000000
1000000000
1000000000
1000000000
1000000000
1000000000
1000000000
1000000000
1000000000
1000000000
1000000000
963952635
965673920
850666060
1000000000
1000000000
752626542
1000000000
1000000000
1000000000
1000000000
1000000000
1000000000
942684986
1000000000
1000000000
918766312
1000000000
1000000000
1000000000
1000000000
1000000000
707385732
1000000000
1000000000
1000000000
1000000000
1000000000
1000000000
1000000000
1000000000
983247628
1000000000
1000000000
1000000000
1000000000
1000000000
1000000000
1000000000
1000000000
1000000000
1000000000
1000000000
769128003
1000000000
991584169
1000000000
769597423
989752779
1000000000
1000000000
1000000000
1000000000
504877435
1000000000
1000000000
1000000000
1000000000
1000000000
1000000000
1000000000
1000000000
1000000000
1000000000
1000000000
1000000000
1000000000
1000000000
1000000000
1000000000
1000000000
1000000000
1000000000
1000000000
1000000000
1000000000
1000000000
1000000000
1000000000
1000000000
1000000000
1000000000
1000000000
1000000000
963952635
1000000000
987434419
1000000000
1000000000
1000000000
1000000000
1000000000
1000000000
1000000000
1000000000
1000000000
1000000000
1000000000
1000000000
1000000000
1000000000
1000000000
1000000000
1000000000
690841388
1000000000
1000000000
1000000000
1000000000
1000000000
868899172
1000000000
974234987
1000000000
694886920
1000000000
1000000000
1000000000
1000000000
1000000000
1000000000
1000000000
1000000000
655698360
1000000000
1000000000
1000000000
1000000000
1000000000
1000000000
1000000000
1000000000
865548739
1000000000
1000000000
1000000000
1000000000
1000000000
1000000000
1000000000
801451105
1000000000
1000000000
813737733
1000000000
1000000000
1000000000
1000000000
1000000000
1000000000
1000000000
1000000000
1000000000
1000000000
1000000000
1000000000
867375797
1000000000
1000000000
1000000000
1000000000
1000000000
1000000000
1000000000
1000000000
1000000000
1000000000
583532387
1000000000
1000000000
1000000000
1000000000
1000000000
1000000000
1000000000
1000000000
1000000000
1000000000
1000000000
1000000000
1000000000
1000000000
1000000000
875165696
655649918
1000000000
1000000000
1000000000
1000000000
965673920
1000000000
1000000000
1000000000
1000000000
952478267
801851746
1000000000
1000000000
1000000000
1000000000
1000000000
1000000000
1000000000
1000000000
1000000000
1000000000
1000000000
1000000000
1000000000
1000000000
1000000000
1000000000
989540188
1000000000
1000000000
1000000000
1000000000
1000000000
994257491
1000000000
1000000000
1000000000
1000000000
1000000000
1000000000
1000000000
1000000000
993062961
1000000000
1000000000
1000000000
1000000000
1000000000
1000000000
1000000000
1000000000
1000000000
1000000000
1000000000
1000000000
1000000000
1000000000
1000000000
1000000000
1000000000
1000000000
1000000000
723298989
1000000000
1000000000
1000000000
1000000000
1000000000
1000000000
1000000000
1000000000
1000000000
1000000000
1000000000
1000000000
1000000000
830586806
1000000000
1000000000
1000000000
1000000000
1000000000
1000000000
884035789
1000000000
1000000000
1000000000
1000000000
1000000000
1000000000
1000000000
1000000000
1000000000
1000000000
1000000000
1000000000
1000000000
1000000000
1000000000
853886586
1000000000
1000000000
1000000000
1000000000
1000000000
1000000000
1000000000
1000000000
1000000000
1000000000
1000000000
1000000000
1000000000
1000000000
1000000000
1000000000
801608152
1000000000
1000000000
1000000000
1000000000
1000000000
1000000000
1000000000
856421246
1000000000
1000000000
1000000000
960919112
778114773
1000000000
1000000000
1000000000
803706120
1000000000
828322861
880767941
1000000000
927000311
1000000000
694886920
1000000000
1000000000
1000000000
1000000000
1000000000
1000000000
1000000000
1000000000
1000000000
1000000000
1000000000
1000000000
1000000000
1000000000
1000000000
1000000000
1000000000
771782579
1000000000
1000000000
1000000000
774100934
1000000000
1000000000
1000000000
775284714
1000000000
1000000000
1000000000
1000000000
1000000000
905917885
1000000000
1000000000
1000000000
1000000000
1000000000
784484872
1000000000
1000000000
697124311
683897780
583532387
1000000000
1000000000
1000000000
1000000000
1000000000
1000000000
1000000000
1000000000
1000000000
1000000000
1000000000
1000000000
1000000000
1000000000
1000000000
1000000000
1000000000
1000000000
1000000000
812483893
1000000000
1000000000
1000000000
1000000000
1000000000
1000000000
1000000000
1000000000
1000000000
1000000000
1000000000
1000000000
934675664
1000000000
1000000000
1000000000
1000000000
1000000000
1000000000
1000000000
1000000000
1000000000
1000000000
1000000000
1000000000
1000000000
1000000000
1000000000
1000000000
1000000000
989218399
1000000000
1000000000
1000000000
1000000000
1000000000
1000000000
1000000000
1000000000
1000000000
1000000000
1000000000
1000000000
1000000000
1000000000
1000000000
1000000000
1000000000
692574279
1000000000
1000000000
1000000000
1000000000
886191351
916485862
1000000000
1000000000
1000000000
1000000000
1000000000
1000000000
894691236
1000000000
1000000000
1000000000
1000000000
830525415
1000000000
1000000000
1000000000
1000000000
1000000000
1000000000
1000000000
1000000000
1000000000
1000000000
1000000000
1000000000
1000000000
1000000000
1000000000
1000000000
1000000000
1000000000
1000000000
693548331
1000000000
1000000000
1000000000
1000000000
1000000000
1000000000
1000000000
1000000000
1000000000
1000000000
769597423
1000000000
1000000000
819264647
1000000000
1000000000
1000000000
1000000000
803646424
1000000000
1000000000
1000000000
1000000000
1000000000
1000000000
1000000000
1000000000
1000000000
1000000000
1000000000
760437408
1000000000
1000000000
946643303
1000000000
1000000000
1000000000
1000000000
1000000000
1000000000
1000000000
1000000000
889655041
1000000000
1000000000
1000000000
1000000000
1000000000
1000000000
1000000000
1000000000
1000000000
1000000000
784133722
1000000000
1000000000
1000000000
990081442
872562703
1000000000
1000000000
1000000000
756411785
1000000000
1000000000
1000000000
1000000000
1000000000
1000000000
1000000000
1000000000
1000000000
1000000000
1000000000
1000000000
1000000000
928608509
1000000000
1000000000
1000000000
1000000000
1000000000
1000000000
1000000000
1000000000
1000000000
1000000000
1000000000
1000000000
1000000000
785980327
1000000000
1000000000
1000000000
1000000000
1000000000
1000000000
1000000000
1000000000
1000000000
1000000000
1000000000
1000000000
745303221
1000000000
1000000000
1000000000
1000000000
1000000000
1000000000
1000000000
1000000000
1000000000
1000000000
1000000000
1000000000
1000000000
1000000000
1000000000
1000000000
1000000000
1000000000
1000000000
1000000000
1000000000
1000000000
1000000000
1000000000
1000000000
1000000000
1000000000
1000000000
1000000000
1000000000
1000000000
1000000000
1000000000
970981119
1000000000
1000000000
1000000000
1000000000
768797461
944538020
1000000000
1000000000
1000000000
1000000000
1000000000
1000000000
1000000000
1000000000
1000000000
1000000000
1000000000
1000000000
1000000000
1000000000
1000000000
1000000000
1000000000
1000000000
1000000000
1000000000
1000000000
1000000000
1000000000
1000000000
1000000000
1000000000
1000000000
1000000000
1000000000
1000000000
1000000000
1000000000
1000000000
1000000000
1000000000
1000000000
1000000000
1000000000
830765482
1000000000
1000000000
1000000000
1000000000
694886920
1000000000
1000000000
1000000000
1000000000
1000000000
1000000000
1000000000
1000000000
1000000000
1000000000
1000000000
983214058
1000000000
986851518
850902155
1000000000
1000000000
1000000000
1000000000
1000000000
1000000000
1000000000
1000000000
868586967
1000000000
1000000000
1000000000
1000000000
1000000000
987434419
1000000000
925636664
1000000000
1000000000
1000000000
1000000000
1000000000
1000000000
1000000000
1000000000
1000000000
765655809
917705889
1000000000
1000000000
1000000000
1000000000
1000000000
1000000000
1000000000
1000000000
1000000000
1000000000
1000000000
1000000000
1000000000
819219065
1000000000
1000000000
1000000000
1000000000
1000000000
1000000000
735222473
1000000000
690841388
1000000000
715838935
1000000000
1000000000
1000000000
1000000000
1000000000
1000000000
842720769
1000000000
1000000000
1000000000
989218399
707385732
1000000000
1000000000
1000000000
1000000000
1000000000
1000000000
1000000000
1000000000
1000000000
1000000000
1000000000
1000000000
1000000000
1000000000
1000000000
1000000000
1000000000
1000000000
1000000000
822019948
1000000000
699584204
1000000000
1000000000
1000000000
1000000000
1000000000
1000000000
1000000000
1000000000
1000000000
841138197
1000000000
1000000000
1000000000
1000000000
1000000000
1000000000
1000000000
1000000000
692485335
1000000000
1000000000
1000000000
1000000000
794857789
1000000000
1000000000
1000000000
1000000000
1000000000
1000000000
1000000000
1000000000
1000000000
1000000000
1000000000
1000000000
1000000000
851138247
1000000000
1000000000
1000000000
1000000000
1000000000
1000000000
1000000000
1000000000
1000000000
655649918
1000000000
1000000000
1000000000
1000000000
1000000000
1000000000
1000000000
1000000000
1000000000
1000000000
1000000000
948184331
1000000000
1000000000
1000000000
1000000000
1000000000
1000000000
886191351
987478136
1000000000
799467834
1000000000
1000000000
1000000000
1000000000
1000000000
1000000000
1000000000
1000000000
1000000000
1000000000
1000000000
1000000000
875496550
1000000000
1000000000
1000000000
1000000000
978489002
1000000000
1000000000
1000000000
1000000000
1000000000
1000000000
1000000000
1000000000
1000000000
866024343
959810145
1000000000
1000000000
801608152
1000000000
1000000000
1000000000
1000000000
1000000000
1000000000
1000000000
1000000000
1000000000
1000000000
1000000000
1000000000
1000000000
1000000000
1000000000
1000000000
1000000000
1000000000
1000000000
1000000000
939495248
1000000000
1000000000
1000000000
865265584
754987581
743979322
765815589
843042316
715838935
828322861
957164540
718452541
828644977
725033749
895831350
715838935
760437408
789590238
897989143
740874328
990036003
803646424
690841388
751014650
886191351
797076079
915593617
821730409
771210203
841025454
760437408
818045757
857604933
957650550
822019948
723298989
768848944
953316638
691922320
757070279
928608509
974234987
815545726
934675664
841025454
967247885
774100934
707398328
871982961
504877435
753514020
939659074
803646424
973311246
916622007
919059251
925584706
868899172
810735693
995702065
742087567
740972601
690841388
624409677
655698360
756573394
745303221
876572197
926939644
751014650
936552706
983247628
875540398
924151044
836617717
697124311
775284714
487823883
871336250
662990765
968735092
849675119
910344488
995291620
821730409
822019948
789590238
871982961
720721033
707385732
766640255
683842827
814178767
711926576
802735083
683842827
751655675
695267325
795053025
771780446
966753099
876152808
775824972
751014650
919382426
652097751
777426344
707385732
890249146
971756142
981272769
834664952
826267644
768797461
998505471
712059825
788519343
699254747
919726721
631650832
775284714
697863635
697635776
631650832
919059251
653859606
879655215
801851746
718452541
461669950
871103493
707385732
694886920
855715165
774100934
739447316
997629925
813093881
787952666
838611364
875224993
771738138
785980327
748997399
735222473
841138197
778825305
777401286
630563447
878895102
989540188
736637720
964584970
706789949
663626966
683842827
868586967
761861864
869029892
854866492
833315749
769562029
836301062
735086450
925895824
788519343
927628127
691940974
967254432
721116219
778825305
909616530
880423069
876572197
833168028
977312910
712059825
944234930
833315749
965192818
892726222
624830642
984520014
803646424
748198431
980684614
994257491
851014152
687685897
968068002
816285854
643480963
813093881
861130947
828817032
761056053
779669230
990944497
771143865
744598726
769128003
866024343
884035789
682052995
685790229
927000311
801851746
747156369
767225647
940094980
987478136
905803190
579418188
811778261
693952665
858664869
960919112
699254747
616266450
748404451
892410107
961976463
697124311
652097751
979458158
801474912
731464597
697635776
789939790
784133722
830525415
652097751
763824179
769128003
842720769
993400279
829570157
850902155
883485328
652097751
981998382
699584204
836617717
943171291
730752433
978824620
819219065
769597423
813488345
693952665
964129363
997711195
894805709
851138247
991339106
872562703
970981119
866690052
987434419
694886920
771782579
960508777
741214075
942845008
769597423
694886920
989752779
675301945
753805401
771210203
756411785
655649918
865265584
891786100
639580316
907083357
819219065
731464597
875496550
915529639
814089639
655649918
841434697
850902155
953079717
850666060
807390568
900804212
989218399
528102326
813737733
871333261
956673029
972258516
692485335
768848944
819219065
655649918
769597423
856421246
918766312
690841388
893586481
995900412
874235284
982458240
820982440
699584204
735222473
708418549
818045757
921823018
869029892
799467834
735222473
858664869
660840821
867375797
583532387
745257000
815181436
911286209
859800663
777426344
977290786
769597423
712059825
861473978
721719306
923901660
818045757
616266450
905917885
748156784
771308055
931932943
785980327
923036621
988353254
899722960
961612688
965673920
974593182
683842827
894691236
842720769
976053110
562527932
993188381
687685897
879216090
767180795
849675119
942160562
710910026
771210203
917705889
978489002
765655809
730941523
757070279
948184331
942684986
921503945
690130676
915815677
774079084
751014650
731464597
720458221
723298989
750495635
697124311
770951933
690841388
768797461
959810145
691940974
583532387
983214058
707385732
731464597
851138247
753514020
892410107
756573394
983890323
710964227
813093881
913669092
889655041
699686688
944538020
838199578
731464597
886191351
917705889
938131762
939495248
714548679
663626966
993201697
712059825
887458282
687685897
797811286
882058428
683842827
824251830
748404451
952478267
939912045
784484872
778114773
991917221
939932519
914096593
841059227
868466056
901201143
695117320
856421246
693656184
914096593
579418188
705501665
710910026
831805465
397688212
897685051
765655809
583532387
739172497
655698360
780090823
930170430
948083487
713710639
569719661
821083497
880767941
715838935
880767941
881967633
892726222
690841388
743727343
806878030
770951933
705501665
211990803
995474275
732021416
741214075
766190840
655649918
901201143
982507890
752626542
655698360
691940974
764529865
954522514
916485862
833168028
740874328
569719661
916397280
739354288
963656372
727583433
818045757
857242740
648705597
583532387
799467834
946925799
875165696
857310055
978824620
893021747
801608152
979294382
771143865
859914858
803482988
963952635
769597423
687685897
819264647
947948827
972269439
625314327
768848944
732021416
962022898
820982440
945724613
723298989
397688212
801851746
831493157
697124311
720458221
