1000 999
336 474058886
879 -244363058
946 530848530
478 800011484
675 -425689540
778 -203495400
518 184250542
197 -99641550
134 309855819
77 50244012
124 105761985
325 -69103410
950 278108422
755 578812504
858 642354645
531 161413372
999 -16640486
555 361510350
309 112536595
638 59598945
512 562167576
153 330045075
505 -672351700
24 1071198
780 -186925750
642 32979240
931 -697075596
345 967745757
105 23052073
83 -312205725
168 201224820
772 -827614304
580 -424871602
842 -8717751
214 301904148
479 176790810
730 326585088
906 357627910
586 368282147
47 359762984
296 301502092
298 45390320
639 -99766317
248 -9305680
411 -211558200
550 31291615
748 46437251
991 32679288
848 107564292
259 -454819848
246 207111836
267 50862434
195 -448946785
654 -346345720
673 54412056
159 27862800
411 -272363433
684 12173376
26 74063022
792 -304058660
923 348550782
194 199945136
935 -301453488
509 81675749
185 17783202
638 203167830
836 554648272
953 561373748
923 167548140
324 9053330
830 396241664
641 430827202
700 255055112
360 441859320
251 68086230
52 -111492360
314 -193500538
137 280728080
215 489774195
28 200002960
665 45581059
731 49772725
104 290083915
801 34861008
8 -165001270
532 -700401216
202 -55308500
854 344092320
891 6677550
39 -96868802
786 -21697984
17 -287629538
406 -439793347
650 -234109260
462 733080196
870 174094758
672 -24954700
675 -98206192
714 133469322
459 -353923830
468 -33748776
974 78507780
620 325735494
541 101010100
328 310124493
744 10444848
792 86043944
528 -11699220
409 205804075
158 288598099
627 460134377
970 73517241
740 35721300
685 239225428
251 -68716571
264 -819533106
702 -283734855
498 342228432
228 155675394
366 -49711747
740 82338741
651 -39935400
44 505226370
578 -153044139
610 79506713
163 257934811
119 793494156
649 26427096
255 559501500
897 -349309961
682 118027272
327 -106795626
422 484409420
33 80270177
323 82224865
74 115289096
701 298676455
88 -48596775
934 154955979
6 -11763198
681 54265112
91 672392280
888 427940232
610 584028522
288 56892184
296 439565379
823 1674507
216 121728290
260 -143541837
194 19842570
352 72918348
792 367071789
941 -437474
464 206320779
702 395676100
37 19740687
983 995715624
677 572449925
40 16316430
404 -38941944
455 -87031940
248 664241600
643 -392566380
348 271695689
465 -260444184
445 233246964
75 2794105
32 114832416
804 380087904
106 188430601
509 -68729538
509 899391080
651 119666862
578 452184474
830 295242640
738 609698235
60 46554589
971 44648496
188 1149311
753 2143230
436 -474930384
99 4924920
940 -77910570
922 -36402010
16 393824721
422 315686350
594 295332288
184 397000973
277 529387380
600 161212464
595 9614696
929 -129549288
256 5521560
136 -19476237
428 789753007
81 44664480
653 447698944
619 364096296
475 33824556
975 579251276
387 3525184
972 12028140
885 -91161168
133 -157473975
301 45588864
97 17913456
822 111974408
683 -479586816
810 409489704
192 -746309200
715 253553946
900 -194051520
981 -37883576
853 198232784
129 -27046330
85 233765327
180 58201890
932 149523732
390 26198802
349 236831900
12 242341398
876 519523200
150 -755471624
319 -291297045
642 152499809
506 98087888
711 98711620
88 737778624
435 313991644
265 -71286565
429 1018784
230 264604800
203 -307554957
863 -38107595
966 -25022619
670 962511552
617 -192019732
58 145208322
766 101779836
773 -59354444
288 106055016
598 42834384
2 -522280218
215 -16174582
647 -203202773
167 46087331
287 798464040
306 -249238224
185 2735677
940 188359258
155 4060161
322 -256530680
172 68860790
681 190863575
75 57715200
597 191112320
133 -114120161
300 -219243960
323 489462176
928 140739755
97 -520940365
792 85969884
768 46946475
823 43718400
469 84185419
724 68307316
352 -46915648
912 598094904
349 -84501984
635 194546040
31 22544322
264 473841062
480 104960100
132 12892536
954 132939420
27 11050480
417 91898219
219 -473292018
783 17071296
911 496900800
783 -743660028
621 350395550
562 -176087062
432 164036696
741 -258821852
959 734810709
736 26429980
93 296724420
481 -70443600
695 -43013528
631 103841300
160 -158819233
856 12943788
912 859926108
628 -33528922
81 -46781820
703 -152880252
729 119560792
178 -149493932
955 -3532566
19 366122454
542 166077750
217 139483410
20 -466621485
136 3835940
740 -496800
939 345360220
128 11552299
45 -48385714
184 339097705
983 13385970
461 77945524
726 -20667673
687 -551239473
209 7577798
472 114836344
239 128069128
886 349772248
271 213975432
365 500482367
902 386331440
635 202392966
541 49401430
346 83664672
464 677007577
34 -38811475
145 -192086180
564 270172758
658 -456209952
55 186992196
46 464929893
823 383232912
841 -782422828
417 -326130288
692 160391985
65 315030816
10 571863767
596 -133377054
557 -677959282
846 -203225344
514 34394337
774 2768050
24 92109654
517 -86257130
997 2365044
778 322392
698 565423950
1000 108906633
882 -357920480
406 142498044
46 843438849
207 -91074095
148 -78972800
528 -126200172
652 -78373530
277 229640676
674 29312272
100 -534369252
918 196750628
832 108139579
319 -121367605
415 188525022
323 -418555593
844 465374049
569 310681728
742 -23418918
592 84284395
727 -229203975
85 -692207334
646 112824320
176 268121844
206 71236879
575 205404720
628 419511360
507 4385670
637 -287686402
350 64635493
606 85688556
931 453561416
578 683018844
958 692591900
695 442837275
431 86965100
177 220135030
739 200126592
86 282285216
331 101755538
281 90288672
468 -12124128
55 46751985
85 -469506216
676 675324840
668 145746103
447 -878156400
913 -518428716
810 -174481047
721 627322050
923 565133292
285 82993152
798 11323308
112 4879082
65 56228000
701 611053821
302 860973022
982 -217860736
460 -58769508
334 -571748369
614 -90436960
768 286986748
115 559688510
277 14565447
532 14216404
915 -51858939
697 -187022157
793 -199916805
605 -25513500
891 -224318710
717 -135346428
716 -193385838
917 252614310
367 -251810507
307 19498078
13 -33781775
426 94506447
226 813322656
632 -739810140
416 806487072
49 377237224
747 112920600
906 260653986
907 180197792
838 55059900
845 -319675140
28 -564862012
730 112633500
927 284306276
486 -227870750
445 11288700
338 122753632
776 140680995
771 -208996865
713 283366924
337 -338773552
888 -205175862
41 318747565
820 266240104
499 24710080
49 450449493
124 -799305975
133 -116030250
174 26519577
979 91838110
355 122877056
569 374658040
70 -36557136
641 99556536
746 491755752
379 247644539
432 -15639195
121 992574654
701 193033350
97 756377
290 -372556665
175 225993040
266 7802928
481 61562338
632 -419293329
873 -36848592
71 -738545652
759 62208734
655 292629090
916 244009801
343 -161085540
343 366541088
245 360721840
972 373488300
552 244661322
776 443175168
919 239752025
535 -178105816
423 357005146
743 -62785695
304 899009979
794 269805500
416 254507250
247 -366092250
623 -89971404
113 44559658
442 92546181
630 570099144
633 -24841234
818 -60348750
33 113512320
978 -132323930
338 256587500
601 -114665625
129 593224814
366 65291286
775 532789188
236 -42432312
488 62318592
113 -84494215
654 374665518
360 975344784
236 -362925997
183 91887498
371 86167848
114 793874873
200 127314000
973 313801948
187 80773784
158 72581904
538 286738425
489 615081654
12 464928464
385 -675716340
303 -584552900
54 61238576
42 -65537505
402 181903150
67 42595947
563 8967573
851 18052300
700 28589880
493 -499303521
187 252660525
419 478441443
908 647589714
417 -191948772
93 27460320
295 77958072
40 -560546294
491 -637853700
149 842658048
469 -364086375
901 976674132
433 221082972
176 913237314
81 181888968
568 3932110
737 -22842360
123 67953842
905 44225550
941 -273081824
454 -231735126
548 76185550
129 -8582784
850 96890976
534 378215730
398 124192026
462 430751865
835 -68747690
142 354689730
352 382165355
454 -594151895
327 256990206
370 122901710
438 -313379550
901 410702565
192 149455779
649 27516846
605 -53680920
560 21302310
614 -4001568
295 19606320
346 599267316
469 -83783894
100 546831470
920 58404617
266 57802396
744 -139666064
199 679795608
915 11706471
634 8967696
975 434867499
982 796991586
923 427532600
632 -530623533
558 456259441
748 325214993
558 302805768
224 -9134775
251 7344887
206 312511969
881 427143118
942 57342572
346 45767904
26 -54165402
113 -919526360
137 435302945
384 -153238680
245 234866816
811 11652947
845 417075920
938 372226106
516 80043984
187 -10725440
344 414457524
254 716747605
515 302439720
984 181154932
861 14972241
497 -314113876
32 250066440
486 50004528
450 730887810
999 6389460
71 100536861
465 -347327598
381 528158940
669 1897415
102 230928936
663 246336776
706 776634291
776 18464148
74 28089537
805 154347336
278 -124167498
358 -39086048
591 -522962610
472 709898304
998 -163742
772 189480200
627 901239192
653 14392873
991 -457349305
798 39194338
539 151559760
385 -285653880
622 103360022
961 141036400
475 -345022181
841 737319978
905 117894452
706 996485004
393 -31628352
666 231828564
515 530144082
343 281080935
2 519216732
528 -50020834
275 -527209105
61 -95679780
242 -255671124
833 33771316
789 531905110
639 735367470
999 -45122525
667 409799964
766 364935928
396 19979145
813 212835236
969 106999496
427 290555861
665 -387324186
898 269981614
161 102505400
218 328747632
274 -102252480
11 4432076
408 -61412736
822 -165222745
724 326068024
773 4026087
243 225894684
574 389950470
973 -313623774
76 158232725
974 432937720
5 1274248
377 -192564568
101 564215082
400 39978576
954 53491194
869 343558
727 16443144
821 -940238890
649 156157760
743 343363008
541 355647530
681 -37912372
119 635870104
827 -335338125
788 -616793732
586 -285514311
370 167517930
199 -395112824
851 126349677
86 -82574018
469 274158990
967 -113507034
724 559154400
472 194072502
887 -294344800
144 197196294
199 78536640
174 20936004
579 397622398
200 48834984
407 6171732
396 260907348
96 -144451050
235 -146948542
930 -67031523
65 -214853715
130 6817128
231 124036626
116 -145975466
609 462213530
231 108430128
688 263256172
259 51533130
600 176902008
746 15395224
251 292765606
540 -160470496
77 59955390
769 1724553
974 90912448
812 388562880
411 -959272032
922 -142567422
245 500566032
239 -146743296
96 4167384
529 -227934100
590 12518055
850 -368888800
153 57550500
330 34798999
988 -325668728
180 -92084811
451 -683183355
964 -152374524
287 609118250
279 -234780147
275 802618152
979 -219077784
977 130469130
971 176701406
182 -95442897
477 229479432
610 228717000
715 175261714
945 124897230
357 83839952
36 -844387696
397 124377890
424 90359942
802 19122297
894 630543744
574 27283615
658 -264792800
519 -608438819
244 5895736
114 132259392
266 -209926966
155 416872520
196 -54129930
751 -262599488
166 443117442
2 132870580
706 19327140
953 7138810
355 637274740
321 306973440
899 -336681198
478 -47243236
246 11975700
678 107572618
13 453238095
851 -156754054
828 -568505301
28 -117660582
876 42565080
700 408988924
698 83736090
594 -31265135
86 427940883
919 284925452
381 64084316
643 444058717
791 767808597
465 57322716
809 925186208
438 227825794
100 548833360
678 -313841650
733 -114695056
943 -71933196
331 11330217
228 109818588
964 29405244
307 -652630567
720 20013570
287 -576876800
860 -48665580
575 244841462
441 38804480
86 167261600
266 6852141
169 124249642
938 -62772969
547 245848770
995 -152213746
364 202646505
88 311885570
310 -638328336
844 -276243006
935 -131657000
1 138934446
898 170450930
698 -78877760
238 396985245
801 351254935
277 21790096
618 104074976
622 -40973445
645 135083680
723 315080208
248 -295689771
604 377825862
595 62110440
74 -713668670
531 728413700
653 685354572
936 820905118
743 471419725
718 -186083400
670 -414505884
279 141078210
894 -183217517
552 609724584
397 581123952
655 -561805528
621 -342950640
972 -22553616
125 487337494
149 418440852
801 -481251971
136 202686490
789 -16630113
149 129535620
662 44798187
361 -39434612
529 164984657
60 110332380
338 758467008
67 439522852
478 491842783
784 -876991478
809 309290144
797 -205773321
545 -77425800
893 16057106
617 519469788
619 407251188
752 81169638
184 9163420
879 421457796
681 -433747557
550 424406382
783 987488988
464 11784418
854 -894635115
770 28860594
998 276837828
168 105072165
973 -248764107
792 -369015559
659 7670637
36 366550264
324 203429772
101 10670803
666 123255555
771 48975886
120 536185818
158 570070761
936 -284394040
440 -564107422
910 220371921
720 -532139100
115 -351562640
728 22422660
131 -78373680
712 43430004
591 113948586
418 503297655
980 307393482
12 924352965
601 -227299385
25 278326928
501 146642931
623 -469034150
855 140959918
354 -59917616
925 519486096
232 36701790
102 -91278876
443 135957024
751 -533127128
771 -28937664
985 792241870
273 48270798
161 398568560
45 101561226
152 -99517344
249 518842290
729 200377530
603 -118262085
29 31742532
143 4837386
898 34424962
523 -968796252
775 323899840
577 -345027903
234 49901930
280 -308359289
522 67991370
267 176109605
597 44115550
377 105351080
556 250436576
203 168535544
394 -395710074
601 -320998460
329 -430862344
126 313508400
517 353298564
959 525510687
102 355713930
544 559872800
826 116227080
239 158157660
265 150899796
375 112755390
632 -190916256
798 -698052060
742 16169400
192 182318404
170 172306320
274 10733613
475 928280276
7 883487979
782 -165215400
294 465070410
132 -62643281
378 474100844
625 59521257
961 198233175
359 88598770
725 -213108840
992 133977012
22 557120145
183 366368088
975 548922252
880 5988165
660 274198246
339 17656470
338 -601734420
614 -15680151
895 -334366850
600 30070940
262 -45707387
415 6216396
140 -478951448
98 177975435
598 589988224
487 698939892
73 74452280
806 -37573389
392 -191871504
965 -48300784
113 -183137785
642 -71941915
592 26853120
780 56776428
515 -348001557
554 62327174
460 -498603063
290 -258998672
394 23828700
932 555829549
353 -79224684
380 -517479114
125 -60147642
852 -606132020
435 79539105
711 81133408
208 25231128
255 -39596222
320 -383522061
200 565667928
984 -126968160
963 317808478
156 337399237
268 734486792
419 31955784
388 -181452582
270 221289750
479 -80285250
276 -95271821
711 224678025
177 92469105
560 -497224520
66 114989337
898 436367241
458 -9994292
410 87494812
824 -43479450
409 56735397
383 -93340016
212 326120859
293 335942010
146 10499640
477 477829140
513 -340689026
397 405481630
161 -205363190
608 227958631
103 -102522780
957 474884
444 -178928360
94 -746481216
563 -175971510
403 573280713
94 14410074
788 20294352
138 -392277864
250 4770628
735 -91474656
719 -112759716
593 761259870
584 -529603272
593 83597700
570 -124130770
12 -351255432
539 5948910
379 28200876
165 18147942
426 136047230
935 -140007663
834 461805480
939 -505097287
910 482855901
601 112412160
833 77802928
890 108983160
911 328861575
14 -495639568
247 669633195
55 -30729699
344 283437770
83 -348501816
41 -147070944
990 363867656
151 23674725
558 238318080
827 8538008
485 -786135980
777 138146344
810 -94791609
506 70742300
736 -168264930
811 219106586
710 9832844
52 84291208
901 -686359770
770 -292370400
478 -314197821
685 392623560
273 -114124654
43 77514832
23 -95966580
427 338803409
457 -362685840
370 -345460400
958 351313920
898 -23520298
153 173403345
790 -4662484
384 98248980
479 -16676710
102 268268906
882 -79801104
762 314392617
416 133247344
567 740408911
252 -51256086
162 223834317
297 -55464508
271 106164970
169 150655351
275 103542768
71 382601534
883 132233400
654 292647750
828 320796000
456 -341167827
497 100769840
352 520022589
825 -5828760
720 -36408024
574 288066480
548 -552414030
263 196614200
557 554796620
727 139586031
575 1970110
843 20070990
707 891409032
56 96090800
669 20296251
219 188837470
991 229500530
543 101675612
5 535145434
938 147682268
935 172558752
616 -175700031
82 733228239
159 444154120
639 358514784
473 -107651082
835 148557640
358 -12657996
565 584501827
951 -145440438
875 38445488
116 21483328
709 -365643366
382 -61021824
512 138032398
758 26921993
316 636058080
396 -170502231
391 -509880033
833 325904850
128 163436805
310 185408650
45 865630194
666 58399802
861 233831499
696 -112800840
766 -533490474
695 -332270988
385 -99031050
704 -122739545
929 520170392
787 12462450
200 113311386
467 309494250
393 496517094
189 44389792
455 71090397
653 303684900
221 -387530326
465 678910611
356 649892584
36 -169684650
688 -170259760
748 395895429
643 150745378
116 -141722744
232 390537702
451 240370670
609 -709774946
299 -558945036
858 31734708
443 -8724498
740 -119508480
766 -105019740
763 7830375
370 20612768
496 91705313
98 -406088690
368 654886607
988 207877544
27 27814822
379 146670462
174 31318881
253 321524042
113 -17011550
678 -24499884
706 293580720
732 -636249400
880 39274675
602 -180388160
384 503502381
309 -346775840
811 -32845864
162 82610507
614 459984915
437 -123698883
162 169468495
795 -335006676
498 142178124
850 35609805
967 -754928328
75 37337588
935 3047967
271 5818976
761 997662
423 108821790
715 282002400
131 -238530675
981 -46025160
588 650951200
691 133758436
273 -157948224
54 -203082052
358 339788752
724 727037104
512 910445578
276 589544914
43 7410656
467 49468118
428 651815362
281 79721568
647 -152400160
772 -204960825
530 574028973
300 72248445
656 -685233024
406 814949265
592 -10272158
866 21116640
443 117543816
828 93156226
129 220533552
526 44970633
284 316798560
605 220802922
724 385341340
559 -66611202
73 553312710
420 253807238
124 13994250
450 -21656754
727 444734841
487 111816595
264 6033798
603 -59074098
738 481489992
331 -225476783
740 -223158806
823 61867785
120 -132314520
733 488366006
757 74900260
28 493350880
350 -259448712
905 -15982488
609 -268694282
958 -205002133
312 306393591
278 -245767536
387 520944498
890 336299204
620 182295556
208 -46413555
234 -437605066
654 43189747
255 303663442
619 243939904
513 226062300
271 166207470
509 -47791765
93 -63380352
63 656980485
736 29584325
307 8925912
508 148899650
368 -80935344
504 201076434
312 -198984960
979 -352342041
881 163916688
356 252280500
239 450346610
952 80871296
128 167995392
488 -73359021
502 3967757
768 195030300
184 354688056
617 -118505684
457 201993160
751 369903476
535 673955924
836 513897905
654 832802239
620 -412410768
339 303918462
951 330179712
778 -15132690
731 -141949575
816 -87418584
495 390752215
825 -311476892
24 -673547348
355 8678046
512 649673442
889 204507072
738 17192631
297 -476760284
663 -7192360
638 349964346
188 569461976
879 134871128
9 130876141
190 -585520590
876 -437376069
715 -243203364
28 -6152322
662 214921647
111 554721139
736 679769502
949 273351624
883 415731132
810 8565560
445 223930017
839 243070893
105 512588736
586 -207147354
390 -289531746
553 151396356
414 740502675
923 436256162
808 164578701
136 -101594306
46 55684817
660 5424120
176 -729815952
608 -177306415
799 -731156379
928 41300324
691 387692004
678 22234170
510 91982163
174 -97218018
142 -232634380
920 912911818
767 -395511508
25 -29922349
463 553352894
786 22799598
160 730149450
687 373003420
905 -652702212
785 199862951
918 683606025
205 345817986
827 296721568
35 63269094
997 -1112090
88 -153294784
793 37297624
828 272614440
723 -379733760
717 -95845728
664 -559559028
794 344198239
500 -385381789
289 343398510
5 42338789
161 293977509
598 788264150
600 39462475
262 48024059
686 348390168
22 258805475
689 105547680
614 -174350856
919 301163490
65 -174169584
383 723173634
548 100193975
361 44039188
19 316116416
480 529416074
404 38930850
31 378053136
353 602646192
689 970551174
91 -428578980
256 24176312
426 -632738550
880 568740960
262 -768601096
912 417125100
265 -53253408
327 86028276
98 6459500
69 32354575
747 695492373
894 -48967230
484 296912448
539 504483776
311 69520125
201 444474954
954 67250282
288 -180103134
200 565305750
253 271835616
239 221207910
912 -95759651
875 829250994
702 599133736
682 296645834
888 -8746342
334 5336652
243 -170866164
407 311902935
518 13526076
750 464749621
247 -514212608
179 226418288
406 486553179
184 -280418130
712 216145248
971 517745438
405 383854203
600 -362345550
275 -179581872
516 -426386604
633 210985919
348 -685116409
693 -479057032
556 261980550
879 118703000
32 28055443
19 -524519487
174 32409810
386 -380191896
602 -78188544
82 292778624
193 213035262
265 -794147900
759 643314595
966 253707780
505 -427733574
737 115381760
899 14955750
726 -123582996
91 177284623
150 -678309248
668 64455684
629 675376554
268 230440440
85 -178799850
831 40980645
801 40217642
330 251643600
443 -91771234
288 90808634
544 -50477014
864 -99940290
319 644426203
325 27566385
973 -59178922
397 148913463
779 206045273
554 443265564
38 -406481895
868 362518377
814 423061812
557 -159778125
696 -153672
652 18973542
580 108797767
507 724217292
927 -45275760
729 13421837
42 225770795
273 112109252
682 432157440
400 189514640
294 -30444680
667 158838656
588 644246332
303 -45240689
197 144253820
159 334750311
436 -77377980
817 -259282960
395 254312010
889 -41755760
885 -155823440
85 214175000
493 225034615
543 257104410
717 240535932
718 59987200
608 190165112
670 -607800
242 164030051
979 -96614848
474 196895966
626 101974364
79 135849490
328 -352817906
991 256682064
217 593937062
569 -565073352
530 -115011052
405 705287661
15 23893338
327 188276002
279 244384528
552 -718953423
307 -659977956
109 243903340
458 -978881232
574 98011083
263 117770760
63 161578744
74 73848816
859 -144953340
195 -621006127
284 251934850
586 614760809
60 245919888
258 505679100
911 822524847
929 -387035322
270 265645059
474 -85645498
382 164232471
683 131254981
736 -497132505
831 584016680
982 332391840
861 549948852
868 -27151323
911 -710488745
412 -340589435
852 166519569
193 102464946
687 214795866
181 -200490723
366 3981584
59 397712224
147 2584722
942 -531085806
678 183238630
352 -69722848
937 70766464
972 117615570
811 -940090190
740 4330466
534 241435324
259 240489667
81 241015115
620 431120382
566 302830164
306 -51946
205 200947128
598 137377593
991 -382048706
212 889760359
388 576866570
198 410966178
270 208227405
391 38335287
963 -135946620
577 7515270
151 576846900
441 539565005
872 71185114
541 96214090
848 83658921
997 -115699128
142 218632960
183 357302982
749 217692640
73 458090100
140 139311372
898 -50579828
972 -5601802
145 -446482256
206 -125926392
638 -32161764
698 452101608
28 406996500
977 -138719940
541 -4030488
27 234680760
886 -176575036
258 -44240100
726 -82379180
550 -597456108
483 350313375
574 749580244
997 938214018
501 459650688
57 487232949
810 -10476504
256 -353122316
263 -65511522
406 -378270573
764 -470694096
819 75916092
289 238722000
989 42463926
15 -124026528
292 515156565
672 -15918320
20 41020590
18 220939543
350 202773
696 236130664
568 660090030
433 150521688
689 356320608
15 293196995
110 3036897
217 552632940
959 226836948
666 160469880
170 30239304
263 220988725
791 350544834
709 781013200
179 440745435
649 104629608
502 181903218
550 440991440
732 208661520
346 18600468
272 -42758400
41 344418088
292 116667368
473 -39216760
394 833068652
572 -439013488
446 101365026
698 384346061
521 -55479141
708 14084720
768 -185310282
258 -471830901
75 -303777993
901 644040425
759 70273764
438 90098520
493 472227400
45 858348534
488 802574938
747 -22809247
474 530129488
809 28885776
912 348901525
398 134585606
394 19723678
29 -12184147
284 -130433279
789 -110392130
79 64017952
743 228111423
168 468857662
747 560089402
224 -496753100
812 53682676
851 131803304
175 55162302
633 114127164
792 -27160371
816 -752061557
829 -216902936
472 105859378
185 274549500
70 18809076
34 989228208
673 51378892
915 9839200
936 -238245625
395 37387911
186 136408749
812 135125185
148 31503072
973 196563780
223 -716312558
785 45614888
327 216350134
838 -303855327
669 -543854922
302 322621253
318 209750575
937 286624768
98 685478871
641 439957515
349 355806538
189 -65707538
250 52771908
367 498077500
67 -396418104
46 123580538
674 12582540
204 239942913
387 610227714
121 -923074619
280 113998208
894 257431300
908 559057494
59 -22648791
280 72736560
298 -110306970
849 -48927202
250 -206281312
136 355688559
412 750444443
376 292371708
609 66257005
572 92176992
618 207264951
166 -135642231
527 38500574
985 -325256983
89 421510760
32 565733015
39 -5671566
693 196802900
573 27826030
27 871120219
616 96968795
716 462035112
268 28956928
460 -424489860
798 490464000
116 145133754
906 57877248
144 -583927100
518 835407066
313 122103435
165 1122462
35 57455640
974 -257259296
264 770791435
74 321334650
20 398889328
409 -88625943
479 142771482
637 105941680
622 355755660
830 248408451
890 -343652657
636 131057416
183 147015609
408 431006180
942 68075325
716 444029260
644 553253043
270 433546916
233 128143340
561 -82227468
186 87577140
204 20143609
760 139432800
73 -847195254
14 96792386
839 -532899730
94 20037375
457 677524
69 518561507
661 20754036
938 -341761554
21 -312468404
204 55127520
489 -608893296
761 128583132
339 -7676828
431 122721548
586 244676928
47 100487337
47 -135563868
405 -16994588
811 -813524064
545 -555600000
400 208483155
897 -94935720
891 -423735340
445 -622443644
976 97278104
673 89982375
806 54442692
87 -457383876
167 -371319417
578 -72333690
129 20994032
980 -176879340
344 -811506728
481 -598993167
113 548114970
978 -61970740
881 384621088
915 606914428
28 -361367186
525 643388640
326 60698992
397 -30409554
13 -2114434
371 666657618
885 231686
68 41410248
955 41845407
744 -260414584
202 201674115
476 24387879
730 232445250
673 -389890725
700 -67881528
756 138905336
687 -300723880
92 -345537648
430 166062168
335 56932996
823 722987282
853 274561560
717 -809370782
955 46083136
103 452737024
746 280022274
407 311372975
845 50269728
797 108463815
135 160272480
273 133111530
434 606215031
796 678803472
441 -247308204
336 188054400
367 223593488
27 751774130
462 321928551
272 3332930
681 233213375
694 422032392
938 711910628
663 769388598
821 -48239973
529 279157284
642 141640672
865 598025070
47 70269130
204 45115570
20 26886826
404 82140993
918 157931343
33 13720044
437 -257900544
773 248795046
69 473901104
534 192235431
960 250551768
288 76296642
858 396285000
833 -160768638
932 -211999449
659 2006382
611 33178730
373 -8387550
590 -753889674
146 131014828
867 254389178
169 -431344914
938 151944640
828 -583313066
791 43431310
745 221128479
997 -56061174
220 -8832285
190 -193770324
154 256173789
52 107498820
455 401336854
988 -69814343
385 -112062573
829 -110398272
923 -243514755
638 -362861928
844 -782239740
205 413022056
893 646311961
904 14241962
366 23631905
456 56350944
546 -6865080
504 307993014
398 10780160
739 317070963
134 163032584
196 -44644320
704 -18486309
804 4465123
782 -86717436
879 62736878
384 -7672164
630 171217432
577 -77915214
847 278871450
286 -30757544
289 849699522
970 436257575
337 104859240
780 97097560
808 11604132
262 627341250
98 829309756
408 -364872543
656 404021915
84 83940662
14 291771535
200 -77123854
990 45934800
102 -818125088
212 53046630
775 163555944
368 237520992
276 -153066321
72 378768912
668 28732937
459 -375888000
721 8165796
942 -419523984
731 603475500
450 -27536256
571 -176150676
156 -233187912
617 -101293139
444 119904441
847 -41143347
135 166015372
259 595138167
182 402308700
937 131997470
244 55931064
582 333147555
508 -365687352
846 38827572
360 -41934165
984 36251712
867 84459198
909 -181818220
264 -91106048
44 430225935
465 647931050
497 334907794
977 -128257866
473 279287604
834 483346600
504 117746814
8 748013347
355 737757504
155 -457852368
518 164388600
601 125550100
631 395786632
434 -32791964
841 -52181039
451 288750690
42 -153215305
211 164415117
198 28646970
641 -182016560
73 -262467978
812 127408020
681 -16427628
897 -41722420
738 502652800
521 89957300
768 143945244
528 369862056
521 204517440
599 301579008
727 58139202
907 430536263
786 9914804
460 571032517
636 227600027
719 -268072376
100 484521723
452 390568464
556 -762501916
833 -416536848
867 35357325
501 473350020
548 -701789305
157 54854063
348 55027707
123 -252123093
616 -28145178
746 339753940
837 20242905
603 -324150806
421 -214306860
115 392477540
441 593224295
779 795915960
