1 1 9
1 1 10
1 1 11
1 2 6
1 1 13
1 2 7
2 2 7
1 2 8
2 2 8
1 2 9
2 2 9
1 2 10
1 3 7
1 2 11
2 2 11
1 2 12
2 2 12
1 2 13
1 3 9
1 2 14
2 2 14
1 2 15
2 2 15
1 2 16
1 3 11
1 2 17
2 2 17
1 3 12
2 3 12
1 2 19
1 3 13
1 2 20
2 2 20
1 3 14
2 3 14
1 4 11
1 3 15
2 3 15
3 3 15
1 3 16
2 3 16
1 2 25
1 3 17
1 4 13
2 4 13
1 3 18
2 3 18
1 4 14
1 3 19
2 3 19
3 3 19
1 3 20
2 3 20
3 3 20
1 3 21
1 4 16
1 5 13
1 3 22
2 3 22
1 4 17
1 3 23
1 5 14
2 5 14
1 4 18
2 4 18
3 4 18
1 3 25
1 4 19
2 4 19
1 3 26
2 3 26
1 4 20
1 3 27
2 3 27
3 3 27
1 4 21
1 5 17
2 5 17
1 3 29
1 4 22
2 4 22
1 5 18
2 5 18
1 4 23
2 4 23
3 4 23
1 5 19
1 4 24
2 4 24
3 4 24
1 3 33
1 4 25
2 4 25
1 6 17
2 6 17
1 4 26
1 5 21
2 5 21
3 5 21
1 4 27
2 4 27
1 5 22
2 5 22
1 4 28
2 4 28
1 6 19
1 5 23
1 4 29
2 4 29
3 4 29
1 7 17
1 5 24
2 5 24
3 5 24
4 5 24
1 4 31
1 5 25
1 6 21
2 6 21
1 4 32
2 4 32
1 5 26
2 5 26
1 6 22
1 7 19
2 7 19
1 5 27
1 4 34
2 4 34
1 6 23
2 6 23
1 5 28
2 5 28
3 5 28
4 5 28
1 6 24
1 5 29
2 5 29
1 7 21
1 4 37
2 4 37
1 5 30
2 5 30
1 4 38
2 4 38
1 7 22
1 5 31
1 6 26
2 6 26
3 6 26
4 6 26
1 5 32
1 7 23
1 6 27
2 6 27
1 4 41
1 5 33
2 5 33
3 5 33
1 6 28
2 6 28
1 5 34
2 5 34
1 4 43
2 4 43
1 6 29
1 5 35
1 8 22
2 8 22
3 8 22
4 8 22
1 6 30
2 6 30
1 7 26
2 7 26
1 8 23
1 5 37
1 6 31
2 6 31
3 6 31
1 7 27
1 5 38
2 5 38
1 6 32
2 6 32
3 6 32
1 5 39
1 7 28
2 7 28
1 6 33
2 6 33
1 5 40
2 5 40
3 5 40
1 7 29
1 6 34
1 5 41
2 5 41
1 9 23
1 8 26
2 8 26
1 6 35
2 6 35
3 6 35
4 6 35
5 6 35
1 5 43
1 6 36
1 7 31
2 7 31
3 7 31
1 5 44
2 5 44
1 6 37
2 6 37
1 7 32
2 7 32
3 7 32
4 7 32
1 6 38
2 6 38
1 5 46
1 7 33
1 8 29
2 8 29
1 6 39
2 6 39
3 6 39
4 6 39
1 7 34
2 7 34
1 6 40
2 6 40
3 6 40
1 9 27
2 9 27
1 7 35
1 6 41
2 6 41
1 8 31
2 8 31
1 5 50
2 5 50
1 7 36
2 7 36
3 7 36
1 5 51
1 8 32
2 8 32
1 6 43
1 7 37
2 7 37
1 9 29
2 9 29
3 9 29
1 8 33
2 8 33
1 7 38
2 7 38
3 7 38
4 7 38
1 6 45
2 6 45
1 8 34
1 7 39
2 7 39
3 7 39
1 6 46
2 6 46
3 6 46
1 9 31
1 7 40
2 7 40
1 6 47
2 6 47
3 6 47
1 5 57
1 11 26
1 7 41
1 8 36
2 8 36
1 10 29
2 10 29
3 10 29
4 10 29
1 7 42
2 7 42
1 8 37
1 9 33
2 9 33
3 9 33
1 6 50
1 7 43
2 7 43
3 7 43
1 8 38
2 8 38
1 9 34
2 9 34
1 7 44
2 7 44
1 10 31
2 10 31
1 8 39
2 8 39
3 8 39
1 7 45
2 7 45
3 7 45
1 6 53
1 11 29
1 8 40
2 8 40
1 7 46
2 7 46
1 9 36
2 9 36
3 9 36
4 9 36
1 8 41
1 7 47
1 10 33
2 10 33
3 10 33
1 9 37
2 9 37
3 9 37
1 8 42
2 8 42
3 8 42
4 8 42
1 10 34
1 11 31
1 9 38
1 7 49
1 8 43
2 8 43
3 8 43
4 8 43
1 6 58
2 6 58
1 7 50
1 9 39
1 8 44
2 8 44
3 8 44
4 8 44
5 8 44
1 7 51
2 7 51
3 7 51
1 8 45
2 8 45
3 8 45
1 11 33
1 7 52
2 7 52
1 6 61
2 6 61
1 8 46
1 9 41
1 10 37
1 7 53
2 7 53
3 7 53
1 11 34
2 11 34
1 8 47
2 8 47
1 9 42
2 9 42
1 10 38
2 10 38
3 10 38
4 10 38
1 8 48
1 7 55
2 7 55
1 9 43
2 9 43
3 9 43
1 10 39
2 10 39
1 8 49
2 8 49
3 8 49
4 8 49
1 9 44
2 9 44
3 9 44
1 7 57
1 8 50
2 8 50
3 8 50
1 13 31
2 13 31
1 9 45
2 9 45
1 11 37
1 8 51
2 8 51
1 10 41
2 10 41
3 10 41
1 7 59
1 9 46
2 9 46
1 8 52
2 8 52
1 11 38
2 11 38
1 10 42
2 10 42
3 10 42
1 9 47
1 8 53
2 8 53
3 8 53
1 7 61
2 7 61
1 11 39
1 10 43
2 10 43
1 9 48
2 9 48
1 7 62
2 7 62
3 7 62
4 7 62
1 6 73
2 6 73
1 10 44
1 9 49
2 9 49
3 9 49
1 12 37
2 12 37
3 12 37
4 12 37
1 8 56
2 8 56
1 9 50
1 11 41
2 11 41
3 11 41
4 11 41
1 7 65
1 8 57
2 8 57
3 8 57
1 9 51
1 10 46
2 10 46
1 11 42
2 11 42
1 8 58
2 8 58
3 8 58
4 8 58
1 9 52
2 9 52
1 10 47
2 10 47
1 8 59
1 11 43
2 11 43
3 11 43
1 7 68
1 9 53
2 9 53
3 9 53
1 10 48
2 10 48
3 10 48
1 7 69
1 11 44
2 11 44
1 9 54
2 9 54
1 8 61
2 8 61
1 10 49
2 10 49
1 12 41
2 12 41
1 13 38
1 9 55
1 8 62
2 8 62
3 8 62
4 8 62
1 10 50
2 10 50
3 10 50
4 10 50
1 9 56
2 9 56
1 11 46
2 11 46
3 11 46
4 11 46
1 10 51
2 10 51
1 8 64
1 9 57
2 9 57
3 9 57
1 12 43
1 11 47
2 11 47
3 11 47
1 10 52
2 10 52
1 9 58
2 9 58
3 9 58
4 9 58
5 9 58
6 9 58
1 11 48
2 11 48
1 10 53
1 9 59
2 9 59
1 13 41
2 13 41
3 13 41
1 8 67
2 8 67
3 8 67
1 11 49
1 10 54
2 10 54
3 10 54
4 10 54
1 8 68
2 8 68
1 13 42
2 13 42
3 13 42
1 9 61
1 10 55
2 10 55
1 12 46
2 12 46
3 12 46
1 15 37
2 15 37
3 15 37
1 9 62
1 13 43
1 10 56
1 11 51
2 11 51
3 11 51
1 12 47
2 12 47
3 12 47
1 9 63
2 9 63
3 9 63
1 10 57
2 10 57
1 11 52
2 11 52
1 14 41
2 14 41
1 12 48
2 12 48
3 12 48
4 12 48
1 10 58
2 10 58
3 10 58
1 11 53
2 11 53
1 9 65
2 9 65
3 9 65
1 12 49
2 12 49
1 10 59
2 10 59
3 10 59
4 10 59
1 11 54
2 11 54
3 11 54
4 11 54
1 13 46
2 13 46
1 10 60
2 10 60
1 14 43
1 9 67
2 9 67
1 11 55
2 11 55
3 11 55
1 8 76
2 8 76
1 10 61
1 13 47
1 12 51
2 12 51
3 12 51
1 15 41
1 11 56
2 11 56
3 11 56
4 11 56
1 10 62
1 9 69
2 9 69
3 9 69
1 12 52
2 12 52
3 12 52
1 11 57
2 11 57
3 11 57
1 10 63
2 10 63
3 10 63
4 10 63
5 10 63
6 10 63
1 12 53
1 13 49
1 11 58
2 11 58
1 10 64
2 10 64
3 10 64
4 10 64
1 14 46
1 15 43
2 15 43
3 15 43
1 12 54
1 11 59
1 10 65
2 10 65
3 10 65
4 10 65
5 10 65
6 10 65
1 16 41
1 9 73
1 14 47
2 14 47
1 11 60
2 11 60
3 11 60
1 13 51
2 13 51
3 13 51
1 9 74
2 9 74
3 9 74
4 9 74
1 10 67
1 11 61
1 12 56
2 12 56
3 12 56
1 9 75
1 13 52
2 13 52
3 13 52
4 13 52
1 10 68
2 10 68
1 11 62
2 11 62
1 12 57
2 12 57
1 14 49
2 14 49
1 16 43
1 13 53
1 10 69
2 10 69
3 10 69
1 11 63
2 11 63
3 11 63
1 12 58
2 12 58
3 12 58
4 12 58
1 10 70
2 10 70
1 13 54
2 13 54
1 11 64
2 11 64
3 11 64
4 11 64
1 12 59
2 12 59
1 10 71
2 10 71
3 10 71
4 10 71
1 14 51
1 11 65
2 11 65
3 11 65
4 11 65
5 11 65
1 12 60
2 12 60
3 12 60
4 12 60
5 12 60
6 12 60
1 11 66
2 11 66
1 13 56
2 13 56
1 10 73
2 10 73
1 12 61
2 12 61
3 12 61
1 15 49
1 16 46
1 11 67
2 11 67
3 11 67
1 10 74
1 13 57
1 14 53
2 14 53
1 12 62
2 12 62
3 12 62
1 9 83
1 11 68
2 11 68
1 10 75
2 10 75
1 16 47
2 16 47
1 13 58
2 13 58
1 12 63
2 12 63
3 12 63
1 11 69
1 10 76
2 10 76
3 10 76
4 10 76
5 10 76
1 15 51
2 15 51
1 13 59
1 12 64
2 12 64
1 11 70
2 11 70
3 11 70
4 11 70
1 9 86
2 9 86
3 9 86
4 9 86
5 9 86
1 19 41
1 12 65
1 11 71
2 11 71
3 11 71
1 14 56
2 14 56
3 14 56
4 14 56
5 14 56
6 14 56
1 10 79
2 10 79
1 12 66
1 13 61
2 13 61
1 15 53
2 15 53
3 15 53
1 14 57
2 14 57
1 10 80
2 10 80
3 10 80
1 11 73
1 12 67
2 12 67
1 13 62
2 13 62
3 13 62
4 13 62
1 15 54
2 15 54
1 14 58
2 14 58
1 11 74
2 11 74
1 12 68
2 12 68
3 12 68
1 13 63
2 13 63
3 13 63
4 13 63
5 13 63
6 13 63
1 11 75
1 14 59
2 14 59
1 12 69
2 12 69
1 10 83
2 10 83
1 13 64
2 13 64
3 13 64
4 13 64
1 11 76
2 11 76
3 11 76
4 11 76
1 12 70
2 12 70
3 12 70
4 12 70
5 12 70
1 13 65
2 13 65
1 11 77
1 16 53
2 16 53
1 10 85
2 10 85
1 12 71
2 12 71
1 14 61
1 15 57
2 15 57
3 15 57
1 13 66
2 13 66
3 13 66
4 13 66
5 13 66
6 13 66
1 12 72
2 12 72
3 12 72
1 17 51
1 14 62
1 11 79
1 15 58
1 13 67
2 13 67
3 13 67
4 13 67
5 13 67
1 12 73
2 12 73
3 12 73
4 12 73
1 11 80
2 11 80
1 14 63
2 14 63
1 13 68
1 15 59
2 15 59
3 15 59
1 12 74
2 12 74
3 12 74
1 11 81
2 11 81
3 11 81
4 11 81
5 11 81
1 14 64
1 13 69
2 13 69
3 13 69
1 12 75
2 12 75
1 11 82
2 11 82
3 11 82
4 11 82
5 11 82
6 11 82
7 11 82
1 9 101
1 13 70
2 13 70
1 12 76
1 11 83
2 11 83
1 15 61
2 15 61
3 15 61
1 17 54
2 17 54
1 10 92
2 10 92
3 10 92
1 13 71
1 14 66
2 14 66
3 14 66
4 14 66
1 16 58
2 16 58
1 15 62
2 15 62
3 15 62
4 15 62
5 15 62
1 11 85
1 13 72
2 13 72
1 14 67
2 14 67
3 14 67
4 14 67
5 14 67
6 14 67
1 16 59
1 15 63
2 15 63
3 15 63
1 12 79
1 13 73
2 13 73
3 13 73
1 14 68
2 14 68
3 14 68
4 14 68
5 14 68
1 11 87
2 11 87
3 11 87
1 15 64
2 15 64
1 13 74
2 13 74
3 13 74
4 13 74
1 14 69
2 14 69
1 11 88
1 17 57
2 17 57
3 17 57
1 12 81
2 12 81
3 12 81
1 13 75
1 16 61
2 16 61
3 16 61
1 11 89
1 14 70
2 14 70
3 14 70
4 14 70
1 12 82
2 12 82
1 17 58
2 17 58
1 13 76
2 13 76
1 15 66
2 15 66
1 16 62
2 16 62
1 14 71
2 14 71
1 12 83
2 12 83
3 12 83
4 12 83
