-1
9 118 7 4593
10 590 8 4121
6 1726 3 2985
4 2885 2 1826
8 2983 1 1728
1 3393 2 1318
2 3375 3 1336
3 2576 5 2135
5 1314 7 3397
7 378 5 4500
2 922 6 3956
3 1236 1 3642
10 3064 4 1814
1 4060 5 818
6 4501 8 377
9 4505 5 373
4 4721 8 157
8 4847 5 31
5 4878
4 328 10 4555
7 508 6 4375
6 888 10 3995
10 654 1 4229
5 183 9 4700
3 296 9 4587
8 612 9 4271
2 1186 9 3697
-1
2 248 10 4577
5 344 10 4481
8 782 10 4043
3 973 10 3852
1 999 10 3826
6 88 9 4737
4 354 9 4471
7 1195 9 3630
1 396 9 4600
5 485 9 4511
6 287 10 4709
3 388 10 4608
2 693 10 4303
7 785 10 4211
4 1126 10 3870
8 1183 10 3813
-1
-1
-1
