10
10 8 5000
5858 7136 2709 2777 2093 2026 8477 1899 5537 1488
10 9 4711
5121 6519 6897 2885 3449 1726 7990 7104 118 590
10 10 4878
7702 922 1236 6535 10600 8457 378 5381 4505 3064
10 8 4883
4229 1186 296 328 183 5263 508 612 17255 9204
10 8 4823
4940 11255 2672 3085 2962 2764 2732 2593 2797 2784
10 8 4825
999 248 973 354 344 88 1195 782 12838 20779
10 8 4996
396 693 388 1126 485 287 785 1183 9111 25514
10 8 4860
429 680 766 749 1147 182 67 729 17059 17072
10 8 4839
958 1217 701 309 1023 907 250 496 16317 16534
10 8 4812
1588 14981 3076 2483 3135 2585 2713 2458 2613 2864
