100
100
2 9 59
2 16 40
2 37 75
1 28 35
3 73
1 24 93
2 27 79
3 98
3 39
1 1 43
1 68 96
1 6 17
3 63
3 99
2 58 73
1 44 100
3 68
2 18 61
1 44 91
3 93
2 59 69
3 53
3 82
3 98
1 53 57
1 56 74
3 83
2 12 26
3 6
2 75 92
3 25
3 96
3 63
1 3 31
1 55 77
3 55
1 7 7
1 18 32
2 14 56
1 40 67
3 24
1 43 98
3 67
2 63 85
1 65 94
2 69 72
2 26 26
3 32
2 1 47
2 35 57
2 3 75
1 51 54
1 48 48
1 67 67
2 29 96
1 8 46
1 17 47
1 12 94
3 29
2 4 44
1 25 60
2 87 96
2 37 100
3 36
1 3 66
3 94
2 52 91
3 47
3 8
2 19 52
2 28 81
2 19 76
2 17 52
3 48
2 59 99
1 94 94
1 48 71
2 50 74
1 20 58
1 38 65
3 83
1 10 67
3 42
3 15
3 49
1 69 93
1 40 91
3 36
1 40 58
3 89
2 47 82
3 12
1 39 46
2 12 97
1 6 28
3 94
2 31 40
3 60
3 37
1 69 72
