1000 1000000000
16808 475249
1622650074 943658
1144108931 211272
101027545 850878
1458777924 237709
823564441 438165
1784484493 243042
114807988 522503
1441282328 531729
823378841 542612
896544304 833169
1264817710 97157
1817129561 570933
197493100 280278
893351817 795335
1954899098 807826
563613513 929267
1580723811 877633
1358580980 379149
2128236580 558821
530511968 10672
1551901394 819336
1399125486 91745
1356425229 894091
585640195 186357
1646035002 921153
510616709 357944
771515669 571490
1044788125 702196
1952509531 60903
1942727723 454666
1108728550 118024
2118797802 806853
571540978 847408
2035308229 374933
1075260299 938981
595028636 408013
1137623866 389814
2020739064 554536
1635339426 1669
1777724116 220094
34075630 446501
1864546518 934195
1581030106 810404
2146319452 194298
500782189 821123
753799506 246882
1269406753 731566
884936717 130337
578354439 53144
1153851502 844897
616783872 955828
330111138 619358
1723153178 982397
1147722295 477904
2051621610 946231
1190959746 844175
1341853636 266298
343098143 880399
1534827969 90412
195400261 673557
6441595 688008
57716396 325968
2014119114 204530
388471007 910962
1904797943 285365
322842083 179852
828530768 633821
1073185696 824712
1260973672 859901
1267248591 724831
1194314739 153057
2111631617 819790
304555641 110679
541437336 77006
996497973 936098
270649096 975319
685583455 345223
272112290 556760
1334948906 586126
532236124 129506
836045814 476770
60935239 329094
915896221 987844
2034712367 140534
281725227 915394
197941364 318738
152607845 559590
543436551 145159
1681808624 764947
750597386 307217
1737195273 755539
1399399248 242385
1459413497 894885
537140624 682420
1012028145 531968
1289335736 699915
1623161626 663534
2043046043 796011
943454680 24152
1479575245 977295
2119878819 590396
1828087693 301815
1154112992 740033
222122670 119397
1238489554 410547
944975826 121210
1866729663 830211
1719533809 273377
1592822762 625
1902737336 401868
994977996 2776
1532062768 997439
1433829875 689331
428540557 456301
1859468873 300560
1168120095 918984
967113756 639789
462851408 828015
678030194 222769
1893015681 303455
1004016856 267506
784170964 233502
2145586677 863108
1353963250 602331
1277845 887638
1660760809 939997
685428652 54849
1465645204 495731
440796532 198014
1522395420 636775
203042010 530180
1640687930 995223
459244055 588260
174076738 991545
2044747318 837525
837204201 134256
1486421565 960597
1668306649 337704
907225551 925150
416541977 301412
411938555 482797
524102505 348381
293034749 7065
1290659379 847699
1778878210 725129
2121578554 265483
501650448 264607
471180774 45322
1494664306 755176
1495170054 927224
1437784631 280366
121205401 660444
487495371 570285
1502883017 193898
1637608156 841133
1189515558 696576
707953179 658266
307187358 221711
1042227879 320614
1746474820 795737
1586983134 620591
290623721 48762
667306634 976197
1112576032 238588
555860590 54873
843998878 637304
1021979359 861200
599777255 68960
794014916 293947
1442645481 207730
1103669956 674546
1547837108 841238
989340001 984926
690545036 774857
1110561114 250114
862929594 601360
2118498355 968418
1439025358 342585
1163313730 721015
1780776564 106102
588860918 786643
1172819420 62967
572547748 245269
529855396 423303
1490404474 719103
1754711749 424385
345205659 163459
1520045407 673930
1250739825 285132
2129300974 959603
600246898 907920
367603951 135231
1064488481 620203
350213901 824520
1681462534 481258
937217004 618676
1255820951 423934
143558781 279879
836941833 482574
828433550 174542
1415306250 252771
1156766311 915879
1752200984 669970
1473392041 82723
20073651 902971
1118753230 190318
473917747 710299
151687231 185621
1554270777 850124
108668245 76958
981747697 666771
958829065 791560
614056599 318751
1493869941 764503
1462789552 192801
123427206 315080
1164780419 559274
1838659650 40413
810783321 519025
1237322013 901783
1458854789 624117
76424009 81550
2090265325 319195
754451258 824511
1304835691 438666
1187262411 760593
766490554 809565
2092190961 228742
540151404 254352
1746007308 256141
525244911 413200
1492192800 343127
566120172 157787
250334415 31625
244116642 619517
13055349 901842
1287114316 515974
177181446 211373
805972221 739911
265509240 245054
63641306 556929
1061382254 354189
2005815167 204356
772359305 659860
1073645899 5592
1442901721 866116
1625151581 98867
495149353 26939
1208178699 494901
1324160812 716616
482756892 848671
1402331729 326671
1597951662 77045
102303121 620240
268317159 299453
1039769628 685350
1962853712 535563
1274629595 207533
1066401728 307827
948398796 919531
1657737443 351516
950885007 478515
1004466925 642601
957627098 168661
440967104 34324
799980109 44936
2072002282 517015
151043711 963216
1130301906 775973
1111767782 882720
1807270792 481169
910297866 715827
1532329537 616728
1872357126 320384
1796580168 789949
835500477 416046
1300521577 568666
1158577468 260520
862627385 341991
178425211 333258
1014428212 268744
225419519 685718
1722321935 666825
1436280768 658689
523449819 73014
566211826 102918
173958029 333029
500078035 6727
1055151241 933754
571486541 408396
913090936 203083
2069048049 846865
1709087012 615252
367553065 377876
137017238 232675
628070246 482710
1773470416 728192
1560024711 454747
1722463038 701299
97368448 949715
329241694 259579
132567130 195164
1995333980 553501
439295526 110289
1502574959 114033
1062211801 165089
1528087671 535217
430880847 521038
936509544 240338
1849385937 603321
954597720 536496
1124791248 943788
1617428360 425987
1767145036 765235
498383913 185684
924745990 683784
2120263735 422667
1826500520 972615
669167046 665976
2142326662 365825
1005182820 271631
1483422904 72698
1162936799 92639
341914005 909503
1763800680 748765
88207392 904107
236264925 314365
1114057122 114454
1205777107 127450
1110051704 530832
1583071033 932141
48961655 281977
1440942218 753900
142357290 173465
1978084748 3622
816289880 459317
359301517 564048
1484182763 121029
1532649040 52708
1266605904 502657
1996510762 375752
1086561467 108621
1974044558 6996
1554426956 266930
1054021495 645555
2096192222 429312
586802294 231427
1500142233 477444
209234792 402198
1311549153 444856
1063273571 464303
1264627440 712914
324735800 626766
1570591836 981921
110846044 122752
688574087 289719
526439151 168410
822418624 44669
1282409606 349943
2008437312 922431
1101977993 139816
1396138700 786971
875180640 501370
1030325837 679891
1147182858 94833
1300383329 518177
1510474411 217683
2014885177 523489
887972092 70434
1681484712 226904
1463491027 464891
1132610791 500522
308559365 706890
539924885 116813
10341442 907127
591316180 185784
598994538 329870
1088387562 32581
894374166 545802
937357733 367332
1645347855 459759
947609848 972377
637940463 979010
726943820 298150
119413378 900941
1042143837 826720
245832300 396112
1856734760 219956
788974391 536152
348330049 695014
123959045 514918
1005240151 350101
1897741296 819821
885295732 644501
662128246 154961
1748946058 703510
1974593929 350805
1653662174 782137
1229309670 439096
1725004504 447421
1850318676 278518
1867224301 276489
835740263 532054
1128868264 358643
902024890 245250
1608776736 469415
726031365 52494
1595850964 867758
1887985653 485092
1524957317 766714
771761421 958060
345807451 63368
207078742 891847
1208199197 4787
1885902502 188234
1364093129 270571
1886377449 687875
242817254 641871
821669330 562293
261433720 973471
307738821 725764
1521681080 142630
839594411 688080
1350266114 863342
1951398139 248382
1845146045 698828
920998394 863575
1070800981 109000
967945597 5947
1590767371 266087
644506544 952733
236262853 490261
2088376825 554400
511982381 370778
1789871858 373423
278059499 567014
728252846 261662
945468510 726610
929596850 709218
821019291 775055
922285744 518555
1439236386 606534
1499086276 877321
1823811152 921226
1703775252 694459
20632784 316714
1372366438 337879
1384907699 914100
810383138 94285
836445879 918284
1489470343 164915
626045961 63067
1834735141 810707
309543567 320728
12000563 466363
820241970 242890
739712624 222278
624917314 245761
267127011 834840
104576979 646000
809207395 734507
1623187657 166551
24761787 993431
1204554545 880739
892408777 507584
1105074253 374108
1808275515 991454
998595020 783028
107466672 592370
434756664 867947
1785684025 424543
1802916855 306008
389114982 780552
2005986289 768163
792508360 411019
1348255380 195356
871419462 408487
955308354 743899
1606985789 794244
281369881 582466
1428738284 665274
1248300237 318909
2108898568 621834
1978847940 69684
2078169652 289549
598709267 747467
1268000111 619589
1792486328 97773
1568625582 889295
750607937 637874
1426245436 558231
1866566973 983028
1971319799 139070
2043874588 766297
893369090 102646
2067029091 958111
1129966613 957463
1756872113 923781
1423551952 329230
2021703322 453213
270655129 371950
1904228601 288959
349949755 289992
1293655195 403330
1801048633 353559
840858778 67779
1433118633 263272
86384 839081
1350237154 132622
1233398522 297956
754609819 275591
796366901 400196
1237874121 762704
1598733600 207129
950527145 859175
197140871 818416
2131204600 947080
70874619 764288
1046279453 648128
1923552801 87662
1478744841 279149
1034486386 66583
2033924516 630659
2047114879 245959
272918562 668382
1840728049 884054
15049441 351381
108218771 702028
1377340252 367544
294405870 117595
1770872470 722710
1408508173 605923
1130552126 256219
1939298851 461431
596111244 447846
840725870 766670
521841395 94610
1564026393 731064
432109525 559361
48439520 693620
403681563 171661
1674303726 479434
1431005950 622090
754137323 486260
627260094 159928
480385123 716381
869226367 766468
1244171024 112722
938966640 463517
1791608794 769364
1823359179 61956
568356772 988341
1145751356 160836
2144768490 979728
262467121 474902
912910313 439616
458633348 853946
71032852 702672
227725812 846523
1035191737 482605
553029608 380633
606587867 391553
446941413 997925
1640814041 59153
1236634258 221733
1949588296 988139
245042252 961258
1499292695 194160
1606251139 949929
1921919876 804598
742794293 225633
461814563 443276
38193237 590646
1686783874 929464
1567627485 742192
1885054120 333842
737499329 78859
777800263 44145
173205717 127127
1667292173 908748
1059344001 174370
1380261399 961292
756589546 808928
604612301 792143
1344652193 973563
338314784 344272
541069802 384009
1835246222 614486
1306624514 415769
802432532 245357
562345820 649486
435546857 739816
152364255 509754
2068549815 962615
424166538 762966
174647298 458877
327625761 77412
1737580192 638231
97754175 412463
1781814878 180324
1720494785 527833
857306751 759527
1407045000 377429
2118199610 412144
888155365 372451
232032813 651979
1862124135 132407
1791793584 567600
1539614260 388310
477900754 115891
3379322 673225
879965254 613929
48236097 730553
808530662 784858
1704827492 822963
712542921 40768
1404181688 816526
556455473 835219
2119655642 138204
1379382952 288092
809458446 181370
964449475 741962
1257996177 225317
1038525827 958413
175223345 662571
216485980 551035
1807468130 657288
1777959849 700978
1746505618 417723
1803447839 619508
1378888930 194926
1751829969 471806
415825200 332255
1998559830 323276
812703489 527896
489102820 161864
2117091138 192416
984580319 904491
599180684 918398
1588991121 119748
652689962 705651
1746311019 275977
1541379947 518661
1685931479 112228
1239225064 225235
1714971507 591308
1348178969 955679
1013304120 7323
1137349678 79392
1842378954 356978
857151854 889295
1817708272 548475
981140205 966962
628128033 708819
2147483532 534035
1592609469 152468
1710652611 350234
1290067271 706778
540506266 969045
1236143280 289075
1605675328 712687
2125225364 659037
1191375767 974534
229803084 818675
528926185 559555
718044157 517399
148963665 852093
1881757887 120633
312244925 888047
1421400195 971330
1256336768 825665
1061106911 631682
1986056806 396314
550579653 176241
1332973586 637591
51897807 64760
1311517961 200912
1220710404 463430
803101086 214200
808048586 984467
1252230485 3988
237955201 495686
1471380101 145495
1872328200 161102
2092804429 367183
1020793918 507136
2130687803 74489
1500456579 239725
1020020790 446722
955860596 340605
943842320 638691
2141420722 617774
266898515 469862
408575707 671283
1409334627 916419
982723802 194330
298897645 452375
2089423259 101462
1830103132 46736
1987760721 808308
1002161025 86947
988380509 188411
1860019398 556000
826278315 361896
1748534000 695645
1549592534 514962
674280540 813754
1477558822 694286
355976537 200010
378614663 578173
425314494 106635
1448374989 284571
694506839 804821
688964892 98413
1869250561 889957
317344093 258743
2022889776 832768
1419330414 900415
365816637 519891
355223348 254369
775654833 24134
2069828929 195143
51240880 510906
1903039055 425807
1961132538 535203
370604422 927447
1748951035 351949
1252119417 767759
1013081939 778550
713635184 352186
1101581097 959685
1778470525 697922
10260364 229181
976173013 233251
1811472203 635495
1576061537 933454
908302209 446980
871608032 220830
1128632096 566714
866913113 612136
568629938 122009
397215686 842919
1332884382 869610
702899909 211609
395899440 532867
1144996120 811266
1988075000 444520
66974516 242577
1213459923 197142
301203981 335881
663826886 910030
349756326 812436
815146995 343945
1293452603 923233
719628481 963456
1168292835 676517
618198882 708781
943433459 362805
699174993 574160
2088848652 616201
683708543 953944
750049636 207555
2116321873 57443
89947323 637013
1686378442 284781
217885780 669518
939547161 861729
606864956 459082
1894729365 903032
1439819314 459195
1627434329 22504
1832619856 437711
502403882 811610
561099905 392551
643177617 996761
2129948865 645405
920432123 965113
996004944 48636
390585119 52994
1080952189 253743
1928517640 274502
1351070344 655070
1168336220 848212
117703318 209932
2094427783 274097
1868047860 447073
1113335591 244819
2082344011 780911
490853016 934978
1925228543 996045
182048271 560562
1655903009 273983
111531100 440709
153838214 18550
579642952 254665
1476003503 251617
2028614954 135299
1958017917 707584
1750911870 367442
1034823504 41515
1510074330 507257
361713383 90264
451109353 605154
800532527 116027
1732378756 449259
1415002953 707386
1121267423 559129
1303243787 595549
46741880 229198
810278891 498603
2082414687 632443
1703568828 293585
973300199 488587
524470818 134031
459173477 867461
874131564 550214
736906384 386832
1478329723 325511
1671132792 682871
46506143 164733
115431554 378030
351222381 478704
24864916 798887
1978837111 66681
1170411559 848786
1195111434 304040
1033862660 521936
877617563 676938
2020949755 154526
1266233527 929712
607227596 898621
1601581178 810341
1190369159 783054
251606021 77197
760864728 832451
570659463 610332
890022938 900804
1137446058 454405
1009200908 799943
212294259 256539
285217344 383697
941222282 332965
2134181458 875605
751490118 68412
1721485625 190184
646861460 320299
1185242217 614740
1087796852 387846
1566892923 376893
466138616 358049
827251362 493649
567717232 657796
1839326124 50696
1918487445 995250
2070596239 472431
610059360 715935
1543821266 577801
1044718388 632437
1843563949 215120
43815425 423894
2060542776 127903
2142934990 116286
1261990846 634143
876657258 216332
1171313262 385578
1234157105 384202
1463157032 978220
1210884687 878630
628938644 262367
2100205649 103844
1253497318 829749
1120070126 941273
1734607864 845416
1277246681 415348
430360980 50957
602986815 52705
1703072190 233307
1694794906 874527
343613615 483715
1635179309 398897
841369450 997495
714456030 409026
1675487867 984398
2049458986 946662
1668677519 98853
1808070580 616203
1650113384 810723
1256830560 53221
1721421175 979034
1483422676 240702
1183089437 63279
1260542916 594750
1929813014 788850
558172493 502948
84084 182981
197225848 543208
1458232707 710178
1600442307 158267
2108804115 633910
1680984471 127358
186428618 124946
1990222305 977656
1677949664 733637
615449899 191734
635348657 168508
1954153013 259113
1915096281 276724
1615779105 684613
1005252074 739962
448292980 464377
1927948270 291147
2058805632 719753
1972325634 338739
564552521 451194
1656677598 889424
1665836872 984958
899093321 488948
1389628019 437401
1781320518 406392
1675512614 423580
257691357 587940
2129988595 903868
912535671 282463
1360521650 965134
924176426 439871
1714891892 985650
529981218 630010
89342655 916525
201863902 905494
93396393 98034
1770024971 192546
1099456188 836121
2143831566 483589
454412972 954865
233871161 512110
208040776 928109
831269695 623323
1931031535 118474
1754634415 155494
1755440424 846875
984673078 421357
1272825628 705222
1433485575 490172
1587198840 24039
1343168184 554417
1924350531 633890
705082607 594896
969502013 885895
555831939 517516
1511505322 869684
1483839228 295578
1889024461 861972
465443488 243635
1687111582 750526
1536439195 162030
419251296 669258
43933420 82212
1633863444 492312
902368707 326628
1453526594 963926
108431227 482726
1360842734 972981
235195297 429392
37618062 559009
1155721378 596124
1375150523 814240
59701053 717815
708455181 871292
806957152 606052
1651094974 524677
1637930418 647626
396412466 26261
1800622740 820849
791025008 517719
1689452431 210376
1750837826 393581
1928208328 118659
886513498 801193
1190658226 164829
753698823 551348
2087332554 360879
302469469 556227
1721337425 876431
861174278 776406
1293580501 21272
1621631602 353930
2101530699 899077
1567414550 427294
1887377128 423652
1455100060 919577
618154671 138151
47607225 697084
2028505021 975015
1220005220 854177
65238696 86895
1377925665 985600
146595119 405117
1233313724 581617
451043755 99568
