1000 1000000000
831748808 140926
780604438 173136
123956107 135952
21646331 131967
793746601 691036
236563617 463515
1726124447 976599
1474651678 965312
1877310481 495636
423453125 848910
672750588 714254
399424936 2023
1028919432 551173
281889778 556757
1646583895 231216
878152666 218471
442654013 626476
1398395326 194507
524210 446075
627891451 958792
1131735607 668563
807681189 594029
2135382201 926736
919742004 553315
1582664032 917275
24669198 850108
1307061697 699509
984611717 610677
649586676 869024
937964558 340519
396135093 185544
1734242658 279115
440894973 212254
902637226 358167
155017138 357748
698503797 684870
720363537 631413
396060643 388041
1759309679 422603
1509650982 748362
1951850220 922808
1275636712 953776
943096183 732367
1689092424 23668
624491121 670951
1374064421 50749
1230556663 297624
1083014292 796865
785075772 956029
949468870 784073
2016602384 334127
51664569 988
198012 487230
1994943625 307957
1656294640 965259
703180661 843179
1463406625 920477
1020093687 626601
333395866 468032
1413425748 910362
998542292 67179
699112992 7000
1070076688 818431
1184438624 12718
1418966036 250310
1490737225 814219
317062558 467292
968078265 273376
1279977906 957336
1064773432 824366
2120318493 256726
1281475921 291677
162197405 20985
1642231308 745505
1593950413 561806
1297871572 91218
1596087895 999781
555864070 543233
310355072 383381
1242008587 256062
552464801 87619
1758696142 124479
865569110 790185
178050380 999582
68101981 677656
1755289020 683494
238903487 952959
275161123 685463
796441384 752330
1944555729 980450
820863600 560065
385900598 719839
2088443684 253613
1553463554 238692
1551866825 818153
1120385714 61495
1192335012 619720
155902570 427843
197777569 383467
1801856152 423510
1405955316 411264
780027392 179249
1510163541 392887
1688038024 592044
1818882539 101121
2020242068 477352
14942753 729812
1174355457 433062
378170552 339184
1759696301 927616
227018028 22717
301089221 48208
69903111 14861
1017324091 666863
1338654091 604658
187696505 148932
2101022743 617173
689707811 919811
1701810258 778653
96923015 491872
1893498901 847407
338268022 415338
605388761 853481
981688035 927537
1372184883 426641
648049511 540633
327840638 31504
546377110 996391
880291450 539160
263717072 48536
461567960 753949
868905476 518725
616300388 974828
1584321881 98007
1722330956 282772
582413008 945623
1560340998 323062
1061893713 511014
256874239 187596
209339420 401347
314467864 118174
303070559 141269
1826725133 76012
877920068 911179
1674350723 874366
1176377449 314254
1141221264 315884
1539682648 301779
1779824601 333137
358190824 499620
1268304612 916955
478285139 23645
331290220 97709
1375946778 570143
1394357709 442292
1698004277 681749
1551940003 237152
416571014 326271
1405695875 953671
145889105 329701
116712187 140391
1708954201 944422
1086571216 960064
603727958 24871
223279414 162982
266125878 661685
490142351 206558
1276235871 600854
1049624410 765605
302662211 487374
1412877792 348458
1169826067 902977
502213984 679571
1070283716 370733
1195613492 458258
172377222 513544
808754684 955318
326949174 581585
110933441 520484
705905028 122761
1912811029 752006
1629888616 551173
723334015 847631
623367355 888612
2031128933 907412
319699140 344379
1321421113 235757
597350819 148401
741378048 716035
1031394188 102325
132497994 710059
2002804934 825853
2081002408 779407
1583522253 652093
1081398691 678269
1682591034 827935
1783152824 202276
555474162 810418
1092255316 864649
478281780 568932
684700803 998588
75015936 918756
355175606 338222
1039620235 320846
191643405 704175
1018738794 776420
1131420849 981798
1728693188 133646
421209298 554167
585657421 703739
1366730174 929299
2029258117 357605
322570657 290364
1310244535 566600
1995084418 132261
796884657 390700
119116430 63199
1293155605 728788
1879263328 740460
799181197 632834
1819885483 711753
2096244649 569901
869451905 416340
749524437 122550
1010808023 777984
969049682 9719
1373489373 153601
66628791 93443
1424330370 298674
694495780 936208
1383892586 779085
1414394323 881211
1456280079 146087
809768003 938575
1915965622 905382
2028701917 238793
1787658671 45160
873498282 397875
1781547913 266863
1751393552 62228
1861322049 374887
463917258 699789
1862351091 614605
267608090 395005
249708490 528385
694994768 492936
906786106 107623
1225476360 507336
1470168889 658234
1555676452 709732
925459667 34888
1033698536 573515
1934305770 611297
959552088 220886
283766391 20390
622708170 384552
448697297 369255
1850399802 763200
8793891 21234
1803401595 396600
1736498875 812588
2145462287 724025
1385172354 3391
1096687869 855275
945246421 44081
723801500 417085
500724796 700619
5884852 442995
610083140 386395
1476394670 144445
400767799 663994
1520262180 10447
909180744 599196
2054240927 650463
1544490946 471326
1529971772 366019
1457760986 429919
1306321481 791079
178471735 262126
292993048 138358
738104625 870496
1415628474 420598
367021992 568553
1924233540 849800
1269070531 815706
1103539661 290128
10010939 110500
1378165611 790728
73825059 685487
1801440195 885152
1269068981 764856
1353567699 27615
208214056 761422
547650344 403759
1705244450 185128
139312101 289470
1064249066 739592
93485890 790466
132408593 147452
693274158 971724
405011491 435087
1217984206 410231
685074690 466456
652679339 164890
1046395751 784967
1025229197 797291
1678551945 335816
2141410234 345958
1193919863 923066
1863316320 349232
455967403 472918
1126281978 322781
171997194 833889
717373948 732971
558158850 205047
923408342 153965
1563562680 557614
899502400 428760
2134452267 911527
2076206772 420094
827222018 309041
900887996 820615
487547098 945974
1621353852 176974
768680447 119217
1408196380 268266
2072055080 893001
5311998 904052
721561238 555650
268063871 255331
1161568015 260068
728878198 134491
1845029879 780513
451349220 82529
2034537913 575803
1799367537 460498
1593559690 131286
1643194110 689543
1262163796 437499
1865486205 868075
184149734 627204
1215421262 683363
717512862 976922
1503700452 922061
761114443 825162
482110489 171685
498522204 958874
1981866519 203056
370910297 801278
2008685512 452537
412672537 616389
1316130761 119220
166611178 859798
1508627819 316997
667805481 163138
1608648736 657062
1076323904 79040
1130091393 651276
221860475 375326
56595735 729364
1436020148 385643
1858441893 716876
1860324364 152268
2014049091 811616
1095982797 612053
1779840861 614957
2085702278 599558
519144366 284794
1071784539 899130
1062070914 760927
1604628012 341851
772038047 243948
2004057583 261126
1391187172 318108
787028679 209273
1093842706 324615
2130814643 390722
2043873191 286918
1412437285 198250
490272945 616269
1374815611 399197
953692903 146353
1926115461 41342
680230892 132056
1779824158 887636
1923190690 539026
877444459 801657
480605402 978240
895929013 55567
1227871549 743213
1176489424 794432
1020591376 351036
140644572 293097
1682949655 720141
93344522 302137
1777307573 316481
1870417847 112936
786720633 847445
1760665692 96624
1403808770 634641
966885182 480218
208617184 682777
1761963394 737668
1083294609 117390
1382417521 681747
1870804607 937315
1978450042 48939
740659736 948133
662721295 594916
361071436 305270
1979075877 523196
636812964 456140
1318374492 800491
1053367852 285889
476011881 82085
1771824918 130717
1200720624 679902
1991371430 968708
305278151 434367
1330232387 946232
1655380340 710688
703826416 629229
1859364793 28000
195331605 255812
310562308 431539
2025976778 984207
163210386 323476
96410415 158260
1313244123 518235
214521510 442097
1724417194 946486
866010177 352313
129953064 260842
1008135202 348377
1049703572 757692
2008590985 220895
686477112 652893
1700486680 239677
1122228440 986319
1411794750 530740
1279033876 30655
1884809834 586334
1080851166 360182
1194139249 659921
895208308 584867
1353276604 561244
224450031 370078
1062719451 304051
1867714096 326466
2018882596 151565
143958059 494284
1148271615 964556
629521011 169948
526245244 140755
612211163 846957
270663745 181062
464518287 775957
1916617786 407495
332332858 845399
2012362178 152236
1515150231 829484
2059027948 217471
1875493097 493806
1128758094 731453
1936854884 897355
567174139 311980
1298211706 272415
466580834 265034
1638134948 699689
1306535195 714983
1181035704 711100
194839920 440605
2120111115 821974
1188211665 3395
275889439 590593
959025821 186005
289880836 282449
1848970815 98808
461343130 3433
1640049184 9436
2099867241 447882
309012637 914806
1390988179 326404
574264647 395704
738000708 821124
1389148984 230744
1342496920 522251
674901307 626488
13259020 516692
69166618 678892
1747032753 41080
25230121 348381
385229923 586996
1860675302 916293
1172869839 971453
580580175 776097
1992294870 839259
853064562 249355
1067860115 98019
948907208 865427
347655259 401366
1446677702 269373
2030619302 473783
889836313 778076
622667989 62485
1909275270 792609
1805408267 278199
10799965 368600
808711896 817402
1961443925 49218
708267312 840656
1080287435 151500
1346937574 666384
256290395 939723
1179184570 956667
40400172 841545
287646177 590635
1629682198 251141
1223369277 985354
1390166389 887403
1779178696 26037
540618246 533258
380405990 640004
836388248 797714
84439484 183761
1773332914 215725
37576355 589460
1055798777 653071
1544689780 307070
1926327800 855621
1973867593 239888
298838890 440737
1009792280 570912
1854796698 466627
2101593016 260896
1654052024 540146
1243714160 534062
1196573969 809668
215632662 220938
599932169 224911
890463583 886731
2143877896 151899
767354324 806426
793531198 380109
1022157368 174816
406781991 457529
474756170 183778
810853810 744001
1166773790 890966
1006056041 111449
536168219 857114
1005844776 864241
1973238364 206320
1606880765 655876
1087402210 90693
845792835 901545
1313616121 237680
1919867655 864603
1577905679 173343
1680756189 359078
810588516 398684
767411296 851183
730966608 303009
1484544834 997385
1572357697 520337
1077446214 390387
1505924561 300025
1573828146 552916
237860275 558051
706709969 864266
106188331 351653
117717805 692941
1209528864 397939
717986991 728437
1245904771 911140
1466345352 981285
267479272 834526
1463481223 689063
1999174225 41806
1154896892 845451
1236004306 36704
891487962 755408
1172958252 445097
1977439049 158764
1206560127 442708
506333625 9154
2069043789 249045
955368592 680318
690616223 731119
639241169 108282
706037090 205148
73228783 9343
27268975 629207
1127200227 948195
1122096947 467115
771036505 196730
673879405 388750
595701515 583484
1170583414 732124
2111187894 101917
1717668063 451413
1373614160 965063
508943896 677264
509528818 526730
1252807863 61446
291733614 667590
388768520 244659
191028335 157273
1131796899 803207
1267480783 208481
1241783873 455158
1878482688 425862
1531610385 730946
447676243 383853
1453684985 74169
971293988 838662
1474757050 952516
588417042 13652
169408038 45584
1032200188 642443
1114420701 819413
2016399150 63936
157244554 316461
1501479498 570182
2099581477 579628
814764484 932509
2043181169 375046
1319609276 462356
529799681 21298
142071655 956961
268438070 966983
1824679579 188286
1632358118 281994
360184062 595981
1521198532 892982
202665990 212981
1986223217 782344
1269691809 216817
102687749 612095
518236860 700628
358891582 721091
1606197482 620377
2087064809 337958
1193489657 385412
1120961462 239896
372958013 25738
2080380052 260350
871249970 723737
1808314711 758626
472770892 871137
645563521 695996
1131115422 637503
1316335090 309429
133783680 914544
483861049 546194
48435189 902503
1069056934 682129
785843870 477233
760484274 993014
403906885 191221
294545471 907955
1355898258 27082
1445158515 97228
961696749 316314
207008692 561497
731330205 826847
937270418 347774
1168667215 430236
869722987 524220
1880572776 312879
570707175 505916
741734654 742136
1384609253 899472
967750363 675403
198059065 35798
430067540 655818
1787210808 262660
1070183812 767852
870942623 110002
209357577 566046
1026614921 340442
1828740296 182201
1057810365 157882
1192878992 356992
2144459799 777385
1268864497 969562
552404542 314606
1038052773 790776
1298717474 780603
1763733097 364931
693076055 938250
339632370 692057
1288669852 605762
1819613593 507464
358461700 145258
44026479 641178
1150737208 513167
2024700922 508885
1717496370 774456
1121371451 474078
472221211 800805
1025830640 831557
565971141 877417
1950916484 7385
55544635 760840
643346821 841095
1528449382 361053
1858714920 514371
502434729 773492
1733949929 350106
601558187 422026
485020764 523376
791413962 216656
2009104163 268953
1328668640 854167
2038501061 211182
1202375701 271630
204206821 155834
916008470 73140
2002889413 180759
321793568 657423
89936126 449034
2054427420 554667
1279758146 418310
1613837021 333530
73784837 674333
270467547 648570
1643576761 453959
1404264444 212971
1718664122 829497
80227911 236701
1779724944 881585
1085429754 761053
1920716382 33763
874212622 892020
1144995512 592610
2041815368 194109
369167965 714765
940331598 992506
838616368 104908
34011310 420261
768184458 483035
772534046 564553
1169505113 80040
1405755484 802134
1941214266 586631
1567796576 687335
1576106205 184883
2046298416 854200
837447487 74764
2135662132 759759
2003303636 575779
272869653 654819
1021075859 122229
1906333470 83890
2094975893 940632
100795844 619465
520218994 688414
1480228873 84856
1650414072 506645
901295728 121398
842816462 124415
194542979 720512
53482332 372671
1126313711 659312
362331133 196279
1457474824 872479
1056073870 173828
1812596242 6145
725328710 431791
125838844 525653
151859647 497686
2025172048 272626
1442568507 505712
1125779305 832258
1257379904 943241
636275611 98857
835035849 864191
1001099257 304994
1816791238 827213
1788568114 668132
1132618567 191754
2107808355 764766
1535124291 406972
1356025320 74469
273570995 207931
968273326 696309
1049108369 599106
535167715 255562
827199068 72038
1347053739 567892
443464320 554343
1377987627 380934
886250607 359450
974486627 431160
771240570 949891
1229513816 37271
1538813967 765741
969488840 487284
1098537113 328125
1944893662 169440
733591120 319606
418180041 439296
1089248342 260159
1103276811 537472
637906314 36767
976208043 498814
1314799297 40242
532644928 447393
1209587879 263044
79255065 999508
1756008292 586116
1200875898 886373
699694681 35788
1251425691 733112
618766562 771953
1741380642 291971
1787713631 274233
1553899159 517339
517218017 875503
1744694674 652973
583223712 545869
2013457508 10723
2128228582 136435
446267110 405639
942541906 417063
893237927 129752
153822548 720088
1286188585 140586
1018660970 272099
1567737012 78834
1754749014 737240
1968005697 601578
654966253 622842
207231385 879101
1900967838 220040
1310564126 965243
477351344 600256
1772511275 830934
946580063 245058
1408537030 605522
670888507 973592
364886065 265463
1681105602 976075
838867586 358540
1451483124 101988
1130768915 345295
1822376460 372899
1247764196 12410
718415682 287133
1387503147 452049
1860847537 186291
2055358569 990381
1880821040 402280
779948479 888458
1421095064 601907
704790141 569775
259228069 302760
1480359891 620735
1259415156 685253
1809647695 384244
2119869869 167746
1262861662 53126
1328744827 845429
899186390 215984
1583770626 89810
2015671078 259714
199144169 509550
816754832 972993
1986391339 441504
2120134429 660372
483821502 879765
209694680 805226
560603294 786062
401569459 261732
625283017 165141
1907240417 756590
1670510890 310545
876461733 994951
1330169730 870033
16438674 870295
1474094596 506373
1159848282 994948
997277551 918015
197216050 868222
1872163988 733665
1913990841 499467
1331183874 719065
571818024 192236
2074078709 287252
1471361218 778914
94096834 508039
610093435 414460
1866225087 355967
2125429422 294549
1917167082 490779
720760871 173010
1331320001 121907
237855465 716381
1357910830 586334
2023602280 985614
1849263423 510523
480913139 146705
991083613 100752
402481327 641679
839598734 861094
572572398 54172
1402759672 313731
901461192 107552
345840043 837112
377999461 296394
1906345377 204839
420890887 987784
416735383 392407
835966969 812502
2000314518 593434
336824025 477876
237169688 280577
91454992 226132
495624571 564924
1475767658 371996
891211783 465896
1227092897 840931
828998110 316227
1358771823 910156
122707199 575666
889413752 729937
1182526501 216162
495381261 737401
489572056 676728
539887121 417265
1313796502 933853
1743265155 47257
1082795773 115326
1846088909 544900
1447303296 209496
422230578 337951
397269102 121984
1810681144 208764
1251467784 190163
232469280 418260
1655487854 214839
1034011528 62765
378210141 227860
577495386 334902
1300916011 369963
1106884233 936910
1305299128 973384
66112104 69622
1713935015 623087
1637857147 665576
599832773 159986
181814857 538758
21063117 472504
1481855920 576374
2001710129 307394
1591058139 752922
600660967 714662
1914648277 608084
638160172 660879
804028061 497496
1325944357 986373
1694697456 516024
1723469458 733063
657309874 155343
1758972736 872543
2074545862 793135
2056216459 162082
1780039935 484381
1556641362 566573
1198527723 814794
1245857584 839231
1737767718 420419
1719661247 640196
1405230163 666675
733458390 10143
395373244 691283
1879500421 595217
130893365 514220
1252365956 381438
1431306587 460855
1024750321 779300
1056136351 291995
980534318 758741
551152129 845785
1820033716 580137
466196813 475028
1051999630 898852
700276134 581771
1340608987 803378
1682108735 763230
615601053 153365
1629266349 527939
1529038776 371423
963439410 448683
1867922706 467442
81819159 54426
152592126 370357
1311179516 406738
562059745 37902
