2 1000 2000
974 22
891 211
710 897
371 382
736 493
226 710
726 249
797 905
678 444
613 597
753 932
160 116
502 199
147 298
976 606
769 315
683 753
479 907
421 87
239 819
910 272
276 126
962 257
259 665
334 31
712 706
432 992
27 753
692 181
808 435
428 556
916 523
979 669
588 575
214 396
309 395
130 232
817 608
685 252
431 767
522 625
719 475
640 4
29 864
82 660
995 994
905 628
671 819
157 927
77 82
715 632
937 604
277 651
859 254
513 258
825 246
157 897
827 868
161 475
799 331
728 200
420 637
193 106
573 313
698 841
107 551
546 978
399 653
826 273
109 198
238 408
796 799
505 566
276 416
351 792
438 629
472 948
207 388
928 976
113 163
168 999
757 448
940 112
238 329
544 817
774 511
757 130
860 302
984 115
718 277
575 332
875 515
554 520
952 762
790 593
459 870
256 199
179 656
185 968
735 20
952 847
274 749
457 646
838 679
184 832
566 328
483 740
631 630
481 274
415 248
174 163
832 762
333 192
117 419
226 56
686 230
401 924
803 634
731 627
493 813
221 425
934 713
507 445
592 77
384 600
845 233
500 257
131 198
832 313
994 45
152 395
291 827
962 4
292 209
79 209
366 507
517 431
464 358
730 995
108 220
90 743
673 493
632 41
464 16
853 895
143 650
475 473
41 13
567 968
242 916
273 235
665 692
328 641
431 193
979 992
148 733
603 956
492 995
427 901
31 403
882 395
657 331
338 803
135 3
124 378
851 301
227 180
887 448
655 73
151 257
667 192
439 390
819 141
770 173
230 937
623 728
73 797
508 759
554 256
707 293
188 655
867 944
254 518
650 522
326 341
854 905
178 935
407 444
914 105
141 283
923 347
679 656
948 25
60 634
73 968
590 536
879 777
583 797
943 882
580 893
301 618
875 404
947 685
135 185
604 388
543 534
583 647
917 25
497 840
751 371
618 747
130 423
502 760
37 421
25 849
311 219
87 379
162 722
203 826
825 220
454 572
35 497
837 866
948 837
389 122
442 381
697 868
996 173
247 108
838 60
511 397
494 147
788 923
322 647
257 876
627 814
423 507
874 669
860 154
239 14
300 813
425 606
241 14
993 952
380 640
759 626
203 676
14 312
607 845
335 156
682 991
210 400
424 113
70 646
889 43
114 838
863 153
113 98
811 793
774 285
885 965
861 119
187 443
909 336
141 994
776 32
597 125
675 962
671 517
548 732
317 179
461 458
779 853
509 38
236 274
531 144
443 187
225 210
295 720
545 106
123 157
332 989
262 78
989 483
754 178
102 735
339 692
273 681
435 799
795 704
136 838
813 130
750 533
479 934
5 926
998 264
579 46
313 796
601 58
830 501
335 156
380 20
647 502
568 322
891 418
45 262
506 713
11 90
305 78
321 843
376 259
423 731
578 6
358 140
553 693
595 322
229 392
630 731
388 914
977 926
239 721
526 919
35 819
505 659
796 49
854 485
739 433
159 60
424 88
246 740
310 48
723 965
593 388
53 120
139 400
836 368
428 107
80 365
234 292
606 120
154 827
870 758
43 849
126 395
94 862
251 311
979 525
433 574
56 428
649 990
400 446
391 270
545 384
146 579
766 658
392 796
996 868
849 742
118 678
16 597
902 291
94 667
406 220
255 857
990 116
386 805
722 585
521 35
331 323
141 487
983 987
813 317
878 323
96 794
345 242
849 164
998 870
724 451
526 182
4 541
458 977
986 388
762 376
676 946
400 66
119 369
438 40
846 772
866 23
635 986
95 777
785 57
784 442
661 413
890 322
60 720
458 932
563 411
443 856
628 130
578 439
949 307
199 854
323 397
305 313
25 709
27 977
33 206
773 600
992 285
11 958
254 566
331 556
404 723
885 641
75 224
652 459
628 495
947 150
856 774
282 983
965 327
298 902
920 129
533 33
632 94
404 185
718 760
529 905
713 124
144 887
473 654
411 713
379 930
870 136
403 235
815 558
965 766
619 717
617 982
350 716
492 731
128 437
974 970
950 183
927 384
600 300
503 940
326 406
336 821
983 113
814 961
992 894
815 850
209 784
419 154
262 982
263 408
889 525
492 321
179 287
4 442
375 389
213 634
182 693
206 913
690 67
297 151
646 202
181 175
656 151
336 694
347 738
289 974
628 301
487 479
889 214
936 324
946 854
572 259
883 81
930 439
997 529
525 603
209 584
228 187
826 272
826 416
972 15
836 102
38 899
311 144
904 169
641 600
315 553
553 665
149 114
963 24
280 143
577 296
767 564
619 461
277 766
656 141
471 690
184 459
445 166
619 881
658 532
596 212
532 35
651 317
712 160
408 884
43 557
268 933
859 251
566 774
645 484
789 891
445 556
227 136
388 391
256 805
205 102
660 37
952 583
280 149
855 832
149 508
179 936
68 537
658 790
78 105
329 750
234 610
6 739
231 453
233 786
166 608
49 188
389 766
444 829
992 403
13 395
974 474
21 575
822 837
651 473
54 714
859 203
773 622
90 709
176 292
585 221
124 27
760 73
629 842
41 232
138 588
20 438
597 214
24 155
777 152
999 278
610 939
746 990
303 658
105 157
805 584
923 712
884 291
964 594
970 216
437 891
258 893
961 838
619 920
621 185
532 814
854 723
349 557
382 255
939 816
106 565
425 389
88 280
363 6
96 640
174 148
250 271
412 730
349 714
541 885
525 401
913 930
959 366
417 621
804 988
903 548
558 425
656 179
112 230
76 689
68 462
760 458
294 247
878 773
238 715
133 328
813 222
916 420
785 771
541 506
968 299
976 263
755 112
373 53
441 127
82 983
244 61
105 358
313 987
287 61
87 930
51 326
344 224
640 815
507 779
182 462
257 634
801 207
210 984
415 518
214 492
356 863
661 837
549 50
996 241
102 736
875 217
995 614
298 231
819 104
787 184
609 537
35 245
32 436
845 607
893 479
821 425
718 325
828 316
669 683
166 391
89 146
502 168
701 113
946 109
381 745
276 164
51 54
318 804
819 798
814 779
185 472
462 639
799 689
682 515
965 983
370 421
742 775
681 386
493 558
222 992
785 427
150 563
934 533
374 830
219 400
472 740
313 239
329 472
586 924
255 708
142 636
444 937
220 733
930 998
766 601
813 86
962 972
760 786
463 286
404 928
433 205
455 370
386 885
217 44
287 489
258 471
690 319
445 596
952 165
192 289
462 350
409 29
110 554
497 153
994 27
33 936
183 326
48 73
94 509
818 124
93 894
640 177
392 823
289 875
633 651
113 940
139 239
380 437
406 229
970 883
912 932
625 15
224 617
659 656
568 924
70 525
733 124
345 904
770 737
417 724
614 368
723 6
357 145
913 623
733 318
467 280
312 4
94 934
680 870
474 173
323 403
120 163
343 943
379 678
935 572
664 496
768 374
50 914
863 779
709 782
444 246
959 117
745 619
964 847
542 553
235 658
515 609
291 404
12 31
418 350
48 824
251 923
404 467
385 414
420 209
608 746
720 789
834 117
596 959
395 462
358 70
840 952
607 114
285 238
693 995
692 628
393 327
826 582
378 203
933 589
111 48
773 393
798 777
887 25
871 274
15 53
83 901
857 854
537 380
805 433
874 11
877 872
380 803
504 649
496 699
365 947
936 586
797 880
78 828
165 573
621 741
798 613
901 11
850 432
237 471
6 686
826 622
489 923
156 781
53 251
784 243
211 470
38 830
167 590
251 951
890 294
886 42
278 285
923 366
680 82
582 599
805 335
170 355
726 753
179 935
432 621
564 982
769 226
306 908
39 111
286 878
374 494
602 45
879 398
388 923
18 904
606 975
915 276
630 373
924 554
4 227
102 254
717 851
925 631
854 315
862 916
324 149
774 407
529 265
987 986
265 287
298 380
525 736
15 949
542 168
125 917
574 209
883 347
163 451
845 119
488 976
889 951
178 707
78 771
983 190
336 468
199 225
868 917
395 825
15 817
255 919
978 768
163 314
128 428
759 974
167 964
294 822
164 196
300 541
248 68
274 262
445 782
124 43
252 835
548 853
331 452
258 210
705 294
917 514
805 277
428 350
646 74
686 367
78 262
303 379
96 690
272 60
307 984
872 74
843 497
173 775
130 745
819 781
169 521
968 987
565 811
408 365
645 607
847 249
607 166
79 993
699 206
714 787
842 826
791 593
164 738
384 281
416 548
444 412
742 658
153 182
358 918
730 562
708 234
634 342
299 463
665 549
307 335
86 357
897 307
84 163
110 728
938 661
777 947
355 946
786 76
928 15
211 493
397 671
390 580
350 345
401 619
973 68
613 652
103 889
571 963
230 491
773 859
247 671
788 996
967 699
465 307
13 467
681 417
936 349
723 826
712 420
336 618
413 247
597 532
731 905
185 390
683 205
463 391
274 772
753 484
257 473
525 629
52 357
293 180
310 633
400 274
868 802
559 795
849 950
121 448
628 739
699 210
139 262
180 404
815 519
446 980
820 954
198 455
416 617
128 962
439 808
990 89
139 938
108 173
156 799
760 886
86 228
402 497
779 247
240 982
835 872
753 545
122 99
843 139
67 95
372 209
200 815
341 603
772 760
713 135
233 276
556 209
959 238
458 995
598 154
891 755
333 287
924 331
779 680
392 247
421 600
787 757
78 875
796 568
31 237
884 878
704 927
782 542
327 68
599 295
544 889
452 657
864 936
62 181
262 742
24 84
905 458
585 432
386 445
473 726
619 501
202 254
690 449
163 406
187 119
934 676
291 682
982 352
412 882
89 432
622 351
634 365
454 529
281 6
618 458
658 728
471 862
926 327
462 550
395 601
525 965
122 356
77 726
330 949
932 573
739 273
301 739
366 330
986 949
180 610
493 150
432 623
341 176
832 329
79 366
986 757
881 833
992 167
400 525
904 962
650 345
702 476
73 90
782 386
511 306
428 445
532 38
990 508
44 770
434 216
917 558
247 460
786 350
743 532
53 686
892 334
654 293
513 79
388 142
355 341
155 431
608 220
667 253
81 391
328 423
915 375
6 605
75 397
414 139
208 311
384 889
933 444
911 121
932 465
559 492
816 432
214 571
681 57
568 381
927 17
98 769
23 873
617 507
558 515
721 501
825 234
859 559
314 441
440 659
262 763
966 33
324 948
809 773
331 139
458 392
750 502
607 362
738 298
640 773
854 421
119 304
192 171
657 272
417 853
865 380
337 379
868 139
177 402
497 958
489 209
766 290
918 167
306 977
228 780
35 886
220 826
518 660
16 346
293 447
333 75
837 573
299 159
190 355
38 812
536 903
946 315
403 502
987 353
713 157
302 842
916 314
991 51
156 213
50 665
522 289
693 684
407 759
747 205
350 392
641 400
57 79
221 801
571 139
842 139
941 444
987 16
899 163
607 258
562 222
77 255
450 640
33 671
611 380
894 994
932 834
90 434
405 862
923 786
503 705
905 647
61 266
158 906
274 997
73 622
694 996
575 877
914 417
824 87
144 723
495 299
595 78
983 324
994 538
647 658
600 4
760 690
87 959
988 526
974 735
676 239
173 141
395 331
743 301
509 661
903 300
205 499
315 193
826 753
732 970
145 479
709 607
432 464
156 207
919 237
571 552
437 149
797 955
433 651
412 459
501 401
617 718
519 683
497 952
169 329
830 33
127 547
117 743
962 343
508 175
640 289
365 508
114 836
158 505
319 943
370 94
66 845
773 12
116 21
139 832
150 952
931 859
753 877
556 417
812 865
322 542
46 166
449 965
873 949
145 129
110 651
676 966
779 444
235 405
417 967
833 273
154 656
662 282
220 544
954 680
629 722
654 297
449 473
651 76
395 428
862 21
792 860
315 986
198 308
876 607
294 374
309 565
420 188
286 69
62 131
256 615
752 891
522 990
610 878
423 412
444 549
325 233
69 904
436 798
772 110
810 773
96 295
646 616
74 859
907 395
2 773
875 474
770 704
210 472
965 769
671 361
641 796
976 35
209 219
876 596
515 336
684 632
39 205
370 363
403 891
232 607
563 336
332 825
499 372
601 765
17 119
353 979
154 884
182 730
795 737
774 228
683 613
129 309
665 177
322 54
802 785
616 965
375 238
448 439
264 671
151 578
136 936
622 339
61 73
696 326
3 182
439 358
855 489
290 645
195 33
584 158
439 530
733 637
674 214
749 701
119 428
623 578
124 772
735 834
222 413
391 825
994 998
327 622
949 707
980 532
86 934
471 805
728 479
11 496
4 571
81 459
837 934
453 499
237 237
301 837
740 702
163 96
629 384
272 983
219 859
473 284
196 45
658 682
728 446
259 180
876 306
470 86
530 129
8 96
173 137
168 913
557 788
189 660
167 225
21 117
446 256
948 179
795 15
634 694
381 683
333 799
830 174
646 162
216 138
763 825
175 519
823 164
678 33
926 770
775 535
237 234
76 544
765 979
982 356
590 619
760 94
250 684
684 89
468 144
151 522
738 381
350 96
578 82
895 849
726 525
777 428
558 471
58 503
272 566
507 646
263 750
473 684
689 712
660 734
120 226
722 749
221 165
771 628
365 849
413 276
459 640
658 615
169 820
763 370
701 810
360 50
249 439
276 412
19 623
999 135
736 481
38 766
719 878
870 424
742 263
171 774
903 79
361 850
704 654
608 941
736 645
139 854
199 70
775 470
193 996
600 221
924 195
508 661
777 874
772 375
224 64
284 69
451 553
62 174
639 58
61 646
538 534
998 511
363 926
332 994
183 605
738 268
369 777
82 658
815 962
853 617
459 337
398 925
352 52
216 931
927 559
285 146
553 595
32 221
317 208
448 463
281 330
744 291
463 855
556 524
684 777
525 836
287 772
572 715
871 997
740 322
622 701
518 889
494 760
958 175
381 933
58 385
484 373
33 136
468 604
834 879
937 566
124 915
401 902
741 627
421 903
283 476
465 664
136 635
326 237
955 432
379 718
428 674
872 376
304 560
217 424
919 818
407 697
704 163
365 397
956 628
345 976
496 795
368 16
245 87
817 917
432 114
841 461
905 854
291 360
177 962
557 875
81 978
902 726
391 732
820 719
790 318
825 398
984 633
205 316
984 432
781 276
943 504
350 110
367 35
4 890
544 946
330 199
736 174
257 433
994 787
778 805
589 397
671 273
714 150
67 250
904 696
346 543
375 813
164 769
424 863
442 601
660 857
533 763
116 333
292 577
622 842
940 183
618 673
237 712
460 964
157 619
472 102
884 80
637 110
270 5
236 283
964 123
479 96
671 156
853 490
316 450
57 940
342 2
951 928
617 875
16 189
558 833
849 964
290 256
25 51
766 494
352 994
703 671
950 994
904 238
199 168
919 910
930 703
862 578
934 658
14 513
814 258
515 791
738 53
180 938
195 310
56 813
181 427
396 170
605 657
886 124
6 333
703 630
329 545
872 236
493 86
915 107
205 56
537 78
647 290
542 857
225 760
771 509
277 440
940 277
283 415
150 979
778 790
395 103
669 294
615 525
226 736
908 399
504 592
173 157
68 407
833 728
129 654
326 860
146 199
615 662
242 544
732 251
758 264
459 915
532 507
646 19
501 429
386 346
316 118
397 128
897 590
97 465
958 597
45 81
327 602
425 90
656 910
514 32
674 867
433 567
745 161
206 227
212 667
20 305
381 912
207 846
653 751
479 776
276 370
906 272
257 608
238 733
769 184
573 830
894 35
982 73
25 391
850 43
978 365
550 784
994 992
622 227
882 505
246 910
720 958
535 158
658 640
220 885
149 169
421 291
43 262
659 703
701 242
707 870
115 916
842 457
968 210
827 910
104 785
119 508
982 25
893 992
878 597
165 860
432 427
600 107
112 646
829 420
470 151
749 395
739 41
6 634
464 18
753 388
362 622
622 760
282 903
885 214
227 39
525 67
89 884
868 928
977 657
356 814
910 876
665 871
949 415
627 449
667 571
539 709
780 918
107 573
762 404
944 332
243 795
427 855
184 93
234 325
66 433
565 993
973 464
388 513
759 788
880 892
390 211
683 954
129 887
709 820
296 62
857 443
15 129
763 488
232 5
391 742
398 879
5 778
962 179
658 240
737 442
694 6
397 629
671 665
175 671
965 904
601 754
551 509
524 89
163 613
68 38
891 381
474 698
467 628
841 650
954 8
70 546
603 257
262 286
247 94
728 492
308 112
936 128
547 563
987 872
447 303
485 257
490 462
461 676
870 298
241 611
995 915
391 270
838 333
484 238
376 282
35 494
634 757
597 169
175 692
249 815
757 753
975 618
637 841
163 701
740 338
626 386
270 4
654 845
462 683
74 595
273 677
39 421
210 658
99 641
265 167
397 504
106 999
657 226
429 97
822 39
633 826
499 753
357 454
443 435
589 70
977 617
174 681
253 736
42 423
949 463
958 68
322 558
60 61
634 876
491 759
786 738
238 326
140 407
734 497
107 122
793 255
777 675
73 691
45 871
928 851
837 336
623 973
501 326
566 38
594 445
605 919
153 667
271 874
366 210
604 973
771 909
715 195
22 310
307 822
781 927
753 332
910 81
209 156
847 826
566 531
129 962
742 763
860 265
661 62
508 974
373 244
144 83
509 11
448 681
772 493
689 815
851 27
64 890
264 386
266 641
935 752
938 468
58 718
168 133
593 742
901 959
117 598
534 674
352 704
295 24
318 797
995 128
112 589
552 654
549 309
476 911
435 975
446 281
118 77
799 118
157 861
209 250
926 784
721 13
209 539
289 77
395 349
706 785
784 62
962 622
716 78
451 948
926 352
573 987
691 568
326 108
273 236
325 438
578 375
27 66
69 868
188 771
951 75
997 503
651 809
799 145
285 974
519 446
692 721
992 417
114 409
347 568
210 774
573 352
658 424
857 344
494 843
654 738
214 178
254 526
346 926
397 443
54 522
910 619
442 464
476 350
878 744
40 500
677 184
993 305
520 124
241 241
737 276
683 241
534 217
137 58
368 703
560 39
209 333
803 542
975 779
877 883
314 778
641 578
731 585
703 583
166 950
272 303
507 454
628 363
794 345
33 984
523 998
584 401
636 770
475 719
613 683
427 819
918 525
