200
1 2
2 3
3 4
1 5
5 6
1 7
3 8
3 9
9 10
9 11
8 12
3 13
4 14
5 15
1 16
16 17
9 18
17 19
6 20
9 21
3 22
3 23
4 24
22 25
1 26
15 27
27 28
17 29
23 30
19 31
10 32
14 33
27 34
21 35
23 36
26 37
2 38
1 39
16 40
40 41
10 42
13 43
31 44
14 45
34 46
12 47
7 48
37 49
11 50
12 51
27 52
21 53
40 54
28 55
14 56
20 57
45 58
52 59
2 60
53 61
52 62
50 63
26 64
21 65
18 66
54 67
22 68
37 69
20 70
6 71
67 72
1 73
31 74
72 75
57 76
24 77
52 78
35 79
61 80
16 81
48 82
72 83
11 84
56 85
57 86
50 87
4 88
57 89
73 90
28 91
17 92
41 93
3 94
3 95
23 96
6 97
12 98
21 99
98 100
66 101
100 102
65 103
102 104
69 105
84 106
39 107
39 108
7 109
48 110
31 111
35 112
72 113
73 114
113 115
28 116
26 117
27 118
25 119
102 120
118 121
100 122
71 123
59 124
17 125
22 126
94 127
126 128
104 129
105 130
34 131
66 132
45 133
106 134
59 135
102 136
44 137
34 138
86 139
99 140
119 141
80 142
95 143
23 144
54 145
35 146
119 147
2 148
49 149
149 150
37 151
72 152
82 153
123 154
9 155
80 156
145 157
140 158
1 159
77 160
67 161
75 162
20 163
128 164
51 165
101 166
2 167
159 168
7 169
166 170
29 171
159 172
122 173
33 174
51 175
145 176
80 177
114 178
128 179
130 180
127 181
178 182
141 183
147 184
53 185
64 186
174 187
113 188
26 189
43 190
139 191
49 192
159 193
130 194
163 195
141 196
39 197
116 198
132 199
70 200
