10
933 31580
20619 25799 17
2859 5435 4
17852 13385 84
29620 30314 2
17618 18863 8
20425 4244 35
20424 23727 12
779 6772 12
8110 11470 12
23599 26090 9
12121 14825 19
23054 14213 62
29173 8026 25
16625 19080 27
16624 12062 101
19552 25957 17
3942 7144 15
22980 11571 46
31003 12572 49
6065 7515 2
3428 11091 17
21426 31164 25
16910 30508 43
9027 10758 4
8139 8577 1
4760 12415 29
30422 9564 28
12315 15385 39
10619 15334 64
24954 1974 26
23636 3892 26
24300 14288 75
31543 11135 27
20534 21669 3
15870 1317 95
11552 15246 40
16658 4681 54
21226 24225 6
16490 26867 44
19105 29845 35
29545 8561 25
23211 826 23
29261 31363 2
15919 18928 56
20422 15657 131
18877 29045 39
10994 15370 52
3271 5811 5
23147 14682 87
25074 27241 4
28656 8279 21
25223 28441 7
16982 525 50
16660 1672 59
11782 15021 32
8203 9549 6
7754 14312 34
30205 10531 32
23731 25967 4
23812 10135 41
16345 11093 98
22007 5360 28
83 12495 36
17246 22873 27
16736 4756 48
25832 4916 27
23625 368 23
2873 12355 38
21564 9773 50
21981 30837 23
21797 9563 50
16819 23267 32
19723 11545 60
18478 4818 56
22967 13486 62
16196 10300 101
25699 10898 44
1982 3268 3
25859 12163 41
17170 23438 24
4624 9984 20
31060 7582 16
27696 14272 59
21043 14369 81
8311 11080 14
18635 23058 14
15801 3449 101
19734 11711 61
444 10417 22
17420 1465 45
19978 12998 55
4910 9170 8
10087 13464 13
30126 30459 1
22031 8523 31
22631 27804 8
6244 13088 21
28655 6344 30
26049 5960 28
30123 4936 12
17224 22245 18
29030 12190 39
17475 1179 53
17451 20837 15
2219 6622 7
5119 9842 12
4677 6133 4
21340 1018 21
17918 25063 29
28348 10966 42
6927 10973 11
22046 8298 37
1178 14514 55
16889 6885 69
17483 13387 95
17832 15271 108
11495 15407 41
20529 13220 77
4323 14031 27
17008 145 49
4437 13007 41
968 4824 8
20304 8789 50
2172 10919 27
28996 1603 10
16810 7238 74
26984 6569 20
24495 13936 69
28706 8154 17
30263 3777 10
19891 9436 52
31238 7213 11
19927 12490 69
21398 6899 35
3156 14861 43
12839 14012 10
20549 1025 17
17716 5144 67
4844 14170 44
28320 11600 35
4380 10517 21
4078 11910 25
11473 13551 13
16568 20641 33
30258 9059 33
20082 29073 25
28623 4084 23
5289 13008 28
22073 11428 53
28493 12098 50
19300 23197 13
17659 13357 89
30659 4462 12
15900 16180 15
31378 5442 9
22319 11469 54
21043 26870 20
19349 176 33
5486 6714 3
24090 25588 4
8525 14072 30
9828 15752 100
30801 10517 30
18799 19360 2
27068 30224 7
24331 29793 11
20976 5210 33
21608 15707 152
20447 14314 80
18937 31341 37
1043 8762 19
17064 21881 32
5716 6870 2
1463 12268 35
19702 2441 39
17499 21140 24
21725 13475 68
20938 1438 41
17982 13882 87
15904 5775 96
5582 13213 30
18168 30913 41
22086 11070 40
18346 19711 7
18392 5405 60
17955 8510 67
29080 4796 18
20360 9641 55
16166 20471 39
17924 22542 30
17117 17453 5
23432 3332 26
22956 14479 64
21699 990 26
17802 6320 58
1907 13116 37
30103 5007 24
11028 13860 14
1181 9632 22
23847 14815 79
20371 11408 68
24640 163 21
29641 6537 14
30976 10609 31
17061 9651 67
27843 4633 16
24604 31026 8
4672 15246 73
20245 8175 47
26042 402 10
7086 12416 22
22148 26320 10
22099 24425 7
26921 5749 21
23641 12681 68
19666 15387 120
1655 10100 21
29471 13560 36
16757 26934 42
1256 7803 24
29024 11911 38
22396 30098 26
28815 10313 32
26152 12310 36
28576 8499 27
31008 4366 19
27888 922 14
26068 28827 7
3987 15472 94
30224 8778 22
16032 1559 91
16510 25235 53
25923 14498 56
22119 13729 58
14112 15758 96
18616 2446 32
23857 879 14
20792 2841 34
30722 7041 17
28276 30074 3
30777 8757 22
24714 14305 66
622 12086 38
21741 11014 61
20795 732 30
24556 10391 52
19252 31089 27
25486 10478 33
26389 30069 6
21704 10409 45
25581 10267 48
27023 27495 2
18480 542 28
27206 11063 32
21161 7748 55
18602 3676 35
20200 29328 25
18718 27792 23
19842 9744 47
16693 27400 58
246 8449 18
18589 4388 54
29715 10765 41
18322 13527 88
20215 125 30
26138 12439 51
19087 25228 21
6205 12089 18
24937 28705 8
29716 14364 57
27699 3724 22
30431 2346 7
20978 974 26
26637 12940 45
1007 7817 18
20946 24734 12
26421 29611 1
2828 14388 42
17884 26894 33
18510 22907 17
21174 30301 26
19957 29616 28
24680 5683 27
18186 19106 4
19084 10083 66
2404 5515 7
3076 14078 35
11598 15698 80
21147 680 27
5531 10624 15
24404 25721 4
23329 9512 39
18437 26027 28
29367 3148 16
25937 28966 8
26692 1511 15
22426 13149 62
29347 5288 17
578 2769 5
3182 15241 55
31199 908 2
23426 29789 14
2186 11512 40
25912 12940 40
20252 7815 54
21390 5050 24
4310 9960 13
30506 4742 16
25683 3785 15
1863 14945 59
23295 27892 12
988 11518 21
11130 14352 19
27652 29797 9
27270 302 8
17080 12081 78
20905 968 34
27972 3067 13
20035 23631 11
25324 28292 7
22482 251 22
23841 7696 28
5414 15270 53
18477 22328 14
25403 29915 4
432 13945 49
10509 11380 3
18385 5729 50
4064 4594 1
30804 13760 44
13106 15724 81
27644 14785 78
16517 9906 83
25781 31037 16
28352 13693 49
18873 257 44
28963 8267 23
16918 9384 56
420 15307 73
1639 12070 30
20227 31057 28
346 3048 6
2676 8087 8
17185 2095 44
27532 11535 40
23588 4280 27
17830 7861 50
16343 4661 79
107 890 2
5839 11567 13
18913 8582 35
19152 8453 64
26805 28060 3
22106 13127 56
2782 11717 25
31192 4359 17
28793 4360 20
15833 4376 80
2010 7028 17
19201 2552 33
17965 4812 53
2279 13283 33
22760 6764 37
602 11169 31
27688 800 12
11075 12226 10
13533 13683 1
18132 12916 74
17598 12564 66
18287 24283 24
19392 13001 67
24310 14149 65
21957 2608 35
27289 2064 12
25393 8452 39
18744 26540 20
31023 10352 29
8191 14987 39
19861 13488 62
15818 30510 85
23738 3491 20
26862 9148 24
28826 8835 28
239 7101 13
31253 4785 13
1230 4182 8
3781 9872 21
854 10305 20
20665 30426 28
26850 3313 18
24756 27143 4
16137 19778 44
6725 11752 17
7664 15408 57
2259 5490 9
7659 10160 10
22084 1676 31
26703 9508 34
21066 1148 32
11203 13704 17
28335 30547 4
20742 21529 1
28575 3964 13
15864 27229 89
28830 12220 39
24621 6958 40
15932 17454 37
27339 2363 18
19715 29847 24
19385 26330 19
1036 5657 9
23632 254 18
4038 8578 6
17414 20351 15
28622 9143 23
17058 1089 53
24167 6149 36
25513 26614 2
25270 4932 22
29158 29644 1
12909 15222 23
16941 99 42
25022 27209 8
23363 11310 46
17107 17377 2
3636 12667 40
16599 26458 65
30070 2020 4
24841 8473 34
10692 13534 7
28677 5405 26
20522 2614 29
9871 11014 2
652 9769 30
25901 3332 16
9472 14617 24
15958 18615 36
989 12014 29
17248 6424 59
7187 10476 4
6778 12596 20
20425 7410 49
1837 11783 28
2208 13363 35
30187 15289 61
18895 2099 35
17134 26045 30
4628 12526 25
26243 28299 6
18921 21666 14
17872 28760 41
20358 25695 23
25240 30164 7
19122 14290 72
20984 2592 37
27773 8802 24
27449 11601 35
26887 4582 18
17796 587 43
825 13254 47
21445 2737 35
2360 7405 6
2144 5381 7
31246 569 3
19592 24533 13
24424 27201 10
18317 7985 48
22956 26935 14
28214 9411 25
18745 30595 34
28153 14521 57
17168 30194 50
25420 6789 31
18896 14199 94
27269 407 16
30207 9408 30
18514 2380 49
20922 27400 13
18759 27200 30
25308 8584 45
9370 9814 4
30092 1062 6
19464 6164 41
26806 287 12
23924 2350 19
22075 2834 34
26413 12565 50
18996 15235 104
7522 8768 9
16752 25394 46
9707 13301 16
23715 10725 46
23857 3405 23
19457 927 32
17471 6025 55
696 4368 8
15818 439 92
21793 13697 70
6435 10014 7
860 11003 16
9710 11026 4
26614 9916 39
193 312 3
26279 8627 44
28934 31485 10
24215 26720 8
30765 5907 18
27536 15204 84
4228 13635 42
16018 22319 56
24347 11271 48
7819 9943 12
30057 8402 19
18916 29946 31
18501 14953 110
19353 1211 40
30526 15408 64
18268 5241 43
3329 7323 6
3187 14803 38
16604 20916 36
26608 14130 71
21037 14339 61
27588 2409 23
2992 8553 11
16386 25754 48
22169 797 19
18855 4106 65
31502 7469 16
13490 14435 8
5651 7786 8
20001 7670 55
9722 10778 2
19089 1420 29
6449 12640 36
327 960 1
16545 23095 48
16500 19827 27
16654 7008 94
26762 31192 7
3611 9006 9
25630 11912 45
16014 15323 156
2627 8403 11
22630 25497 6
16762 52 42
2475 8707 20
27055 5057 13
128 9994 27
30435 985 5
24657 3829 22
3215 14562 46
16245 22606 29
23165 13937 72
24834 13366 62
22358 5999 31
21499 28433 12
27634 2194 11
16340 24028 52
16438 3058 73
21590 79 23
20358 8246 49
20988 21387 1
5956 14164 37
19724 26332 24
23948 12615 52
5048 9388 10
5478 13091 23
24807 43 16
7456 13501 26
20989 23684 6
2437 10482 21
29388 2701 10
23112 336 23
30719 1361 4
19540 6064 33
26579 13179 48
25662 915 25
19408 21364 9
20061 22740 11
30152 8213 13
25947 13119 37
16951 31252 58
16239 28105 52
26555 8350 23
1770 6499 11
25759 266 16
3655 10804 20
2609 5540 6
538 3415 6
17422 24788 24
18390 27044 27
1038 13240 41
16540 7877 77
30253 12154 40
17779 318 58
28643 1184 7
13641 14916 14
2305 9642 12
25127 1781 31
5290 5727 1
597 13116 44
17285 24672 30
16016 17236 32
18783 4833 46
17765 15087 99
17535 29939 45
22176 6990 32
30771 10345 22
8945 14800 37
21193 13519 63
17349 9532 70
23472 6656 31
9085 15726 90
337 8627 15
22744 5432 31
19003 22520 16
22337 12504 52
1391 13809 42
26134 3159 13
17017 826 48
25383 3434 19
24240 13020 52
12699 14920 21
501 8603 17
24459 5123 25
22573 7339 35
27840 29988 2
18398 27135 47
23379 52 19
26113 10488 40
28138 29889 1
795 1595 1
18793 21211 10
22074 439 23
31056 14567 51
21682 29459 12
20661 725 28
7865 9386 4
15277 15509 16
17847 28951 34
19153 485 32
28036 29361 2
23355 2976 31
12417 14598 20
11323 14083 23
2405 6719 9
28446 15338 84
17513 10898 84
18196 167 37
22694 13593 58
7468 11880 10
20048 11507 69
27242 10385 37
16997 4162 52
19477 523 30
22217 7136 38
19738 6298 46
29246 14349 68
17774 1072 41
23462 29011 9
26626 8193 38
6738 8482 3
21853 8410 33
2406 11515 22
21169 9340 59
17398 24191 27
16020 21827 44
26915 7274 35
4562 12307 26
5463 13091 34
23618 4317 20
16695 5002 61
1786 14117 53
27166 7664 26
21880 13898 64
28852 12939 51
17076 22108 27
16240 1727 70
6714 7328 3
21523 1370 22
20750 12353 73
17378 24575 32
24824 29167 12
26961 14011 59
31179 15586 106
25657 7185 39
7254 14256 26
4214 12250 25
4 7609 14
19636 12480 62
243 8833 21
20125 25144 19
3684 10621 22
16819 12860 99
19868 22112 5
3053 12138 44
6128 6991 7
21055 6772 42
22754 9247 46
23043 14620 78
23784 7658 28
18079 30340 36
24889 2201 13
18065 9981 65
26464 13814 68
18609 27171 38
20495 23941 11
19843 24091 14
19848 4821 44
22392 10765 48
30008 3802 9
20598 9287 57
21074 12649 61
25662 348 14
843 14453 45
10030 13772 18
23894 3468 25
23488 6604 25
2145 12513 34
12608 12787 1
16923 6188 62
18172 992 41
28039 10060 35
20162 28484 23
18984 29439 33
1866 12709 38
15807 6101 100
23257 11818 51
28302 4104 21
29340 18 7
24000 565 13
11591 12271 6
31484 9822 25
21716 14776 84
4334 7108 3
22126 9627 42
24021 1467 16
16132 12006 100
16381 3766 73
28671 10612 34
31146 14616 39
31516 14295 41
18432 12170 67
18987 2427 34
24931 10061 37
8084 10674 6
17670 5573 59
17655 25699 37
13227 14561 11
21745 13613 64
724 5469 8
16909 1030 51
18929 26843 28
13148 13761 4
23762 303 20
363 9452 31
16322 7521 80
1073 6050 13
17548 2946 54
16697 31071 55
1037 5074 12
16774 21029 39
18002 700 43
23198 28703 11
1030 2550 3
2577 3945 3
23984 25246 4
30017 868 3
18931 20526 6
3810 14698 46
30838 2585 4
17795 24323 25
21014 10584 55
1173 14469 44
20906 5514 36
20847 9956 53
1149 8561 17
17855 29322 33
23897 30845 21
26516 13430 50
31531 536 2
24719 905 19
20834 30875 24
29008 7362 20
30639 13643 46
7098 9503 16
24993 8380 32
18811 4416 57
18346 10129 57
21027 30142 19
22423 15677 111
22315 9075 36
16466 13504 103
17856 6551 54
21630 24496 9
29557 31497 2
1102 6191 11
24173 4926 32
20013 29348 14
2967 10212 21
28413 4453 22
8198 15304 57
22016 12688 52
1110 4541 8
15800 25634 73
16324 5741 88
4913 8796 13
5805 7889 3
25624 11084 46
17443 24949 38
30827 13176 42
23670 1338 17
18730 1617 43
29361 13068 48
11108 15135 38
5625 6859 4
22879 7478 32
24299 3662 19
17226 8102 67
24499 30572 9
26183 5556 18
16589 2963 69
17281 30561 36
22812 8390 34
31074 10378 33
23484 30827 12
9388 15404 55
30548 568 3
19865 22386 8
9631 11164 6
27910 1141 8
23704 31393 12
16310 778 68
502 3531 8
2111 6597 14
16635 13819 109
20239 4807 36
26760 8880 35
27550 28377 1
16004 10522 89
27524 12532 55
16648 7251 76
20417 11488 55
20033 274 27
21428 1082 42
21852 24769 11
25940 3351 21
24071 15299 85
26235 5053 28
22569 26882 7
22679 9754 44
26919 10654 40
19634 317 36
23276 30991 20
20312 13429 81
28624 4444 9
26028 8149 33
26693 4395 15
24663 13416 48
21988 12565 50
22147 8037 36
16048 17069 28
19977 10175 60
18330 30147 37
17424 2302 42
27433 10434 42
15918 7414 81
18026 20442 9
19256 57 35
23853 10250 44
24948 27751 5
22121 9855 41
16344 31532 68
29986 3516 9
17866 9407 61
3189 14784 46
28172 8272 24
20732 2500 24
23415 7404 24
29904 6285 15
8770 15073 49
29873 31080 2
23870 637 19
27754 636 8
22748 8789 40
16718 7268 75
9359 15227 43
22198 1031 21
5340 6322 3
10270 12103 8
799 13442 37
268 10300 32
20325 2705 33
15828 10575 113
22843 25229 7
28031 5906 13
27101 14872 66
28609 5992 17
22953 665 17
19413 698 28
28452 12858 52
23845 6926 31
24456 7099 26
17697 30750 47
30657 4854 15
21894 3694 32
22052 27833 16
16975 1088 52
2623 6392 16
15900 120 89
20072 1064 35
26125 6816 30
788 14430 52
28417 5500 25
31005 2850 3
19833 14963 92
16373 20682 26
26156 2706 20
31532 11690 37
28730 9633 20
30029 12436 30
22587 13999 76
20826 30576 30
7116 9703 8
25557 30201 9
31154 9805 32
18183 19649 11
22546 23921 5
16933 22340 27
11205 15652 78
18455 13257 83
15790 15791 1
711 24498
16961 8070 41
21653 7424 23
696 5671 14
4474 6731 5
19202 6116 32
18386 23010 17
19800 8248 39
400 3359 11
17467 23596 25
5447 7138 8
15278 21678 32
1610 9302 43
3091 10775 39
14271 20817 40
14254 7388 68
21110 7720 36
3289 6879 11
18761 2698 20
14144 7649 78
13305 6121 75
16179 16851 4
7474 8234 5
13762 22075 41
17043 19313 15
488 7633 21
1663 6886 16
18889 9291 46
23634 2830 10
14530 4593 84
12559 6789 127
2270 7637 16
12686 5414 101
574 6318 14
1130 4865 12
23802 6656 17
17259 9931 60
19800 4144 25
4223 10324 36
3435 4632 1
2388 3214 4
14580 1967 45
5998 10876 33
18466 2493 25
23226 7112 30
22530 4686 18
15958 1890 36
3540 6752 19
19634 24266 11
6179 7547 6
15639 4749 58
22890 23369 1
22308 11938 128
6058 8355 13
3543 6621 14
23370 56 2
1604 11312 73
21759 8092 42
3229 4267 1
20097 3376 23
13924 23882 58
1188 10530 46
976 5842 12
23503 8041 26
3511 5327 2
4962 7862 9
2244 2972 4
17939 6665 37
16932 9886 61
24370 282 1
14248 24005 51
22402 4158 13
18622 7172 42
23093 8573 31
21311 3493 22
7863 9427 13
16657 4726 37
12996 2356 85
3674 6770 9
18248 8147 41
17476 2130 27
13624 5081 82
20866 23614 12
17506 11170 88
14837 22725 37
14894 4105 46
12726 18455 68
21202 9275 46
17740 21248 12
19708 8562 45
18293 19034 4
13672 7554 85
15749 1650 38
23152 24360 5
18278 20646 9
16236 8764 61
16463 22206 33
13550 7060 80
20214 4544 22
17377 20531 10
19602 5925 35
19784 10868 69
4259 12206 159
15799 4765 51
6115 7949 2
17446 5856 38
5424 6374 7
4414 6673 5
21739 10557 63
1830 6864 19
18058 6352 49
14154 1653 56
419 5045 11
6180 9473 17
15055 20959 34
22066 4644 36
6202 11750 77
6592 9233 17
18664 11458 69
7326 7813 5
16055 23903 25
2208 8798 22
12875 22226 79
21092 8888 43
9143 11933 77
16211 11666 119
17469 3307 35
17339 1781 25
23297 10517 44
5715 6126 3
15957 24396 37
19721 5137 30
7124 9740 9
14439 20678 36
21892 3386 23
18494 23129 19
24006 5315 15
12966 7247 98
9 6819 24
17466 6239 35
12770 381 85
727 7515 21
2326 4332 3
18541 3334 30
20385 7948 40
21583 11153 58
23512 12048 107
14003 21402 46
15689 4306 42
16298 3274 42
22757 7742 26
17641 2496 27
7287 9533 13
3110 7855 13
14969 15322 1
15631 9214 72
18073 5244 43
1049 4217 6
19195 2235 35
15716 20936 23
17655 9859 59
20763 1871 22
14597 16392 18
5038 7953 19
21698 4439 27
478 2872 10
385 9336 42
2240 10062 37
17206 6212 50
12986 102 80
17651 7679 52
21243 5261 32
22956 5086 24
19528 10806 81
1625 11739 67
2765 9800 38
15422 794 40
3087 6718 6
1580 6095 13
13631 17883 39
13547 15245 26
1180 1884 2
21120 9077 42
13180 688 76
19837 8678 51
24207 6203 16
3135 7180 6
17469 4282 37
20553 7611 40
24434 4389 14
6990 7083 1
12949 3539 84
3176 7258 16
24210 5916 13
18333 6338 45
3870 12096 119
1303 9356 24
22580 2214 14
21254 11355 72
21550 368 16
2798 7332 19
17364 20440 14
6367 7654 1
16390 24376 43
1450 2679 4
3205 10858 57
15358 8055 49
14846 17129 16
19621 2092 12
14545 5427 71
17837 7032 32
21593 6278 26
20254 6030 32
17232 17310 1
24337 7430 22
18883 6808 27
2196 3093 2
18261 1758 24
5539 9414 22
16017 3245 61
18109 6752 42
5487 5956 2
16557 11290 89
17158 4250 23
16624 18912 10
17395 23091 28
16616 4202 37
22903 5556 15
3217 4674 3
13445 13735 4
19566 964 16
23051 6923 23
19655 10789 61
22815 1742 10
15447 4620 39
16013 3882 50
16494 22634 22
14572 270 47
13697 17403 29
12707 19164 72
18936 6535 35
16521 9000 64
2714 9739 29
1291 8839 29
19577 4654 21
3984 5583 3
2890 4606 6
19833 11972 116
1233 8333 19
6360 11501 43
23137 23832 2
12410 575 138
20602 8228 59
804 2468 4
14750 3888 53
21026 8531 28
12707 6793 102
22813 5574 20
14924 12242 252
17228 22382 22
3991 11043 54
16327 378 25
718 2953 7
3568 4324 4
20915 5920 22
18080 2823 30
18364 9205 52
15332 11458 131
17399 6504 47
227 3564 10
13734 18605 32
5993 6536 2
4189 4574 1
13090 4612 87
24269 11842 86
18995 4515 24
22404 8961 29
21536 1328 13
2726 6590 11
20638 2840 16
20078 6298 33
6863 8741 19
19945 8374 38
23860 5380 16
17457 23788 22
495 6610 19
1280 11772 94
20161 1950 19
8182 8813 1
2072 8559 20
3276 6042 13
8757 11311 33
2143 6525 15
16633 23515 19
13782 15297 23
22137 352 7
739 4473 12
20776 23577 6
20137 23676 10
14698 22125 39
2298 7597 21
16225 121 20
14797 8745 84
19833 6748 36
14037 2138 68
12332 2757 142
20282 1562 13
5178 6323 4
2488 5340 6
21560 1839 11
14552 17118 15
3004 4304 2
1993 10339 38
4976 11696 65
9238 11108 21
2197 8445 22
12891 16047 43
22824 942 7
22925 5656 20
3286 10359 34
1342 6500 12
15583 1880 43
19237 4162 33
1183 2004 1
1661 1818 1
18422 20345 6
314 1358 2
23529 853 8
17826 4770 44
2042 5122 7
23779 8065 33
2479 6235 9
23001 3824 16
15383 4026 43
349 6930 30
1735 7724 18
14758 8235 60
2740 3324 1
22577 2191 15
23369 3400 10
15744 7634 51
7964 11437 34
1855 10927 54
851 1676 1
24197 4502 15
24089 2236 11
2293 9594 34
24462 9371 31
21773 6376 13
5174 8215 12
20039 2522 24
4591 6594 3
4949 10138 31
14479 14507 1
2305 9264 26
12481 23431 109
16214 7586 75
20889 3626 14
2300 5454 8
23377 7905 31
21090 1505 20
2010 5011 12
8558 11122 22
1771 8009 19
21618 1834 14
12313 3871 153
15787 4189 39
15783 17776 9
17384 12215 215
15311 1076 42
13415 20058 61
23263 4280 15
963 9443 22
21432 1827 17
1359 2465 3
2089 11341 75
8073 10826 21
6022 6819 2
2939 5844 12
2714 5060 4
327 6690 14
21377 6992 26
16503 490 24
15166 20711 26
23281 3135 18
15113 22825 32
2004 8547 22
19203 3822 36
1703 10044 35
14848 3561 42
20007 1007 27
15731 5374 45
1030 4131 3
2276 8158 22
22981 4343 18
17747 18827 3
13816 16920 25
17096 652 28
18138 21938 12
19098 8067 31
17005 22459 30
6043 7757 9
1485 9522 28
24159 5257 11
12273 159 207
20504 5790 35
6782 11686 77
16041 7828 53
15452 4587 45
4226 6357 6
12356 16347 94
6689 10207 30
16866 8023 48
1341 6384 23
20059 2375 18
20001 9050 45
3522 4816 3
15124 19701 26
12665 20518 81
479 8760 28
18316 11799 111
20881 8197 42
16440 21902 30
12449 1315 137
15190 2106 51
22837 1899 11
17568 3814 24
13025 2156 82
18103 7893 40
3013 5031 5
21731 2745 20
19020 7274 38
5421 7115 6
18277 2367 36
22399 5129 17
13690 11696 169
19039 21387 15
22061 4114 15
15624 10847 98
21317 4358 27
19668 7911 44
1022 4633 9
1556 1668 2
2621 10580 52
15974 11425 103
3308 6716 14
16464 5481 41
22030 2870 15
4489 8215 13
18826 7446 40
15138 8838 85
2749 10206 27
17728 7823 39
5713 8605 8
13468 3816 73
2075 7863 22
20391 162 13
6226 7234 4
4393 10342 36
22616 9192 52
2532 6636 12
3664 7873 17
19575 5556 30
14035 1676 59
16719 8558 52
1434 3326 6
7809 11843 72
2377 6024 6
500 11325 69
22410 277 6
17537 1341 29
559 5768 15
18284 7338 54
16345 18083 13
947 1554 2
16832 24374 29
6024 6863 4
19560 20415 2
13479 18860 33
935 6129 18
15798 17323 12
13978 4603 61
22488 10230 58
5487 10936 38
339 8278 22
16983 1133 33
5711 9965 33
374 10966 53
23317 1455 10
5858 8489 16
13501 2744 71
13968 18906 34
14604 3018 54
22245 1284 15
4252 7118 12
16389 24339 34
4025 4741 3
19749 7165 38
13893 20377 41
14078 22034 49
4219 5124 5
2426 8151 16
1809 11171 61
16629 11481 103
50 5499 10
18913 1058 18
4806 9689 24
20348 2670 20
13594 18313 41
8139 8967 3
1337 11042 53
23781 542 3
15212 99 22
13465 9796 92
3233 11565 71
12888 17687 60
1970 11026 48
4612 5307 6
1361 4360 7
16313 1553 33
12825 18179 67
15028 4101 49
12631 17221 57
17699 967 23
5142 9132 14
18743 23075 16
16404 22832 28
12553 12656 5
6450 11520 45
2134 9052 27
22546 7657 29
1306 2535 5
447 8168 24
13332 3817 70
19378 5272 41
14426 5493 72
18777 10425 81
4065 7472 14
23494 2652 6
2907 10812 47
24131 7867 30
332 11227 59
15062 4511 66
13069 2708 88
2293 5537 8
24279 3335 5
6318 10184 21
17980 8653 44
14238 8044 88
22513 7543 30
13608 9720 94
23141 2446 14
20903 7456 38
13936 24069 42
23351 2309 13
19421 10557 74
16213 21135 16
14287 3321 48
921 9403 31
21506 6554 32
15289 7441 61
17838 3614 31
19032 4870 27
18784 395 27
6051 9123 12
23259 23674 2
16985 6750 50
7279 7948 5
18229 8042 53
14113 10746 97
21876 9992 52
23938 7150 24
21271 5107 20
6281 7699 6
12418 3978 158
5051 7869 9
21719 4797 15
17508 6859 42
18089 1929 31
12769 1646 84
18208 20244 11
674 6638 15
1796 3142 5
15974 11265 107
14893 8676 75
3029 4167 4
14128 2269 54
35 6110 15
294 9281 35
9422 10558 14
8283 12031 83
12728 3707 116
4918 8037 6
17262 7647 57
7726 9777 16
3263 9666 24
19488 1745 22
22134 1276 9
12985 13752 22
12474 11236 189
19784 2673 18
21478 8573 41
4165 4808 3
19041 20646 5
8087 9871 14
18689 3998 31
18919 3562 20
605 5751 24
2708 5362 9
672 10420 35
5466 7990 9
24137 7850 25
23635 602 2
1440 5214 12
15055 8125 70
20907 798 18
19892 22713 10
24207 7233 21
892 8247 15
14107 6819 74
1357 4307 8
462 7798 24
3141 7076 10
13602 4023 76
23772 6237 14
15446 21132 29
14520 22012 35
5846 8785 18
432 3704 10
20006 23292 11
24352 494 2
22909 24418 4
17092 22844 22
16969 11201 101
15859 7614 57
5371 8347 11
3981 7095 10
14320 2967 44
1839 4451 5
414 2824 5
16244 3166 27
18257 19841 6
397 9792 42
6112 8159 9
1313 10101 37
17506 19218 10
12864 3042 94
13521 8083 91
2531 8223 13
15020 8303 62
2731 3359 2
21934 2648 16
2886 3604 1
24125 6934 18
14709 7682 63
14480 6111 73
5691 8827 19
19381 8741 48
18981 4272 40
2213 9916 23
1526 6590 18
6864 9316 19
4259 9762 39
14172 11575 119
13055 8223 105
588 5637 13
18901 9614 63
12955 1542 64
4445 5141 4
1298 5641 10
12823 15586 32
11081 11375 9
20403 555 16
22937 7550 20
4415 6060 11
19528 20284 4
21111 6452 34
13725 10416 103
13902 7548 79
15568 21345 23
1491 7436 25
23335 3314 13
13006 19995 55
15014 15836 11
12632 9302 121
2127 4664 8
19692 1537 20
1240 10153 34
15704 3219 54
3579 7333 8
28 2911 2
19111 6401 40
15764 8597 69
16024 10668 90
2969 3666 2
22519 8177 39
17248 19095 13
16403 23416 32
19017 598 13
14506 15313 12
15136 2328 50
18676 9161 48
15614 18804 17
23617 6730 13
19048 3187 23
17935 21971 17
38 8916 30
9397 11253 27
21355 5606 41
5336 6077 2
22937 5326 18
12249 12250 1
243 25034
7404 11154 98
19000 1191 67
13813 23077 164
22024 11573 233
14712 17781 50
7467 9848 58
13142 5203 244
6294 7766 18
1261 7359 60
23194 3048 42
15965 21618 93
23551 9261 124
24742 2396 17
14961 23008 119
15926 20655 72
16027 1406 118
15672 10528 273
1332 7725 67
5403 11433 129
16003 18293 45
4785 7415 34
2438 4575 18
732 6298 58
18632 4078 102
24581 4210 44
21581 11593 249
12571 392 350
3164 3447 2
5092 10671 124
5082 9744 88
13689 3612 222
6020 8617 33
6855 8678 42
1883 3364 8
24003 8389 107
14607 3178 154
15647 2713 128
1960 4895 23
2158 3647 14
24057 5039 50
15087 22331 113
19103 23625 51
4882 10328 94
21276 1035 50
3211 4654 15
6086 11476 144
5380 7344 24
12903 249 258
22042 9218 138
295 2780 25
23986 7878 86
1786 5838 47
3472 5641 17
1180 4861 28
19648 3692 98
19775 4470 89
24111 6549 71
6101 7217 18
12781 1975 325
21355 386 47
4747 7154 24
19356 1614 86
12598 1975 361
1525 12206 227
2070 5000 24
18198 4112 106
16384 4989 149
13736 16659 73
6893 8186 23
13779 2748 189
16125 6736 180
2366 10226 128
18091 11705 264
14735 6583 184
23088 4183 51
2016 8877 76
16319 23405 101
621 3537 30
17009 2427 86
4613 8265 34
23566 2899 46
2213 5532 36
16287 22596 99
15958 12370 375
4406 8110 40
8141 8204 1
17715 18627 8
12747 11578 507
8778 11311 78
13742 15447 59
13534 1010 207
938 9870 141
24747 3636 22
21382 1182 50
7636 7669 1
3790 11476 157
23216 2617 40
18945 4789 109
12548 3469 429
3450 4175 3
329 6512 53
606 12094 255
15912 6574 167
17738 243 81
22809 2968 37
14242 5567 222
1984 9989 105
1287 4762 34
423 6561 71
13904 23705 181
16867 2311 110
1308 7550 72
4901 7632 37
19576 3122 68
736 4265 34
13969 20451 117
13982 19589 111
17914 7118 151
14502 6230 198
16509 2150 118
1171 7445 55
20059 23937 37
22473 12278 307
22487 7391 101
24509 1867 19
21818 5797 86
18896 8577 141
1061 7562 70
15669 19647 57
3023 3450 4
14916 4143 150
7598 12483 336
18648 4303 104
15287 22597 81
20329 6340 108
24921 7056 66
23814 9256 124
22723 10139 183
5387 7932 41
15020 8982 252
3571 5448 21
2254 8065 84
19788 6123 93
3990 11562 182
854 3600 16
18890 22482 38
630 1910 12
13769 21957 144
23674 3136 36
3687 6417 26
4005 7977 53
12996 19722 205
23810 9838 157
6619 10015 63
22972 5109 60
23434 7359 89
13252 22130 186
21101 4221 81
18752 648 69
10365 11147 23
17571 8133 159
13198 7568 338
169 4575 42
13538 17844 88
15522 22231 94
19050 6163 111
14456 1755 162
2082 7539 67
13243 15889 105
2934 6873 38
13465 66 178
673 2425 17
17065 5499 158
17978 5836 123
22794 1842 33
825 4651 31
21608 23760 20
16705 2134 110
16220 6345 164
1351 6391 45
22924 3454 58
22705 6604 89
13864 3136 208
15510 23852 120
2208 5772 23
465 3735 19
2558 5206 27
21951 3868 64
6111 10589 109
20671 1704 54
3589 12369 260
17712 691 80
14667 7074 214
23018 7661 116
539 3456 22
15172 2823 153
17943 1421 87
20700 23520 33
5567 6357 6
2716 6859 50
14280 11784 356
558 5563 56
19716 11143 251
13398 22677 194
2241 2945 6
4580 5450 7
4108 9057 56
22327 6270 74
23488 669 15
23579 877 12
18856 2542 100
2436 7592 49
4558 7583 40
18540 1977 70
468 2982 16
17778 10673 229
19483 611 56
8039 8736 20
14824 5281 193
893 11814 187
19640 20573 8
18570 4939 112
4440 7729 31
22381 7658 100
16732 1997 113
16154 3995 142
19712 5102 89
23275 1444 28
24534 3605 24
14768 10712 294
15436 18520 52
21868 1646 45
18011 6429 151
20587 12436 363
16511 12107 367
22419 7085 87
3036 4025 6
732 4112 36
16138 12301 361
7711 8138 7
6889 7005 1
2983 5255 26
12517 12518 1
661 27499
16456 4826 54
26130 1634 4
3800 5469 9
14261 16537 42
14019 8500 132
17859 27485 43
17387 5280 59
23111 11776 69
15863 6431 67
21711 11295 73
18453 1139 32
4441 12545 55
21469 26179 14
15227 541 69
16173 23029 39
2887 6723 9
19618 5010 55
27287 7118 23
3886 6758 11
99 9497 39
20405 12363 101
2412 5889 15
1545 7997 31
22039 12571 71
19596 13106 110
22788 3122 39
15256 20212 42
2660 11260 39
701 2741 12
17423 626 37
419 10232 32
4208 12049 44
10346 11064 4
14286 10607 126
16768 5985 71
19637 5183 43
4303 5232 2
6865 9140 13
1616 4782 11
20468 24493 24
19925 25555 23
5927 6449 3
2867 10300 35
4632 12825 50
24998 1599 15
17317 5972 59
25525 3254 17
2402 7967 20
3339 5901 10
766 2737 6
17295 4595 59
16140 1106 49
17543 8899 76
20025 1687 35
21930 23837 1
4398 12463 45
3653 13220 60
1637 12899 72
26248 633 7
22683 8576 44
18783 12557 90
26455 6890 24
24973 4117 11
726 2613 2
7241 7915 3
246 6240 19
23024 4382 26
1979 4736 12
4092 4722 2
22127 9864 48
21011 22531 5
15513 2335 59
2801 8868 23
15489 25279 60
2832 11565 56
290 5146 12
17541 22466 21
219 2351 5
347 1166 2
1447 11068 37
14353 23651 95
2702 7962 21
4648 8181 13
24927 26756 5
3687 7178 13
1108 12561 49
17084 11273 91
18585 23759 15
19550 1291 34
24871 9689 42
19048 19388 1
4145 5131 1
20679 24969 19
15699 6043 67
3916 10129 34
24531 9341 49
19969 27372 25
14628 8958 104
23964 9265 54
25581 294 7
17645 9806 74
19318 12299 86
13904 14052 18
22895 9997 53
2421 4582 5
3185 11049 35
23144 7014 32
22894 5307 37
22867 25600 7
18122 12653 104
449 6996 16
19803 23798 13
21065 22396 6
23565 6969 37
14387 23685 73
15038 24365 35
20837 3787 36
17058 2330 51
867 2790 6
14060 23779 81
1701 8928 27
18859 11846 68
21297 4904 26
2771 7556 7
16789 26998 44
17553 13048 108
16586 17327 12
20386 24793 9
16065 1846 72
17638 1239 40
24436 1084 17
18355 5552 62
18240 711 38
16998 316 49
23515 3422 24
26124 2918 9
23815 3873 21
984 4846 12
27076 13207 77
15556 255 74
16802 17509 8
17961 3113 43
19929 24078 19
13983 4302 138
24339 12632 76
27029 13485 119
15400 15560 3
23996 6482 26
13935 11761 148
24463 13369 118
18637 4649 41
22777 798 18
4124 6195 6
426 3631 5
13785 21177 177
2135 11544 52
2396 3536 3
13976 10745 145
3421 5488 8
7729 10234 18
17398 21517 26
16735 20883 21
17836 13239 128
8516 11651 11
14794 12685 137
15501 13090 120
14961 6936 96
16369 24940 47
16239 18612 21
796 11947 58
17244 2081 50
21803 11886 76
2704 8004 15
17757 4342 49
17520 9124 75
4956 5387 4
21094 23113 6
3460 12160 50
24885 10377 44
25608 1229 7
27030 286 2
2700 9500 29
17636 24760 23
19736 5161 45
14791 666 67
16763 5219 56
19115 9091 66
19424 23689 8
22792 380 16
5751 10835 27
4073 6666 10
18893 8578 53
15238 774 76
17162 2607 52
16993 22426 24
27249 10967 48
552 3465 13
22870 1619 20
21468 7349 37
21989 4101 30
18347 24343 22
752 2580 4
708 4849 16
14436 3152 98
25238 9762 44
18468 12700 107
1648 5425 9
15973 2769 54
26381 2209 9
24597 10715 50
3606 6958 19
14826 4040 75
24173 3761 22
17016 19933 12
24198 26089 6
6560 8609 9
20043 13645 183
21384 21888 1
2789 10659 26
15430 2527 86
14407 1596 84
23388 11140 64
21723 4660 40
16120 1466 54
2466 4298 8
16784 25600 38
3010 5168 9
19485 1725 36
26244 3834 16
21869 24562 5
22615 27197 14
14975 4684 80
25047 7246 34
14097 27090 101
10770 13238 30
15434 1078 70
4952 13728 235
16832 9320 91
1922 7283 30
17561 1724 34
14001 3650 126
22207 8094 43
2059 8397 19
19427 22587 10
24932 4054 25
18667 9438 76
15904 25331 57
921 5082 11
18615 19056 5
1284 2194 3
597 3506 4
23212 1491 13
26939 1586 4
26708 5507 20
21860 4671 38
27189 148 1
20102 5233 32
208 918 3
22983 1110 21
4562 6354 6
17796 1681 37
19179 10633 66
25073 3660 9
21839 995 22
17859 2965 41
19592 570 26
108 5188 16
19793 46 23
4990 12143 46
3351 4172 2
15192 8810 86
13892 23153 106
24044 5606 25
27304 12842 68
15586 4864 78
26410 6417 29
24508 25304 5
3526 9381 30
24671 3603 19
5935 12196 55
19354 1444 45
2224 4637 7
18644 2158 43
2237 3401 2
16088 18884 16
20197 3092 33
23862 11207 77
16426 5349 66
25819 478 12
18 4224 17
624 4411 10
23042 6158 36
21394 11899 91
27152 13394 80
3406 13164 89
22349 321 16
20560 10147 73
22925 814 10
27118 9524 32
2027 4900 6
23864 1203 14
15587 16024 6
16441 4524 64
14681 4942 91
20964 2223 28
4732 8247 17
21616 312 20
3514 8725 26
24813 26823 4
19505 9871 66
6203 11975 35
3707 9922 33
6923 12081 25
419 4372 6
2883 7968 21
9370 13303 49
18985 13222 127
18467 22589 19
15854 3788 66
2707 12169 51
2541 6558 14
25031 3726 23
4359 13350 82
16982 12714 102
25077 3400 17
17238 8351 67
14588 6829 120
17738 25454 24
5354 7855 9
15222 13370 144
14633 6307 86
14036 5015 109
21733 22243 3
18229 1868 34
3241 9730 28
15739 548 72
3524 6105 16
25200 2462 5
25331 5788 27
4817 9573 21
17245 23115 23
13967 18035 77
3918 9857 35
21322 3612 18
15896 23932 30
16184 1211 53
2627 12770 57
14802 17931 33
16116 22879 30
6705 12624 45
18942 5571 42
16734 1894 46
15276 8773 93
1700 3517 5
20427 12806 93
18132 3182 43
1342 5138 5
25809 7285 31
20898 9530 54
22912 1968 17
2046 8735 22
4746 11420 35
20726 12752 98
17333 3758 56
13918 14382 31
20500 11475 78
22320 2896 31
4998 12708 66
6085 12454 44
1783 4632 11
20416 5124 21
26818 1646 13
15569 2362 72
24741 2334 17
26756 1308 7
778 4002 10
14032 300 90
21183 446 21
2883 3815 4
14192 1403 96
9459 12559 29
15603 3776 70
1697 10243 33
2951 3687 3
16555 20453 21
16470 9243 90
20028 3558 35
17780 2093 34
1044 4588 13
24342 10287 58
20998 2612 41
25324 1665 12
24858 1730 14
7486 10976 18
6245 12162 53
2662 4168 7
18030 1995 46
9749 12552 23
16457 9047 81
22598 12234 81
13833 26201 163
4082 6268 5
15220 12318 119
16874 4400 57
4750 8314 11
21594 3479 29
21211 5070 35
26390 4196 19
24549 25183 3
10862 11161 2
22864 25457 3
15138 10689 102
25446 2555 14
22571 7348 39
19168 12532 97
16674 19657 18
10991 11293 2
14564 3229 67
18652 11516 94
1861 12359 55
23708 13507 117
300 9489 35
4138 5463 5
20467 3558 48
14950 13006 144
15021 1688 84
1610 6751 18
22311 9252 46
12028 12683 8
19477 10492 56
14923 12013 111
17817 13409 129
16343 3023 47
16679 3345 46
6247 12328 39
24040 12811 94
25437 593 10
23234 5251 34
2066 11472 37
1995 12629 69
18867 13401 136
5460 6927 7
23793 9291 57
35 982 2
206 422 2
16181 689 40
4830 9386 25
3648 12202 48
1623 4419 12
24509 26630 8
25326 6750 32
2637 3857 1
21807 1636 21
1326 2159 2
26627 2987 15
2811 4133 4
17185 2753 42
18464 2100 57
3026 10243 33
14593 22916 63
18921 9024 65
5243 9183 20
759 5013 10
613 1897 1
4746 12283 38
17328 11790 101
10952 12527 13
18811 25797 25
16815 24517 34
22741 5170 37
15504 19034 30
27148 12593 70
14585 4900 96
15766 24617 31
21432 4517 28
20165 12447 91
15756 18501 25
4553 8839 25
23512 4853 29
21607 8399 43
24026 27351 10
16261 602 42
14760 5335 89
23849 6275 32
948 7128 23
6459 13586 94
22046 23862 6
23879 11708 76
14610 4088 91
14370 9406 112
15585 3318 66
17360 3833 37
25764 1332 12
8092 11654 22
14746 4586 91
19297 10326 60
24588 3765 12
16332 25980 44
17315 169 35
2302 10637 36
9659 10700 9
4470 9681 26
20965 1344 27
20487 20703 2
15297 5197 74
23232 1043 13
622 3929 17
18880 11909 106
24056 10573 60
8558 13595 77
9875 10913 7
15178 66 55
15947 17328 8
14834 26438 72
1198 4050 12
17619 8020 66
21458 9160 62
10000 13172 35
12806 13554 43
24367 1377 10
1030 2246 3
6250 13148 59
14441 2478 83
20341 25295 13
1636 8108 22
19800 10375 68
14309 3020 91
4754 7288 6
15884 490 54
18735 21684 17
81 4349 14
20854 5824 40
21337 623 26
22129 10384 54
2818 9259 24
23525 7499 25
23821 6359 34
3620 6448 9
15375 3998 81
23584 658 9
2602 10000 39
22301 4330 32
5104 13166 53
24622 26999 4
15355 19529 34
17194 27290 38
1477 7873 23
3093 6300 12
23638 12150 73
21643 883 21
25512 13498 105
15283 3907 74
15033 22930 55
16898 8740 68
15504 2519 60
18937 19290 1
5335 10994 21
18252 5149 57
14010 5542 113
16079 25338 38
820 3546 10
22176 9500 37
16013 26237 43
18705 11419 72
20702 25949 19
14746 20154 47
17870 20774 20
23945 1115 16
21509 24345 9
15444 9008 107
17698 9521 75
5892 8313 12
26749 8118 34
21603 22673 9
14322 1430 93
649 9944 44
23641 2554 14
13914 1780 130
14562 24949 84
15879 12510 126
23653 13465 114
21288 21838 1
21750 25891 16
25313 3012 21
25590 3030 15
583 4152 9
21536 12492 79
19533 1858 44
17114 11906 105
22813 3971 28
3293 10654 29
22515 1497 22
23988 2817 21
15509 9625 101
4553 7771 12
23004 5479 28
3170 13304 77
21950 6439 36
19131 21378 11
621 6468 21
15298 24154 39
8806 12218 21
9348 13381 48
11610 12543 8
4275 6671 12
23734 3391 21
15794 13342 142
18813 4077 41
15424 4430 74
1138 6902 19
17309 11423 92
22695 2241 21
4229 10574 21
20268 1719 33
2430 2840 3
10499 12136 24
16108 7354 71
16628 13126 136
14208 1351 94
22727 3294 21
24032 8437 41
23309 2344 26
25348 13568 127
14468 23492 64
21695 3309 30
21702 22203 2
914 8081 29
6 10919 58
15665 11005 104
20501 12792 81
22835 508 12
21320 26705 18
18405 22032 19
18952 25381 20
1907 8076 25
3174 6615 11
23356 26840 7
24018 11238 68
26449 4770 16
1443 4214 8
1341 10282 33
22845 250 13
26934 8101 21
1874 2534 3
14705 21951 58
26399 167 5
24152 11860 63
3363 9934 37
26758 10985 53
17994 8439 83
19757 3012 34
24200 1707 19
4425 5869 6
1040 10516 34
18349 2594 42
9907 10530 7
19878 18 22
24209 8381 35
17523 20752 8
24747 4105 16
13749 13750 1
624 2636
2458 708 2
1842 1135 3
2037 480 1
1396 2012 6
1370 1944 6
1519 1096 9
1990 753 4
1576 1065 10
2148 175 3
1464 2472 3
1637 764 6
403 513 2
1100 1265 4
1797 1194 7
2119 328 4
1349 1647 4
2041 1199 11
1618 7 2
457 905 3
405 1066 2
95 522 1
2347 1135 8
2213 358 1
2524 1053 5
25 1056 2
1788 424 8
862 1060 1
2370 534 4
1851 1053 5
1860 1099 2
2368 109 1
473 786 1
1635 1094 9
2212 2458 1
1728 1972 3
1696 81 2
185 656 2
179 490 2
1634 1979 2
1568 2542 4
1858 110 3
1564 798 6
1810 121 6
1800 1121 7
2042 1195 10
2098 2477 3
514 924 4
2008 53 1
2539 941 3
2204 2265 1
1769 256 2
1361 2357 8
157 1219 6
1346 2272 7
2118 150 3
1655 2210 4
1811 2468 5
1597 41 4
1518 414 5
108 1129 2
1414 557 8
57 1198 2
425 703 3
259 1138 4
1490 2452 3
1727 2204 4
1082 1167 1
1344 2457 6
2528 1249 8
1677 1275 18
2069 925 16
2193 2502 1
2225 465 4
685 1034 2
2353 1311 15
1630 895 6
2050 378 3
1647 905 7
2024 2541 3
1383 2183 2
2599 1001 5
1585 1689 2
1518 1813 6
2214 947 3
1870 781 2
2487 896 1
258 828 3
1461 2188 5
1650 2589 4
1654 541 4
1330 443 5
2595 1046 2
270 1028 1
1819 159 1
1706 2345 1
1455 2515 3
2418 91 1
1822 2302 2
570 1072 2
1509 430 1
1953 574 2
1452 1954 4
1536 1990 4
1887 846 9
2367 244 3
1934 1258 7
1656 555 3
1503 1627 1
2003 984 6
2582 804 5
1401 2168 10
1635 2582 3
354 804 1
1066 1167 2
552 916 1
850 1288 6
605 1273 14
2258 2471 1
528 823 1
2519 145 1
2502 405 2
1611 2279 3
2040 544 1
2263 1276 6
628 961 1
2272 273 1
2058 487 2
1513 252 8
618 1139 2
2016 258 2
1412 1055 14
2242 578 1
2025 2532 2
607 1303 8
2438 1171 4
1358 924 14
2382 2629 3
432 1272 5
2110 1316 19
1759 2539 4
64 924 3
1595 160 5
1547 2538 4
491 1081 3
796 1007 1
930 1047 1
2549 864 3
1516 385 3
1700 2055 3
2345 1027 10
2534 1099 1
1635 779 4
2097 2200 1
1527 1930 2
698 815 2
523 1222 3
1903 401 5
538 1296 5
2063 2225 1
2420 289 3
2232 648 5
1789 1302 18
1387 2114 4
867 1278 7
1812 276 1
1357 1025 11
1771 1990 2
253 575 3
2241 1126 5
1369 2120 3
2095 311 3
2134 1179 11
1609 800 7
1028 1264 3
1812 2383 1
2344 979 2
1488 1249 8
2391 1187 6
2007 1283 11
506 1164 3
1400 2180 5
2439 1007 4
1998 2092 1
1470 906 8
2610 826 5
1404 2317 4
1360 1024 12
524 1078 6
2210 187 3
1841 19 1
1623 2055 1
2542 1305 5
824 1268 2
839 984 1
1637 496 5
902 1066 2
1134 1305 4
1469 1667 6
2213 827 5
220 1115 5
1902 816 10
1513 1985 2
1381 598 9
1638 164 2
1432 242 9
2221 321 2
487 890 1
1889 1145 5
1320 1635 7
1453 163 4
1638 164 3
1910 2406 3
1825 906 8
2561 1007 5
2025 1098 7
402 912 1
1928 1058 9
975 1154 2
2234 9 1
274 894 1
2438 1289 7
1541 2196 2
1716 51 5
364 883 1
1877 1012 7
1751 241 6
1884 602 6
1786 205 2
2359 476 4
1679 139 2
2064 876 5
1023 1129 2
587 805 1
1366 1450 1
1319 2517 9
1454 1142 14
231 941 3
174 254 1
2581 922 2
1522 1946 2
1896 14 4
1733 1169 7
1677 2591 1
2398 950 2
1672 1175 7
1477 524 8
1869 823 4
1345 2062 7
395 1269 6
2143 454 3
971 1270 2
1821 2034 1
2137 909 8
1892 810 4
2625 476 3
1899 1960 1
2527 119 2
2393 606 3
411 1290 5
2313 600 6
1534 845 6
1584 965 7
2031 303 1
1689 563 5
2288 102 3
1895 69 3
45 687 2
267 752 2
1490 389 2
1497 397 4
88 1314 10
2432 572 3
1402 2586 7
2084 1063 7
2016 1217 8
1760 1124 6
1325 670 8
1529 368 3
340 1071 3
1976 2548 2
2386 1127 5
1659 2126 4
1825 2617 3
2288 52 3
2275 1112 6
33 890 8
1827 2366 3
462 939 2
2397 2570 2
1380 2233 8
1759 359 2
67 1023 5
1782 275 2
1722 100 2
1967 254 3
1429 668 10
1738 980 6
1867 373 5
2262 490 2
1336 445 8
264 696 1
2087 157 1
1450 793 10
1670 2272 1
1585 884 5
1788 1959 1
1560 2609 2
1477 2187 3
1446 111 6
1490 2378 4
0 148 1
1933 2136 1
1578 993 3
330 1242 6
601 1017 2
2347 1105 4
594 941 3
1387 1727 1
1395 2080 3
2609 410 2
1630 2022 1
1877 281 3
1469 1588 1
1066 1120 1
88 449 3
2554 506 1
1553 2460 3
1849 1217 15
1513 658 9
361 1291 5
574 1143 3
2113 2352 1
1437 302 10
729 1127 2
1766 793 3
2015 64 2
1904 618 2
1411 1759 4
1427 171 4
2514 935 6
1717 418 6
1007 1308 7
1492 1719 2
1556 2426 3
2125 585 6
2593 1179 3
2202 276 1
1737 800 4
2107 868 3
571 836 1
2399 280 1
1832 2241 2
2125 1090 5
2249 818 4
1782 571 5
2562 1147 3
2617 918 6
1437 2258 3
1530 1707 1
2443 2611 1
1339 1253 13
2308 684 1
1431 710 6
1453 617 8
1323 2582 15
1378 875 6
2192 273 2
1967 2054 1
1772 2569 2
311 1307 12
2274 311 3
128 684 2
2604 593 3
389 1107 2
1905 1973 1
1362 2202 1
1852 1280 9
2215 1140 4
2222 390 2
593 1224 5
2115 515 4
56 1241 3
1892 2452 1
1388 1989 5
2627 640 2
1830 968 5
1340 610 11
2464 546 2
1674 632 3
1417 409 6
1656 461 1
2428 204 2
2216 1144 6
1679 893 4
2256 704 4
1524 176 6
2056 1001 5
1591 2172 1
1523 1219 15
846 1070 1
852 1234 4
1675 2080 1
30 1193 8
2311 1309 10
1762 204 5
404 621 1
2152 558 1
1775 537 4
1865 947 5
2382 337 3
1761 785 8
219 1022 5
149 478 1
24 1313 10
2451 1225 4
1710 762 5
1679 2252 5
1 1134 5
2110 867 3
557 996 4
2505 873 2
2105 2163 1
2042 2213 1
138 735 2
1358 517 11
1837 1147 8
179 980 1
1683 388 1
708 965 1
2362 681 3
1855 2386 1
2209 1087 6
2584 718 5
2086 2576 1
2171 993 7
1739 1109 2
2466 774 2
1838 421 3
1970 1113 3
240 488 1
1664 157 1
215 1129 4
1543 573 4
1708 2436 2
1454 2266 4
2553 1262 8
1539 2517 7
1320 773 12
1532 961 7
232 547 2
1398 110 5
2201 2240 1
2350 1038 5
124 939 5
1563 687 7
63 441 1
2251 787 1
2077 947 4
1735 4 2
2063 1202 3
2043 16 1
1533 285 3
2616 793 3
344 863 1
1996 844 2
1487 27 5
2377 517 2
2482 2585 2
1547 33 3
282 967 2
1443 2331 5
504 1015 5
1413 2244 1
1710 2586 3
1689 1019 4
1734 643 5
1628 933 10
2175 33 1
1368 1956 7
2394 818 6
2357 656 4
2097 47 1
1996 652 4
36 994 5
1355 325 11
1590 568 8
980 1176 1
203 1086 2
993 1271 3
1383 1712 2
1797 2403 1
64 887 2
2065 1119 6
1545 2530 5
1586 411 3
1437 1272 9
2486 681 4
2015 431 1
1600 765 8
1764 457 3
2092 2444 3
777 1302 10
1601 2309 4
1333 1681 5
2372 623 2
2145 1196 3
2074 873 6
2117 184 2
1447 817 11
2500 719 3
2273 700 1
1946 650 6
1558 1290 13
1968 758 3
2286 412 3
1820 2126 2
1593 811 6
1476 2522 3
1333 2136 10
1603 2610 4
2463 426 3
1529 1115 11
1962 673 8
2232 461 3
1945 156 2
2041 88 3
2326 59 1
1335 1649 7
1791 1161 5
1925 682 4
2487 1090 4
346 934 3
2053 895 5
1973 219 1
2153 641 4
750 1305 4
1419 227 7
285 534 1
2039 668 5
1523 1241 9
1626 592 6
2435 791 3
1326 1265 16
1498 234 3
1468 115 4
2013 558 3
889 1195 4
2133 2255 2
1995 725 3
2033 830 4
349 1286 8
2306 798 4
2149 527 5
1767 1051 6
2088 2315 1
1785 1094 9
1325 1788 4
391 557 1
1565 996 7
576 614 1
1565 488 1
372 943 1
1727 2529 1
2398 2620 1
1698 846 5
1484 2077 4
1526 355 8
2378 94 1
2295 137 2
1329 2329 4
1805 1098 2
1509 2273 7
1334 1832 4
1465 2565 3
1811 2586 5
373 950 3
2100 533 3
2426 934 5
1669 1203 8
1634 1240 12
1328 834 13
2125 948 4
1075 1196 1
2348 846 3
2025 1034 2
428 1091 4
1754 470 3
617 1117 7
2307 291 2
1616 416 1
1818 312 4
258 1065 5
2601 880 1
1624 410 8
1577 158 1
66 1181 5
1838 2045 1
1378 1076 7
1467 1668 2
1745 1054 7
1888 2473 3
2094 443 9
1380 1066 12
2149 133 1
461 638 1
1738 508 2
2053 564 7
2425 1107 9
1376 317 6
1882 2239 1
1356 2577 7
1621 2434 3
1349 486 7
1393 1857 3
600 845 2
200 1004 5
185 490 1
1418 2630 4
96 249 2
2088 2623 2
1324 2542 10
2355 1122 5
574 1005 1
1318 1319 1
585 2299
1555 961 4
391 710 2
1625 7 2
1591 1743 1
1623 412 3
2076 298 1
1931 235 4
1642 382 4
900 1015 3
1739 278 1
1672 363 5
1334 1700 2
80 721 1
1385 2261 7
2110 1083 9
80 707 4
1905 553 4
796 996 4
1356 53 4
1684 152 1
1219 1982 3
1330 608 4
1752 941 10
1442 1968 3
1749 72 2
1981 87 1
2090 863 4
1266 1696 5
1527 2284 2
1524 2271 1
2240 777 5
1491 739 4
2057 389 3
169 1011 4
216 960 4
1246 1041 8
1887 2043 1
195 946 2
75 659 2
1573 792 4
2131 1124 9
1573 2100 2
1275 2188 4
358 1035 2
1252 667 3
586 1145 12
1846 838 3
1156 383 7
1161 2268 6
1598 208 1
1213 1021 6
2091 930 4
1542 1936 2
1511 323 3
1613 241 2
1785 809 4
2221 625 5
1904 89 3
2013 649 3
1909 768 4
1183 1112 13
1905 981 3
705 1053 1
1348 1052 10
996 1132 3
541 1111 4
1218 1016 11
1750 615 3
1464 1826 4
1574 560 5
1812 1074 8
2199 447 3
1745 1020 4
1221 1913 9
992 1043 1
1664 241 2
1408 4 4
1772 2089 2
1295 350 6
1172 1433 3
2238 303 1
48 881 2
449 1046 1
217 653 2
2267 649 2
1831 2203 1
1328 1085 12
1397 1575 2
647 901 2
1650 629 4
1714 2154 2
1777 1053 10
1491 1819 1
1336 83 5
1216 1655 5
1373 808 6
1595 1128 15
334 905 3
1672 432 4
2096 432 3
2005 260 3
1882 64 2
191 988 5
1895 1026 3
1611 2168 3
1955 102 2
2057 953 4
633 925 3
302 1047 4
1184 598 6
1751 455 3
2102 1034 6
1646 2073 1
2070 2110 1
1686 2116 2
1897 2271 1
1478 219 3
721 844 1
1249 1921 2
1483 466 4
1600 341 3
172 576 2
1405 191 2
119 682 3
1298 954 4
1774 660 2
1543 398 1
2067 433 4
1275 1704 1
1572 806 2
1476 821 8
1555 1915 2
1946 911 4
139 734 3
1299 160 2
1237 505 6
317 696 4
1746 334 5
1787 1140 19
1495 808 4
227 488 2
594 962 1
1442 413 4
1477 1041 10
1389 202 3
2030 618 2
2028 83 3
1616 89 2
1198 1339 5
259 621 1
1607 206 1
1646 1872 1
1552 540 9
1680 793 4
566 1142 11
1450 661 7
679 941 3
1173 64 12
2050 665 2
1759 757 5
1285 70 4
1800 495 3
1887 53 2
1959 1018 8
345 822 3
1258 10 4
2108 1070 5
62 617 1
2073 2268 2
1164 524 5
1731 1762 1
1288 2289 7
1504 2116 3
1464 301 5
1262 573 3
919 1093 6
1215 1573 2
2202 335 2
2247 1035 1
1352 1481 2
88 642 2
1833 754 3
1472 500 7
1264 726 10
2049 601 1
499 752 3
1495 151 1
1690 13 2
2171 293 1
1616 120 1
1569 2177 4
1363 1052 8
2004 1013 6
1568 730 7
1729 1998 1
2160 300 1
1709 1811 1
1254 168 5
1387 1496 1
1214 2174 9
1372 1542 1
171 608 1
550 907 2
1953 742 1
2255 236 1
45 73 1
2105 2123 1
1825 639 5
1991 976 2
1327 287 9
1466 416 5
487 708 2
1405 248 6
1164 127 11
1600 477 5
1884 718 4
2199 1117 5
2044 913 5
1460 2136 1
1605 865 6
1153 1356 9
1394 1945 5
352 758 3
1340 1799 6
1165 1059 13
1704 243 3
1289 1604 1
394 820 3
1349 668 8
1639 788 6
1827 829 8
871 1108 4
434 978 9
2076 515 2
1709 1779 1
367 1058 6
2282 823 2
1174 1318 5
1471 358 10
1677 949 11
1866 980 4
109 880 1
594 921 4
1959 1085 9
2022 693 1
1494 2204 1
1576 269 4
1234 83 7
2085 567 1
1344 2243 2
1157 1639 7
367 846 2
1258 1465 2
1485 802 9
1681 373 5
476 803 1
2277 1060 7
1705 58 1
1761 317 2
2069 779 1
1777 2096 1
1477 62 4
1155 1036 6
2134 600 3
1440 764 3
53 558 4
1879 2284 4
1263 1854 4
1539 2224 1
181 827 2
1275 1663 4
1947 164 2
1910 2025 1
649 847 3
1167 793 10
265 790 2
1256 1931 6
2021 537 2
1512 2223 2
1259 841 6
1372 97 4
1861 642 4
2004 937 8
1532 717 5
849 1083 3
339 1056 3
1910 50 2
1559 1621 1
1553 969 4
1364 433 8
549 1120 3
1511 1820 3
2234 161 2
1632 2219 5
1303 1644 1
1234 1056 13
1964 819 5
1905 480 2
1965 2073 1
1812 140 2
1643 488 6
1338 2039 6
1579 1755 2
207 856 4
1357 146 4
1436 700 3
1717 236 1
2043 345 2
2094 701 5
2020 879 5
1824 295 4
272 1082 3
2183 40 1
1362 1590 1
699 1115 5
674 1122 7
2255 225 2
1911 2185 2
1202 729 11
1706 2167 1
284 577 1
1591 1128 5
1934 165 3
1899 627 2
2001 948 4
1651 822 3
842 1046 1
2222 728 3
1810 1921 1
2122 660 2
1790 54 1
449 515 1
1974 391 3
1178 532 9
428 802 2
221 674 4
1645 255 3
2246 48 1
230 721 2
390 982 2
1264 1944 7
2188 356 1
1576 73 3
510 780 2
1184 1106 11
1619 808 8
1593 154 3
1191 1044 9
1969 1007 8
263 909 2
1512 333 2
1270 721 5
1455 184 2
1976 88 1
73 802 5
1268 1975 4
1935 54 2
2103 169 1
103 1117 10
1567 144 2
1674 2107 3
233 1122 8
1315 657 6
1284 165 4
1437 1067 11
1533 1736 1
1477 173 2
1172 928 10
1801 600 5
1704 504 2
479 891 2
120 557 3
1372 1699 2
1597 204 4
1793 37 4
569 1037 1
2156 618 3
1853 654 1
1241 958 11
357 913 4
1978 989 7
1530 114 3
1649 1956 3
1529 674 3
1212 1466 3
1588 956 6
2040 714 3
2245 677 2
1714 509 5
1257 1389 1
1698 518 3
1786 640 1
2074 556 4
2136 851 7
1612 981 8
1568 579 3
1457 484 2
557 1061 3
1504 132 4
1534 2004 2
173 842 1
1879 103 1
1940 559 3
524 1058 2
1192 1667 7
1924 957 5
770 1007 5
1273 899 9
1256 2151 4
2198 260 3
78 460 3
1279 2290 7
1352 1100 11
2202 875 3
1647 121 3
1899 308 4
1717 2092 1
1270 232 11
1019 1050 1
908 1126 6
1194 368 6
1770 353 3
2050 166 1
1714 812 6
1723 616 5
1371 770 8
6 960 4
1726 250 3
1300 131 5
1584 759 4
1420 691 3
2173 152 1
115 1005 2
1178 2161 8
1658 2211 2
581 964 7
1996 307 1
1359 1476 1
1245 1547 3
2242 852 4
1484 474 4
1862 125 1
1946 767 4
2256 877 4
1236 1437 2
1207 2265 8
147 614 2
1848 425 3
1384 2158 5
1502 635 3
1445 230 4
1671 160 4
1337 2139 6
1866 2254 1
1979 968 4
1720 202 2
1453 1629 1
1240 693 11
1331 1878 9
2079 24 1
1201 679 10
1705 1994 1
1565 120 1
2219 447 3
1449 794 7
1380 2068 1
1601 1794 2
1746 2032 1
86 1041 3
1388 668 7
1179 687 6
1822 911 3
2184 417 2
1169 1737 6
1639 1781 1
246 981 3
2089 618 2
1285 2232 6
689 1141 6
1975 907 8
1906 707 2
48 690 1
4 265 3
1345 2258 9
1182 447 7
2056 979 3
1151 1459 8
856 1074 5
1252 2003 4
414 654 1
1173 304 3
1767 1899 1
1700 639 4
2050 828 6
1558 614 4
2204 492 2
1556 132 2
1617 875 5
1387 285 3
760 1107 11
337 1064 5
1491 126 1
1968 961 8
1319 1764 2
1552 181 3
1950 277 2
1350 353 10
1580 323 4
169 561 2
2274 209 1
1405 967 3
393 1000 4
2025 780 8
1634 473 5
292 522 1
1607 1790 3
1738 1018 10
1680 2222 2
2223 869 4
1492 2167 3
292 701 1
461 768 1
1854 2215 1
1391 386 5
167 629 2
1318 1979 6
1946 86 2
1173 334 8
1797 1073 10
1504 478 3
1711 228 1
1888 830 4
2013 67 1
902 1098 4
1453 162 3
1440 576 10
1956 601 2
1676 255 3
89 694 1
1723 296 3
1880 783 1
1526 277 4
1161 2038 6
2154 419 2
1899 533 4
1437 941 10
2132 963 5
1717 1987 3
1951 582 5
1650 2137 1
1744 637 4
1264 664 7
923 960 1
1014 1068 2
263 961 4
1360 834 8
313 914 3
2111 1124 8
1382 1110 12
2061 762 4
1930 409 1
2278 887 4
1303 2053 6
1840 939 4
327 450 1
2020 744 4
2053 35 3
1588 689 4
1934 752 4
413 733 2
2175 947 1
1967 2166 1
1850 2136 2
1403 824 8
1632 1854 1
289 1104 7
420 737 2
1592 40 5
1706 605 1
1681 672 2
178 607 3
1219 1803 3
58 327 1
69 1119 8
1149 1150 1
157 8097
4757 3848 137
7611 1791 18
5775 3255 93
315 2152 29
5436 774 48
7693 1037 16
5050 6859 34
6284 1970 40
7572 250 7
6127 1896 57
6481 2810 57
5098 2223 80
4907 7180 43
201 3603 76
7603 2167 35
7761 3330 51
7511 7816 2
4421 1217 100
4887 5998 31
5216 7075 34
6610 983 22
2360 2900 14
4673 3923 158
6739 7906 17
4715 271 69
5100 3653 152
4535 1333 97
4343 3894 212
4091 1191 178
5698 3616 121
5698 774 40
7815 620 6
7458 3108 68
1367 2642 22
4233 7625 93
7824 2811 58
6199 7295 14
4504 6510 47
6380 8057 25
5223 1323 74
4598 5572 33
779 2712 31
320 3337 59
5722 7661 33
2413 2881 13
5584 1550 65
4296 233 105
5828 1092 52
5910 1506 57
5481 6153 9
8068 2831 58
326 2349 31
4555 5655 41
6949 483 15
5747 1153 41
7712 1264 16
614 3270 46
5462 441 45
2106 3867 70
5103 6755 22
5486 6504 21
2242 4039 189
862 3338 46
6883 665 28
6087 6503 9
5434 3263 86
5040 5295 9
7337 213 11
6420 7368 15
5187 5286 2
6166 712 32
7033 615 21
1630 1726 3
5248 5373 2
5882 908 32
6050 3759 108
5517 6214 6
4397 1413 115
303 3015 47
680 1333 10
6549 3230 84
7306 7663 6
766 2573 36
6681 7106 7
5544 7193 35
5418 2454 77
6671 7002 5
344 2598 36
4763 996 67
7772 2821 56
4381 201 84
6233 2562 71
495 2401 35
7327 3306 62
5198 6467 16
6728 7225 8
6770 7400 15
4067 4748 122
6436 492 35
5069 6210 31
6070 6466 6
7263 1284 25
6293 2059 57
4808 5508 22
6357 2191 50
321 2533 37
4732 944 70
4651 7591 70
5621 2246 69
4649 3853 174
6745 1809 40
7519 1109 23
1530 3676 60
6692 2652 61
4344 7716 78
4326 7289 66
7447 566 10
7012 2197 42
5430 6893 20
6559 1990 42
121 2211 28
6910 1000 23
4369 6759 65
999 2618 24
7096 3414 71
4526 5201 27
5419 6463 26
4246 5113 58
5386 2812 96
4735 6904 41
106 3853 94
5863 7097 25
6104 6714 6
2346 2643 3
7133 2800 42
7965 3863 93
6871 7307 5
7662 1340 26
1635 2627 27
4084 1184 165
947 3239 48
5784 3917 136
6582 3286 73
354 2885 39
4866 3512 129
5805 3970 185
6887 1260 36
209 326 5
2445 3053 15
1853 2882 19
6653 2957 63
1304 3853 93
5764 3496 107
6254 7447 20
4294 2001 116
4990 5915 22
4048 4049 1
404 8934
3355 4011 8
7840 2091 11
5647 6985 9
3299 3573 2
1487 4265 32
8612 723 1
8693 1422 6
4725 8437 34
6716 8286 10
4660 8015 37
8666 793 8
4590 8029 38
7342 3255 30
8269 901 10
5350 4004 48
5496 2862 41
6360 1288 15
1338 3069 8
8383 405 7
8553 2573 12
5594 7811 13
1462 2269 3
8225 1697 10
7773 2974 18
6310 8730 12
8131 671 5
6282 8222 7
6855 7442 4
6074 764 33
7189 1975 21
8417 2462 10
5392 7497 16
5019 3109 52
882 3138 16
5056 3409 37
4973 359 29
7472 250 10
5802 8694 23
1127 4416 42
6947 2278 23
4945 6142 16
4971 1610 44
499 3779 23
4794 3373 55
7900 1266 9
8385 8625 1
147 3702 32
2883 3067 2
6499 610 17
6537 3581 42
919 2748 13
5386 8530 19
8492 4030 30
8203 1786 16
5901 6001 1
5329 3645 57
4771 7904 29
2150 3057 7
7519 4465 62
3440 3744 5
6443 2742 41
1942 3862 13
2244 2798 1
133 675 3
3481 4463 37
4600 7291 22
2126 3652 12
1474 1615 1
4484 2241 88
1659 2941 11
6177 4193 57
603 1984 8
4640 4887 11
6224 2288 21
5875 7404 17
8029 466 11
5396 3133 36
712 2796 15
4858 8757 24
220 3751 22
5248 8166 20
5391 4316 57
4939 2844 45
114 3490 25
2 796 4
6226 6884 6
6783 2896 25
4836 3149 65
6765 1539 13
8855 1908 12
4561 2999 71
4486 8246 58
8718 1209 10
6755 2552 25
5993 4390 56
4622 1866 54
35 251 4
5143 6843 16
163 803 4
4645 7615 32
5512 754 20
1206 2729 9
863 2214 5
5880 2748 36
4934 921 31
7785 1712 16
6452 8405 16
8793 138 2
5003 806 34
5370 1711 42
6679 2796 33
6906 1790 23
5000 746 24
6758 8375 12
4604 6974 32
6506 2251 31
2584 3612 7
517 2133 10
606 3869 20
5932 8907 16
97 1078 10
2528 3283 4
782 4079 25
1397 3740 19
5259 2616 42
7086 1755 23
4794 5138 11
8823 2061 13
6555 8487 9
6721 2211 22
5547 7306 7
8721 1825 8
5236 5781 13
1232 2506 4
4728 7204 35
8196 721 12
6167 2689 32
457 2130 8
7207 426 9
534 4065 25
5689 4353 54
979 4275 45
1953 2534 9
1743 2948 11
5098 1891 32
7157 2856 28
5274 3777 48
640 4112 32
7500 8930 7
4494 7129 42
3534 4157 18
2161 2941 6
1224 1371 1
6022 1995 28
5153 1444 32
4963 5310 3
8193 1096 7
944 3170 15
5281 3484 46
2251 3340 11
463 2364 8
7284 8356 6
6519 1644 18
4543 1724 65
7498 8585 2
1091 4025 23
236 4098 34
6476 8134 9
8591 3018 18
6517 7528 6
2239 3806 22
5198 214 29
1678 3767 17
1110 3755 14
6555 361 19
6301 1827 27
25 1958 10
5173 2108 38
5396 3265 48
112 580 4
1034 1803 1
7235 8478 6
5212 3495 47
720 935 3
5596 1482 32
649 3711 22
5399 1388 33
8411 3096 17
4925 677 32
8280 2750 15
5457 8758 15
5158 8427 31
360 504 1
7633 3635 25
4832 4054 66
638 2599 8
7467 1424 14
5199 8025 30
5094 2388 50
5524 5666 2
6125 4332 49
5782 3398 42
5856 1538 17
988 3968 16
7186 2894 28
6609 3117 36
7015 3088 27
5180 485 33
8316 2696 13
2127 4457 47
742 1453 3
8639 4392 49
3211 4389 32
5595 7505 11
7224 8244 7
5137 2276 34
8233 2428 21
8524 717 8
2749 3922 9
4839 6968 26
4520 1601 59
7330 2183 13
1017 3353 11
704 1392 5
5528 6106 4
5503 2738 40
4646 2357 53
11 2797 17
8931 2847 24
4690 6749 20
4522 6008 34
376 2416 13
418 1568 8
7963 4033 32
1046 4340 46
4929 7839 28
1405 3412 20
8639 2831 14
784 948 4
1408 4379 40
1562 1700 1
1981 2490 3
5911 2929 40
5231 22 21
950 4204 21
1025 2269 4
382 4043 28
7512 2654 16
7837 3101 28
476 2234 8
5024 1988 43
7852 61 6
4353 4416 6
4648 5691 15
860 3394 11
4978 282 27
6459 2432 23
2163 3734 20
8404 2107 11
6459 7367 5
5866 1060 19
5366 7353 17
5174 1484 35
4970 7442 12
7798 8345 3
7805 3105 22
4683 1073 49
6948 2919 22
4480 1283 78
2479 4339 39
4524 5558 35
6992 7550 1
8244 1912 11
5780 2627 32
706 3121 10
6288 7978 5
7334 2679 17
8792 938 6
1039 2593 8
1173 2853 12
575 3483 21
6805 8897 13
5117 1602 41
7409 7649 1
8263 2645 27
972 1348 2
1518 3575 11
6368 25 18
7952 4123 36
246 616 1
1445 3844 25
7128 2934 28
5799 323 21
5482 8285 19
564 2553 10
4740 1851 47
8648 3865 31
1932 3190 7
7976 2562 19
2792 4192 15
6608 4156 57
8570 8881 1
1065 2548 6
1823 3263 8
4993 3137 51
71 4432 48
7215 2263 23
6032 8304 10
5653 7041 4
6040 99 17
7305 1880 26
6105 7831 7
5325 2789 36
6484 3633 24
8351 3000 16
7211 3923 54
1115 1582 1
5448 4144 61
5263 2754 47
5381 7367 22
5689 1937 36
6847 38 16
3528 3821 6
145 1162 2
1563 4043 20
4691 1180 44
6521 7394 10
2285 3994 9
133 2914 20
1745 4221 21
4751 2091 61
1444 4036 18
5534 353 24
8853 3756 19
6965 820 16
8867 3751 30
7017 2215 17
1634 2218 4
2472 2816 3
131 3165 21
4756 548 36
7885 3009 21
7492 2800 27
517 1549 6
5396 1741 38
3109 3914 9
7140 4279 54
6742 4401 45
201 1729 8
6481 686 20
667 4459 60
912 3368 19
6035 1043 26
3328 3976 7
795 1056 3
5479 1280 41
531 1379 2
6746 2048 23
3160 3472 2
541 1705 6
8011 2956 20
634 3264 10
6714 7528 3
8633 3928 25
4829 8821 30
1537 3211 13
1236 2772 11
875 1253 3
7048 7448 2
6864 3559 36
6223 7750 11
7604 8282 4
5207 2566 45
5605 3088 32
7466 8905 8
880 4009 23
8464 2838 17
16 4428 45
2253 3813 6
3245 4411 25
6111 1424 33
4667 4056 84
5906 4206 61
6588 4172 51
4632 7822 42
7068 392 15
5806 2956 27
4995 5575 4
8923 4351 38
7529 3515 17
7976 423 4
7657 756 9
2694 2960 2
8029 2676 28
613 4416 36
5623 590 15
4632 6231 26
2241 3548 14
8404 2673 15
7363 8256 5
5403 3300 60
4641 7214 33
4715 7532 31
4467 4468 1
169 24645
1270 2976 21
17911 2450 124
13645 8996 378
18551 1573 93
5199 6535 15
7129 9936 83
14068 2801 243
22538 23234 7
16829 1927 128
5057 9271 105
12876 5621 384
16574 199 137
6705 12090 431
13094 16570 171
2229 7343 74
23493 3077 38
15800 6787 217
4928 7402 46
1202 3156 25
1802 6310 73
13274 3376 312
5213 11180 220
6164 7743 32
5052 10727 174
16288 10616 371
18236 21139 33
14644 10895 423
2289 11726 316
17168 4436 146
16066 9126 292
19407 23301 54
12738 3613 390
20040 2298 80
13821 2261 276
13252 5118 321
2758 12154 495
3820 5130 16
23875 3781 58
19402 12285 707
16894 1635 147
1827 8552 132
1259 2412 7
15633 3760 178
1929 6902 62
3717 6936 56
1813 4596 37
7014 9346 62
22867 1053 30
4572 6978 42
21457 2688 65
297 9117 149
1602 7319 109
20306 3930 112
22569 10603 251
8054 8337 9
5198 5595 10
14542 19848 131
894 1561 10
19086 2243 112
20435 9024 219
13338 1422 263
19661 6434 152
5138 9141 85
1818 7459 92
22818 3450 55
3130 9682 161
7158 9074 52
14158 17421 93
19827 6986 127
20508 7086 140
16214 19963 72
4721 6346 27
871 8155 131
14136 5651 293
12448 2510 506
22833 6643 110
19420 5830 150
7299 7753 12
19094 3053 116
16421 18971 50
19558 4023 105
19237 853 70
15393 3894 227
19115 5245 153
15712 1077 161
19519 3732 104
15034 3040 210
8444 9184 25
233 6886 81
21271 2999 83
9001 10764 96
471 3782 47
659 1255 4
22341 890 36
18979 756 98
20343 6519 134
18357 24339 92
1914 3058 14
2474 8313 100
4937 8130 61
15570 18761 73
16620 6360 208
20655 4339 91
654 6470 74
824 2917 36
6800 7479 11
18097 5726 162
15700 19906 85
23914 4614 55
618 1795 12
13456 1849 273
14948 777 193
22290 1758 47
12493 8042 557
6824 7064 4
19265 177 77
2787 7855 55
9711 11891 230
18313 7116 181
22542 11403 363
13861 728 256
6632 7725 15
2084 2954 6
13286 8080 429
17378 1380 121
22624 2310 56
12445 6446 534
17774 11527 425
14410 9743 407
4894 9294 98
16765 8972 265
21421 7728 149
12620 10300 625
19290 2537 92
24566 448 9
3457 7826 80
372 7414 102
15277 4209 221
22974 6109 93
1648 2502 10
18134 4699 153
23068 11210 326
1103 8262 106
17000 7585 211
21951 7140 139
3893 6600 37
13478 19183 237
1777 2231 7
19714 7603 172
17610 4409 155
6063 7260 17
20834 7478 150
15017 21650 161
2868 7322 67
18835 7516 186
22360 6342 99
5613 9864 118
14174 5019 289
3737 6761 44
15023 23453 160
19697 22476 35
18722 5083 146
2170 4967 37
5778 10862 209
15153 5716 213
17212 18671 31
23787 964 27
18802 5973 148
12322 12323 1
375 27817
9495 13801 145
27622 10240 68
16497 2319 88
20285 21845 13
16103 21711 58
15561 25564 81
22712 4841 54
2174 2949 5
17897 10324 133
2237 6618 24
16809 18073 10
16396 26583 70
3423 12169 91
695 3979 24
22502 27760 23
19092 127 51
20867 10208 120
1823 3266 6
24979 27031 8
1453 4066 15
18171 20841 17
18047 22855 27
4248 9485 47
14448 19493 95
18634 21078 13
14543 16393 63
19695 13385 205
22743 4191 55
20834 1168 56
23555 9189 84
15877 27447 94
14631 24453 128
22610 3366 47
2987 9065 43
20776 4090 62
1623 7343 47
6097 9647 34
15534 18329 42
16918 8211 122
44 2662 17
19631 24048 33
16485 9231 124
771 4498 22
8238 8990 5
19048 24933 28
4816 7228 17
25343 4755 44
18174 1343 64
24599 5062 37
14842 8346 164
23581 6691 50
14870 2984 140
22384 26547 24
17640 20863 32
235 12963 152
22657 25593 16
16909 24685 64
870 9438 51
1292 5081 26
20522 574 36
21895 3632 64
22509 6038 61
19731 315 39
26684 2764 21
17165 10089 159
19195 2304 64
17584 8342 109
20340 47 40
419 3816 25
18166 26966 57
17665 9493 125
15103 8961 198
18729 27090 47
27796 1710 6
684 8954 49
781 1880 9
19379 11936 173
19133 24297 25
17770 3114 87
21882 27806 46
2569 10761 72
15966 1843 78
4461 5950 10
7339 9322 18
25864 3878 26
19719 3519 82
21508 5930 69
3821 4659 6
79 228 3
23252 23644 4
6955 8116 10
14711 17557 62
19685 11223 148
7162 12869 99
14340 11668 248
22120 9618 93
26774 9651 80
21711 26960 31
1727 7250 29
21992 11878 149
3054 13496 160
17167 920 75
17060 1349 85
2819 6231 18
26017 6435 57
3650 13660 172
20913 4239 55
24764 11541 93
3190 13538 140
14329 2640 178
20073 9968 105
21207 1347 39
22378 2274 39
4129 11554 73
41 7385 50
20682 10251 110
461 6057 36
26527 4686 33
18558 2967 82
5007 8598 20
18580 2233 71
4356 6153 11
21421 7557 78
14711 1080 125
14704 13232 280
18807 20156 9
11920 13789 104
27492 12885 112
15492 8992 182
14661 19610 84
4217 12912 101
24882 11559 104
18096 2890 73
17409 23801 45
2034 10652 55
19174 1650 56
373 5912 40
21547 11492 141
27277 2757 11
19572 22160 19
26676 2837 20
26314 8922 50
14928 21812 85
20915 13049 188
21753 4695 66
23144 23915 6
763 5730 33
15450 9355 166
22262 4776 65
20028 4134 54
21809 4286 53
12626 13190 14
21012 23089 8
20452 13512 224
24319 24401 1
20686 4103 61
18214 3583 90
2954 12682 116
16671 13635 253
16107 17521 14
3941 10385 49
4282 8461 37
21701 243 29
22798 25734 19
17761 2705 69
2529 10505 58
800 12821 120
17405 868 75
16886 6051 107
2898 3414 2
15561 665 117
22537 10454 120
2922 10549 63
15622 4834 142
2949 4171 6
20536 22399 11
20468 26213 32
25493 10926 97
21065 23652 21
3606 10585 52
376 2690 8
471 6030 40
24308 27712 10
22613 23769 5
26834 1598 24
19129 6466 86
17177 4677 105
2096 4355 15
21532 209 34
12019 13836 108
3992 13085 114
26508 7785 40
15076 13163 282
27741 2043 15
2614 13535 150
6596 11672 47
20532 23935 22
15119 23658 83
14285 971 174
15757 11011 184
20837 674 44
777 7257 32
20129 24131 19
2627 3917 9
20148 1049 42
18415 8194 108
14639 129 129
26536 13842 230
19862 2416 63
17988 7472 103
1666 11900 84
16434 3538 94
15556 1169 100
18403 1398 41
20782 12802 161
17286 12239 168
14934 12110 233
19117 8680 107
6051 7650 8
1987 3783 7
22250 428 27
26570 26739 2
23932 3112 32
20274 26258 36
1019 5842 28
4800 6235 12
15807 26658 86
16579 8371 111
13931 7918 385
5598 6268 2
3498 13801 213
17736 24699 35
17378 2007 87
2534 4255 15
15398 2991 123
17204 2383 77
14273 20228 128
18336 10960 141
16807 1437 82
18856 11786 159
20613 8598 80
25614 599 11
22959 4118 48
15776 18320 40
21768 23804 15
972 2020 5
3966 13228 150
26644 10293 85
20278 26038 34
40 1555 6
16794 21100 35
14860 18278 58
22997 25823 17
17067 1171 85
19360 52 41
21902 4381 54
8750 12625 74
18755 970 45
20878 26596 30
26215 12948 127
23413 3275 36
14409 82 148
2131 11568 81
24830 1594 22
15421 19982 54
17424 27609 86
20196 24709 21
17223 2239 76
25497 3441 31
14919 2870 151
18033 1321 63
5858 10566 53
18384 7106 111
16164 11655 169
715 4086 19
17319 5430 102
27625 12135 115
20351 27358 38
15518 7410 154
16887 19982 24
19237 4476 63
18330 9398 139
16631 12583 208
24986 26543 14
17129 17545 4
20173 13447 156
18086 4243 82
16822 5325 130
21398 22076 4
201 4346 25
27265 7816 39
27365 7550 44
20779 10598 131
17532 11913 155
237 13308 157
14522 23906 127
26289 2167 19
23084 2991 42
1232 4435 13
2009 3185 8
2584 3309 2
22044 1296 45
22908 6099 67
14007 1665 302
9011 13470 89
26311 1602 13
5053 10110 44
14479 10761 226
2697 8564 44
1992 3771 10
19290 2068 63
24429 3643 23
19445 13331 200
20055 20175 3
20790 25610 27
26651 1463 15
414 1015 4
14458 7385 204
3577 4350 5
26763 2484 24
1963 5283 20
14203 10069 303
21528 22318 9
11771 13359 41
17018 13712 250
16476 3418 84
27736 642 5
18176 2987 70
23996 4985 44
21654 148 32
14475 341 170
16910 856 87
17034 10253 138
25311 11915 118
21881 10046 106
22996 5779 63
15940 23314 75
24371 12367 145
17410 24450 42
23726 11051 101
6659 10304 38
899 2819 12
24016 9767 89
19146 23065 29
23088 8589 76
16618 4392 104
18462 26750 59
17106 24966 61
20097 650 41
2622 8276 41
16784 9471 144
20699 4817 68
8689 12733 74
22083 2720 40
16129 12113 194
1054 7855 53
17028 604 78
1901 3541 12
9500 12220 42
17245 5420 97
17439 10963 148
14844 10469 192
23371 9806 95
14512 15613 40
4099 6921 19
5086 10985 47
17579 4662 89
56 7732 64
15058 8051 174
17596 8914 121
94 2647 8
16697 1126 71
15484 12214 231
2055 13512 154
13908 13909 1
