1000 10
41 67 34 0 69 24 78 58 62 64 5 45 81 27 61 91 95 42 27 36 91 4 2 53 92 82 21 16 18 95 47 26 71 38 69 12 67 99 35 94 3 11 22 33 73 64 41 11 53 68 47 44 62 57 37 59 23 41 29 78 16 35 90 42 88 6 40 42 64 48 46 5 90 29 70 50 6 1 93 48 29 23 84 54 56 40 66 76 31 8 44 39 26 23 37 38 18 82 29 41 33 15 39 58 4 30 77 6 73 86 21 45 24 72 70 29 77 73 97 12 86 90 61 36 55 67 55 74 31 52 50 50 41 24 66 30 7 91 7 37 57 87 53 83 45 9 9 58 21 88 22 46 6 30 13 68 0 91 62 55 10 59 24 37 48 83 95 41 2 50 91 36 74 20 96 21 48 99 68 84 81 34 53 99 18 38 0 88 27 67 28 93 48 83 7 21 10 17 13 14 9 16 35 51 0 49 19 56 98 3 24 8 44 9 89 2 95 85 93 43 23 87 14 3 48 0 58 18 80 96 98 81 89 98 9 57 72 22 38 92 38 79 90 57 58 91 15 88 56 11 2 34 72 55 28 46 62 86 75 33 69 42 44 16 81 98 22 51 21 99 57 76 92 89 75 12 0 10 3 69 61 88 1 89 55 23 2 85 82 85 88 26 17 57 32 32 69 54 21 89 76 29 68 92 25 55 34 49 41 12 45 60 18 53 39 23 79 96 87 29 49 37 66 49 93 95 97 16 86 5 88 82 55 34 14 1 16 71 86 63 13 55 85 53 12 8 32 45 13 56 21 58 46 82 81 44 96 22 29 61 35 50 73 66 44 59 92 39 53 24 54 10 45 49 86 13 74 22 68 18 87 5 58 91 2 25 77 14 14 24 34 74 72 59 33 70 87 97 18 77 73 70 63 68 92 85 2 80 13 27 2 99 27 25 43 24 23 72 61 81 3 32 5 93 25 31 92 42 22 86 64 0 87 60 13 74 70 70 35 33 11 60 96 67 85 50 40 94 95 24 19 25 76 94 58 2 71 66 78 93 51 84 18 64 19 52 0 87 60 26 10 57 70 15 76 27 43 58 64 9 82 86 65 87 77 74 25 27 29 28 23 20 2 62 23 96 37 61 95 25 64 60 2 16 30 26 11 71 11 47 53 20 90 24 88 63 40 51 62 29 0 13 58 78 65 7 77 0 58 39 3 60 57 24 77 8 13 87 1 50 60 28 93 84 5 40 11 4 35 56 72 50 23 85 56 16 26 57 26 57 37 71 69 61 96 22 17 12 17 96 85 41 23 29 29 65 59 32 96 55 53 62 84 34 54 72 57 69 32 63 7 83 11 35 67 48 75 38 23 42 54 11 41 75 59 25 21 70 26 34 5 83 50 98 79 1 93 34 37 34 56 93 76 5 62 48 81 0 13 41 55 55 42 62 11 77 24 78 52 43 96 73 40 13 75 72 18 10 17 32 12 95 69 31 40 88 85 90 97 89 90 45 53 14 51 40 44 58 35 59 92 5 64 81 3 29 75 8 92 97 49 56 61 27 67 41 29 40 13 74 1 77 15 83 13 92 24 1 92 59 70 28 27 84 75 86 98 70 87 47 4 3 21 63 6 63 10 71 89 40 64 42 19 13 91 4 18 32 50 5 75 39 3 22 98 47 84 48 71 64 13 75 45 12 46 78 69 62 19 85 89 44 65 40 45 8 18 70 1 23 32 72 52 87 70 63 1 3 23 27 0 69 15 65 28 43 47 88 43 37 9 63 49 81 88 42 8 60 21 58 54 88 46 90 49 43 30 20 48 67 36 83 35 26 85 38 53 29 24 48 23 59 57 66 44 55 18 26 11 25 55 1 49 96 84 15 64 42 75 13 42 96 48 72 26 6 73 29 4 5 26 12 75 93 65 36 36 41 14 94 56 52 36 38 82 55 15 31 30 41 25 11 37 86 90 50 62 34 93 53 16 52 8 62 33 54 3 34 3 56 48 24 17 13 9 28 0 80 18 58 50 55 61 64 3 76 43 9 2 61 89 48 82 53 74 20 2 23 31 69 78 59 8 19 71 3 45 81 4 92 85 13 98 89 22 38 37 10 61 34 8 61 59 93 15 69 37 69 58 0 71 64 17 15 55 15 30 39 12 88 82 54 85 10 84 74 80 15 51 41 15 79 10 98 73 88 77 32 56 89 13 8 41 90 23 63 28 84 78 0 71 85 74 71 33 67 53 95 68 25 76 29 50 98 9 93 86 80 16 49 
2 1
3 1
4 3
1 5
2 6
6 7
8 1
7 9
10 8
11 5
12 11
6 13
9 14
15 11
16 7
13 17
10 18
19 8
20 6
11 21
14 22
17 23
19 24
17 25
21 26
15 27
28 24
29 15
30 13
5 31
32 30
33 24
24 34
21 35
36 19
29 37
31 38
15 39
24 40
41 6
42 21
22 43
10 44
37 45
10 46
25 47
24 48
49 16
13 50
48 51
8 52
20 53
10 54
55 24
10 56
21 57
43 58
32 59
60 26
61 15
28 62
39 63
40 64
16 65
66 11
67 14
68 27
59 69
70 12
71 53
72 66
73 46
23 74
52 75
76 36
77 73
78 47
79 71
41 80
81 30
82 76
83 1
84 51
59 85
54 86
87 34
17 88
11 89
64 90
13 91
92 81
52 93
94 62
95 80
96 56
97 2
23 98
99 62
59 100
101 75
102 1
103 88
104 81
81 105
97 106
29 107
44 108
32 109
9 110
92 111
112 104
21 113
6 114
19 115
27 116
28 117
118 79
119 106
97 120
121 35
122 45
16 123
9 124
16 125
41 126
88 127
128 19
47 129
130 56
131 27
99 132
133 5
134 71
21 135
136 27
137 111
138 48
139 39
140 52
77 141
92 142
1 143
60 144
7 145
146 20
147 89
148 31
88 149
36 150
78 151
17 152
153 133
154 12
2 155
56 156
58 157
158 119
159 3
45 160
150 161
6 162
163 34
164 56
165 114
63 166
89 167
168 53
169 102
27 170
22 171
103 172
173 112
174 161
175 66
161 176
147 177
107 178
133 179
180 111
181 141
182 110
57 183
175 184
138 185
174 186
187 128
12 188
189 3
77 190
2 191
192 96
193 119
194 136
195 66
22 196
197 129
45 198
189 199
200 160
136 201
143 202
203 77
21 204
150 205
65 206
189 207
208 45
209 137
154 210
211 140
212 45
213 201
190 214
215 164
39 216
217 201
9 218
219 124
22 220
221 205
7 222
223 104
224 187
146 225
37 226
15 227
172 228
229 62
28 230
231 53
152 232
68 233
234 191
235 70
113 236
125 237
184 238
212 239
200 240
241 90
156 242
147 243
244 3
245 204
23 246
21 247
15 248
249 242
192 250
251 184
104 252
222 253
236 254
237 255
216 256
40 257
55 258
201 259
260 210
138 261
58 262
263 19
264 105
226 265
266 136
75 267
33 268
269 135
270 108
271 240
272 15
197 273
274 152
222 275
276 134
204 277
278 36
52 279
280 115
29 281
282 28
91 283
284 199
285 97
117 286
287 33
272 288
289 24
290 270
243 291
113 292
293 275
255 294
295 163
168 296
297 130
298 55
219 299
88 300
301 148
302 171
303 202
90 304
305 186
203 306
307 199
97 308
263 309
29 310
311 18
312 260
313 299
314 42
227 315
245 316
317 87
245 318
319 121
76 320
321 258
306 322
323 214
182 324
325 75
222 326
202 327
328 258
329 229
253 330
125 331
332 174
290 333
313 334
335 165
336 168
337 121
67 338
268 339
340 301
341 184
3 342
343 332
344 149
274 345
346 148
347 119
348 116
94 349
350 19
182 351
352 215
353 6
28 354
355 117
356 167
258 357
161 358
59 359
360 217
138 361
230 362
363 309
364 198
365 223
366 1
25 367
291 368
322 369
37 370
371 316
279 372
251 373
374 148
375 102
206 376
377 124
378 250
144 379
15 380
212 381
173 382
110 383
384 338
385 325
386 22
73 387
388 357
78 389
383 390
391 30
392 54
393 121
394 151
395 338
396 103
397 222
398 270
390 399
400 297
182 401
87 402
128 403
404 80
325 405
406 349
4 407
277 408
313 409
410 255
411 164
412 350
36 413
414 311
340 415
262 416
417 318
418 206
419 379
235 420
421 361
422 92
423 19
145 424
425 251
306 426
149 427
323 428
415 429
321 430
431 281
432 298
276 433
434 316
435 153
436 204
437 213
438 136
179 439
440 325
441 303
442 283
409 443
346 444
445 391
386 446
447 272
448 440
449 241
450 403
451 42
452 113
166 453
454 320
455 233
456 64
311 457
363 458
459 360
46 460
461 111
462 303
236 463
36 464
465 45
466 276
13 467
468 200
469 391
470 140
471 279
472 297
312 473
474 236
475 193
476 305
477 35
363 478
479 464
480 139
481 255
482 15
172 483
484 212
325 485
319 486
105 487
488 114
285 489
490 267
491 173
492 233
493 224
494 115
495 228
1 496
497 143
326 498
499 88
500 256
501 383
130 502
78 503
504 333
115 505
506 430
70 507
508 306
486 509
212 510
511 195
451 512
513 262
514 409
444 515
334 516
517 250
518 434
355 519
520 82
333 521
522 209
166 523
411 524
264 525
470 526
527 451
132 528
529 332
530 155
531 269
532 506
533 362
534 234
368 535
502 536
537 217
285 538
539 528
47 540
541 331
287 542
543 200
169 544
328 545
546 528
510 547
548 319
549 270
550 105
330 551
552 79
199 553
554 414
555 476
556 287
487 557
328 558
559 51
560 465
561 195
562 57
278 563
370 564
565 451
566 343
567 81
506 568
416 569
65 570
571 553
353 572
573 147
574 95
575 181
289 576
324 577
578 236
579 280
580 121
581 88
568 582
583 580
305 584
28 585
447 586
184 587
14 588
589 563
590 319
452 591
592 362
593 164
533 594
440 595
207 596
597 2
598 166
599 361
99 600
601 458
602 293
472 603
350 604
112 605
606 236
432 607
231 608
539 609
610 334
611 81
294 612
372 613
614 232
615 165
330 616
467 617
508 618
619 612
620 252
294 621
250 622
623 506
624 93
256 625
445 626
400 627
98 628
629 591
152 630
631 259
632 493
334 633
614 634
635 538
636 429
108 637
200 638
639 284
417 640
641 235
357 642
84 643
508 644
22 645
207 646
53 647
648 351
428 649
650 633
651 363
270 652
211 653
132 654
655 261
643 656
657 581
99 658
659 66
660 343
661 242
662 47
96 663
664 611
581 665
423 666
667 121
668 482
126 669
670 484
671 544
123 672
673 374
85 674
675 475
676 587
59 677
678 11
679 118
422 680
144 681
117 682
683 154
684 580
685 618
686 401
687 126
688 397
166 689
690 266
691 512
692 360
68 693
306 694
380 695
206 696
37 697
698 471
271 699
354 700
701 515
702 268
208 703
697 704
123 705
406 706
707 134
97 708
566 709
710 706
272 711
673 712
713 645
714 255
715 82
716 659
288 717
291 718
719 319
720 150
721 128
722 650
723 552
145 724
708 725
726 719
727 5
728 73
729 672
459 730
667 731
732 338
733 385
678 734
174 735
677 736
635 737
738 160
268 739
545 740
719 741
742 226
743 82
744 41
437 745
746 27
747 266
268 748
603 749
679 750
751 737
752 82
753 532
754 48
591 755
756 57
555 757
758 583
534 759
74 760
761 749
343 762
216 763
764 665
462 765
467 766
767 223
768 230
372 769
770 264
212 771
772 59
643 773
299 774
100 775
776 233
777 95
778 51
779 331
780 152
781 113
782 713
336 783
784 626
785 771
786 291
694 787
788 107
789 587
361 790
179 791
792 379
196 793
794 575
608 795
98 796
797 41
406 798
368 799
277 800
801 776
350 802
744 803
746 804
172 805
672 806
807 642
808 303
364 809
810 587
811 659
812 120
813 306
814 62
815 404
815 816
817 636
818 282
819 766
349 820
821 462
822 134
823 291
449 824
6 825
826 189
255 827
828 123
829 803
830 558
615 831
832 669
790 833
834 414
835 441
596 836
24 837
838 509
51 839
380 840
99 841
842 149
843 327
165 844
268 845
846 719
643 847
743 848
849 751
552 850
851 7
378 852
403 853
854 416
255 855
856 845
594 857
788 858
20 859
203 860
450 861
862 489
863 500
134 864
865 639
826 866
867 445
868 42
869 114
870 247
406 871
148 872
508 873
874 538
261 875
258 876
877 65
878 300
879 375
880 33
881 493
882 798
883 535
6 884
885 302
217 886
887 265
118 888
889 536
890 217
672 891
892 772
140 893
190 894
566 895
694 896
802 897
898 99
84 899
900 877
901 715
902 507
903 453
904 861
239 905
906 757
36 907
321 908
909 760
910 844
911 80
77 912
913 501
802 914
305 915
916 311
917 900
177 918
903 919
698 920
921 88
922 271
481 923
924 696
456 925
926 881
927 820
286 928
414 929
183 930
931 753
535 932
714 933
451 934
71 935
72 936
764 937
938 75
939 362
940 761
105 941
942 157
701 943
506 944
945 487
946 795
563 947
948 88
68 949
510 950
524 951
952 825
953 675
216 954
955 769
956 243
957 795
958 485
792 959
766 960
961 534
962 933
963 83
964 330
965 447
753 966
967 112
900 968
969 588
970 238
419 971
972 106
973 705
974 549
975 54
976 106
83 977
978 873
664 979
923 980
570 981
982 315
97 983
379 984
985 24
986 540
987 39
670 988
989 591
858 990
150 991
489 992
391 993
516 994
254 995
996 479
997 330
998 755
58 999
1000 273
330 262
861 209
983 163
507 879
980 898
888 539
470 784
541 796
267 634
510 558
