2000
6221 28380
30398 14429
13280 23462
17172 10104
17782 30833
11599 1846
10797 8369
2720 24915
26856 5005
25120 4820
21411 24549
14529 14386
21251 20884
22916 9402
4145 17394
28141 26932
28905 32157
31413 11715
6606 31098
5310 25356
27393 16630
25164 3738
10993 15250
15473 13953
21365 6046
1225 12354
13592 12356
872 22255
25779 5321
24849 27792
10050 5392
4520 10948
20464 30560
17130 18092
17524 15206
9052 27652
7072 3710
5505 29587
2615 21806
9040 22726
4608 28147
17893 12952
10008 4417
21879 13236
16268 29381
13706 30174
295 2029
4454 5263
393 6058
15559 23263
19577 30581
3286 2216
9341 6544
15704 29417
12711 20622
13862 872
4785 27669
17629 23452
1101 4835
7894 7881
4790 32271
16217 10093
2443 31121
30221 11227
5597 19973
14771 5670
20103 30636
4884 4928
5821 20148
13368 7523
3816 1209
4057 1456
1969 7051
1303 16663
11100 14642
29550 31862
20824 32047
19172 15365
12308 15109
27783 2545
24852 15864
28438 30791
27459 31253
7167 31252
18315 20082
14473 22475
5027 15543
28499 17126
26408 14813
28157 19664
32496 31798
2853 17667
12955 27310
2197 17005
26730 4432
17850 23577
31573 16140
30297 21771
18263 12471
12669 16236
20493 27987
27828 23271
13695 14225
14202 12882
27454 14484
19190 15505
26031 18424
16868 1207
12710 29971
3283 7535
10806 13690
30352 25499
16584 23751
19682 21562
2923 16794
375 31119
3435 13278
22303 13184
28197 10318
28472 24380
4633 15671
19305 8736
19009 31871
6036 23516
3490 32486
20485 977
28960 21644
6128 30142
20886 22196
21530 29084
25638 18119
24022 21190
8398 24220
25139 16989
15164 13814
16756 26859
7652 8526
704 25414
6991 28115
12315 32440
18870 7856
11925 92
15567 3981
26305 31691
4583 8280
20841 31992
561 20037
15488 2393
28510 24083
23640 15432
7789 31634
32022 680
5317 29282
26722 14795
19329 25597
21347 13715
11531 7927
26858 29144
4332 31621
17389 29450
10722 24893
28216 6680
6707 23068
14175 28560
8770 22221
30711 10759
7520 2088
5381 29627
16612 29178
22455 13175
20862 6916
27986 23735
17096 32326
9068 2829
29982 8573
13403 27843
1456 29930
14317 16578
25813 24661
3162 27570
9891 8530
19318 26723
16828 24259
8235 5996
12394 5534
4135 12818
10223 17136
3538 25707
23062 28450
26243 21187
29966 32379
24819 3646
21880 27367
8178 15551
7871 19191
7512 30729
11688 18984
20799 10276
6442 30312
22895 23811
13594 1750
27491 19835
32714 26826
20726 1565
22549 7831
9153 8292
906 5789
4290 3427
1725 31661
11735 2200
30730 28739
8923 11386
4569 26552
28178 13649
14881 8121
18375 26186
9003 19960
26931 17611
27033 22049
15009 7684
21414 7184
11472 2759
5551 17985
16793 26009
16371 1160
2001 26377
14743 12034
3697 23616
27885 20811
4852 11226
2293 30193
28417 7412
31780 17961
2378 5254
3173 20929
19892 15604
12382 4950
28856 19423
3572 1223
521 23105
16913 22505
4727 697
21924 10109
28947 14883
1002 13407
17300 5740
13805 768
32249 30628
22346 27925
32112 18261
26678 31633
19063 16916
28867 7377
17985 32597
14688 2839
18267 11140
27807 30522
27023 10321
1596 19356
5385 1867
13146 7003
184 4784
2063 4556
13303 22659
11811 30245
19309 27616
28949 6009
1329 20621
19295 13546
22578 17617
22779 13850
6871 23945
21286 18402
31970 10360
31076 12615
22682 18655
3012 29865
7977 16973
14949 4414
25667 26041
11833 30911
19720 5326
3849 3425
26156 20358
10938 15367
9557 16378
8654 1718
6596 14457
15662 4937
4152 22487
20774 4710
11791 18439
20913 18351
19180 31735
5182 30244
2413 14612
28749 12298
22728 7707
26929 27054
27176 11610
30354 112
6265 15584
8660 30060
18555 9789
1751 15193
3861 9097
19681 7088
4589 32168
11224 30481
22069 28619
20917 25828
29128 25658
15413 30268
21109 28242
23249 8192
3994 9673
3313 4172
31221 18234
20573 29461
23992 15837
13300 27148
10971 31381
25248 15301
30646 15409
23177 32281
4559 11499
9353 16329
4337 31029
8161 30051
8318 17334
13866 11626
29445 6799
2958 20401
5143 20962
32567 27656
3159 26517
4104 23578
3025 21587
31115 15510
3725 28116
7467 397
12131 15967
2980 10780
7440 30093
17079 22346
25994 22095
29474 18995
2961 17970
25295 3431
6791 25058
16204 19853
11393 15085
29819 9548
5790 8906
23435 24683
12184 10010
22054 31286
25752 9005
10732 23332
4175 2760
12321 6584
18498 21030
11682 17061
5221 5948
26398 27701
17644 28738
17794 6379
23134 878
7861 11624
13291 19459
30342 32139
30719 12426
19427 13532
27415 20063
17995 7723
10452 7792
22405 3700
29517 22338
9619 30470
3242 12341
20706 25316
20207 27144
27331 25452
30229 16543
12319 12342
20575 10756
23653 32319
18667 1709
10440 21063
136 9981
19368 21111
26823 18956
3149 23367
5461 31147
16091 23455
14215 26531
15490 15420
30775 12350
11254 22102
9167 9737
11807 15744
23715 2775
17169 24783
18308 23049
31550 18238
26257 2061
18666 27473
5713 23333
1504 31225
24831 16746
356 30904
7205 18448
10856 5893
1133 6123
10755 12018
19379 6962
542 14604
19806 12420
1137 14211
23793 3880
13742 23691
25309 16537
28923 28673
15258 21314
24486 14418
3317 10886
6420 27289
1452 4099
32507 26119
15160 27160
10705 16008
6634 15268
31109 23203
6969 20753
7788 10402
13915 16018
11902 12020
16146 5032
6850 31695
9929 26603
6407 14362
21471 9479
21973 24969
835 12805
675 28682
26689 25548
5194 27232
32411 22247
17116 11789
5768 13036
28278 17641
13517 8216
12098 18649
14403 16679
15875 27142
681 5483
28440 29796
5366 11150
8658 26642
21661 25032
20437 23343
13839 30293
11201 11759
28801 31783
4882 17646
7920 2008
22341 15812
29283 10466
8765 20953
22897 786
31204 23419
16642 7226
10005 12589
21082 12839
954 19266
21075 11474
29745 26539
1513 218
4085 8206
16380 5682
15738 9752
31826 1815
17752 6675
11228 19270
8364 12219
5690 9067
1723 5453
29824 22748
32217 20706
10555 9607
29578 2043
14767 22570
8166 25949
27747 2242
14402 4383
12512 28997
13580 28417
13493 16019
12023 5887
18878 28074
5976 15398
422 2330
20432 30119
8875 23226
25900 7722
22945 26008
29065 15716
19770 15414
27068 12268
30340 1779
23025 330
25267 20167
21905 11345
16929 24627
7786 13744
26771 23160
18186 21699
8894 16136
21611 7855
1290 5434
8918 26541
6037 30273
4609 20134
891 5471
15483 9985
15945 6230
13497 10495
21536 20178
28338 4767
16863 12792
15181 22754
16407 17544
23354 29833
29723 10196
30349 2341
24517 20638
20 2846
32618 32056
25320 1786
1037 22250
11843 28124
32211 17044
13201 2891
2743 9364
19146 2101
23935 7146
12542 7988
12527 30874
13618 26127
31548 29010
10090 20612
30148 23629
15879 20549
19707 28535
25939 13888
3241 19410
11611 14627
7251 22552
18941 17696
24566 11938
22849 30958
20732 8840
25581 29712
9064 8202
19539 23129
19284 27695
8046 12464
30365 1963
31789 20189
14598 1295
9172 6041
507 4080
25650 31932
1055 2083
17925 9540
6339 14016
11983 24124
8218 25919
17406 29162
19359 3654
10350 32585
26545 4288
13104 26042
26752 6447
15917 6390
13635 5694
28999 13357
17835 16399
19448 24559
16939 12674
4105 25278
1007 26594
27432 744
2591 12166
23261 24608
27827 6999
22021 18209
10881 5516
26772 30644
28088 25391
30516 11544
2055 18969
28976 16948
4548 23277
6352 4158
24351 14766
24668 25973
22062 424
2865 27571
169 5718
23873 29210
12910 455
31728 18765
4188 17839
32357 8612
2417 28770
26549 10166
13945 7115
32050 4697
7813 28684
20100 23141
8089 14693
1019 8123
20389 5463
26403 24454
27062 31497
22937 24513
7022 8938
11806 29690
18098 4504
6122 2978
18945 9282
22483 11982
27336 29261
28372 12198
15082 7460
25307 9011
27041 3112
24210 9989
1416 7576
26894 109
28416 24419
2899 15340
18899 19002
28443 24810
12824 13034
23251 3499
14423 26089
12007 3968
26861 8494
18495 19258
25265 24646
27658 2532
16599 11941
8378 32178
23573 29754
6223 4916
9989 28742
10699 25295
22125 18488
22126 24823
16910 22389
941 29648
30585 6391
29955 3453
13217 21032
25770 16404
7544 32021
25297 8217
26683 28050
27462 5168
4563 21620
11230 4586
31834 769
2584 7391
16602 677
11261 15357
8024 21735
2122 22815
12305 28570
16849 16097
14851 18776
21021 10419
21167 2604
18261 6445
11038 13455
6498 27299
11810 23190
23124 21470
13161 17922
11191 20104
9463 29937
7007 29806
5608 13944
25855 2871
7123 16643
22636 22962
20561 19022
6967 8851
14892 22153
21354 13456
24755 10426
31170 12824
3438 12015
19667 21790
6859 24780
29085 24286
8050 20066
4733 10904
28532 2570
3257 9099
32740 20510
6288 6411
14998 23326
6356 16167
29564 20351
17310 13629
796 19255
20465 5136
21627 8657
12091 810
15756 11207
2336 14443
22076 13474
273 30543
2725 5218
31264 5492
7556 30752
19730 10326
12013 7666
9398 16477
6973 2063
29814 21787
18001 27444
15660 18126
9973 23622
5175 9887
312 8397
19297 10590
18735 914
29009 21005
28644 23658
29218 22220
20554 25228
4094 31153
19058 17113
7445 31162
16555 482
4102 28653
4976 30896
19781 8761
8796 27502
9144 12430
22620 26544
4204 4421
24576 30890
30215 26131
25336 13534
5718 6561
20759 32099
31844 16354
3927 219
17307 20645
6172 27301
23083 28774
28861 4692
17072 15210
6208 16223
6415 18187
21349 21785
24224 19792
31207 31460
20883 10494
5282 21388
30328 32552
8045 9105
27772 17705
18056 28454
16971 10320
17557 32438
30134 27133
25864 309
1521 10336
14811 15108
30443 9347
7899 7189
10635 14628
335 29211
31035 30465
9524 16698
25017 10550
961 7501
24725 1193
13717 22149
30471 28734
1622 18695
4984 22602
19025 27639
13380 22091
14176 22230
10175 214
17681 12559
3446 30672
22532 16332
31927 225
15509 1550
29779 18470
13499 11005
30626 6438
7472 6781
31944 9224
28115 5121
4151 8963
6474 7076
20853 29717
4075 374
11552 31480
27101 29459
30767 24402
31866 19323
20602 31532
24312 5405
26237 3493
8777 29237
5208 1511
16447 24408
26139 31323
1524 1101
30529 32105
1823 18810
22179 6765
5488 30894
7122 11969
6160 31760
27001 17615
1421 21192
26021 655
7103 28443
3121 21405
13504 28885
19722 14913
5000 29087
29570 19347
21406 20086
6646 25745
6619 9563
174 13679
17009 23372
19460 5934
12332 15988
28105 24432
8439 6303
15844 9867
11169 17904
19169 13276
9174 1497
1118 6552
27708 12102
8058 9303
20736 9785
11809 29729
27559 16501
2073 13938
21839 3568
11156 9855
31460 11313
21255 7104
407 26877
7481 25004
20364 30770
31643 15556
23255 16627
16594 12442
1541 14763
23667 28321
28025 8696
15827 6382
11148 14358
29880 18881
21707 21611
30146 27082
7035 23356
25329 26266
31799 18114
15719 11608
7643 6017
25711 15797
26785 7893
1471 26913
6282 22478
25338 4672
20224 16957
4217 151
26553 29711
4427 7308
5342 21722
29818 10125
1645 14262
22416 17551
8412 18254
29274 25786
1791 30775
4076 27746
31531 30080
6373 9274
23452 15242
4853 19140
15892 14748
23052 28357
28332 5172
21910 22129
13322 11569
13461 3024
11294 20136
15453 5170
1796 26638
24347 5989
4708 323
29380 2777
18431 24270
21579 6146
10887 15211
19223 16894
25780 15043
16564 3704
24212 8393
13772 15651
24174 30026
7787 27
4414 4846
10114 12813
14858 27108
1750 24241
28282 20162
15858 17275
28674 20414
27269 28270
8036 27168
30214 16181
18806 13303
26777 32368
12581 19979
25398 32588
31418 12820
1288 32598
23644 12585
16403 14481
14294 13947
24858 22981
411 8771
20160 22811
21735 20729
30184 8903
2419 30405
20285 5949
29426 3303
7998 20806
8953 19885
10396 5979
23149 31094
24841 9206
22319 20151
25851 23114
1529 1098
22701 13105
2953 15880
23143 30310
26882 12185
27136 5108
16271 24971
30537 12782
19618 16993
19803 16239
17052 13703
3427 16932
17486 7229
31260 27815
30976 10555
25317 1465
27507 22166
27497 26794
17003 29323
21549 6835
143 28576
6576 27177
12146 4967
1096 29399
23876 20133
12218 256
24754 12552
7986 28390
18979 20106
24429 28972
21159 32320
3782 22769
9775 7783
11350 7026
19794 7242
6922 20352
1263 32091
22110 7986
14612 32386
25703 471
10014 10519
21038 27426
8649 32445
5338 31884
29832 14283
784 24070
25347 11667
1180 16885
19426 14877
26009 29195
2991 32452
11957 26566
29844 11799
2552 9349
13314 27408
19593 25978
6011 25591
11007 23199
8904 21921
8662 31520
4355 16193
4132 24025
31246 547
19893 4546
6848 25605
28775 5094
3051 1793
3130 31057
23352 7085
17089 861
4715 23370
9348 2948
17385 29246
16804 24947
16503 11709
20319 23108
2019 31504
14492 22826
20637 28898
1644 1073
11112 287
22293 25685
4578 16707
9014 9353
1216 27258
19802 13051
14343 9478
20430 1946
20352 8930
31920 13270
16229 19877
1097 8102
9569 2984
13725 6096
11704 11583
4453 22721
27701 26218
18058 13469
3835 25166
4222 24355
12931 22952
8921 25626
3090 11413
19371 930
1192 8004
27925 1695
23866 11058
22947 7220
26113 29660
11546 29669
6500 1785
241 29710
15380 29340
2858 5442
8994 16062
32548 7022
10381 11241
28565 4482
8794 32044
19842 9803
11581 22645
31450 15087
2705 6908
7923 6619
24945 15285
19459 26422
29942 8859
30249 635
13125 8088
7865 21626
23417 18597
18901 16032
16350 818
29245 3961
30816 15560
28519 8307
6467 5869
467 229
16916 2632
31129 21071
6367 17669
11076 14820
1442 18555
9954 2885
16898 2572
25948 4240
4413 6989
24580 5017
13408 7527
18029 3191
28346 958
18047 6467
11920 27088
6858 8988
11794 95
21275 21614
8334 21970
2893 17524
16356 32217
1122 31740
20026 23632
21459 14187
24560 5990
7459 2560
470 29950
2490 18013
3997 10069
29425 20547
20108 19685
29290 15261
8308 10122
25318 23744
20196 27081
11761 20131
25084 20689
11815 27476
31786 22725
7443 27516
28982 1116
14430 1194
5309 15310
24114 6131
4310 22758
14587 16031
4086 14680
22639 3875
15889 19286
23500 11856
25858 18526
4448 201
10285 4694
12111 4282
9059 26330
2449 31687
28934 23765
26938 32067
23405 24654
26878 26787
15753 8325
31476 10290
22217 9279
31642 5126
5692 30814
30234 13618
8438 11444
32203 18749
6068 4889
16635 6611
24515 29883
14572 31931
29469 12726
6940 4105
31702 32485
28617 1685
16054 13815
29109 6315
6440 27589
6951 27908
5714 16610
1074 3573
24454 8308
30265 16103
3033 24899
22707 17927
4881 32016
23340 26565
21032 140
17764 31935
9017 28572
6833 14757
18787 11462
372 8921
19602 8477
31751 14493
22028 4765
13058 20859
12614 29107
7343 29668
20220 14526
29463 32384
5210 13370
21316 20819
19 2492
14577 23794
22910 29151
26526 20210
28592 14323
5028 1871
27524 18166
2915 11522
25058 704
31644 28881
23360 16765
21276 29291
29800 31072
2459 31668
31868 30358
19939 1630
24373 11641
16313 4728
32007 5608
32460 12794
30098 24403
24740 19556
30648 12525
32492 26249
16278 14003
29886 4584
12345 16586
9657 26485
29525 13414
31572 8093
16698 1002
3185 27524
25859 29265
20753 29585
9676 21784
7980 22456
19884 8504
2502 23607
24451 18675
18714 4078
12166 26803
4043 26678
1805 16047
32194 9536
13326 13729
17078 10366
18627 18701
25360 18897
9957 3218
4607 5839
24524 31353
5556 23985
26202 24941
19519 26142
32303 26335
13404 9898
11035 30864
29597 13529
25072 12405
2805 4858
14159 19538
8622 21791
3635 24303
22080 23403
21378 14760
11370 29496
21888 3775
30254 11273
5362 3575
19997 30912
12676 12126
1748 28946
30056 8298
13255 18231
17472 1863
12093 17894
28990 4208
16796 27264
16521 31357
19943 28556
6115 5179
10117 23395
8842 24834
30020 26412
27739 22339
17821 21003
14397 28001
14394 29846
5565 26818
24757 10377
31222 8997
18083 22714
24500 14902
9937 19791
13017 23903
22989 2094
2815 11746
936 17845
31070 25893
28144 30124
13644 17704
6157 30676
24034 25841
32704 14389
1243 7862
8493 31582
4858 14540
3049 9714
13120 5882
28218 29212
22211 28764
17302 17862
30671 29531
31034 13305
31045 24172
16655 23820
3798 13289
29258 22414
15031 6307
741 442
12120 16219
16173 211
18049 11206
5751 3737
9859 8966
20776 19054
18312 31144
31341 14430
27838 17021
10834 14520
28163 22046
18823 24849
9809 20330
21567 17746
13203 9171
25527 17675
13157 20056
12651 31385
23883 31281
5500 27348
15765 13221
4717 20313
30776 23649
23175 19300
13654 1682
22421 157
12992 20564
26765 26164
3770 4973
8819 5679
12286 15675
6267 1283
28419 25323
28526 22370
25726 26092
16462 19029
298 15523
3645 24970
21188 13153
21403 20463
6746 14738
27247 20096
6086 3895
21512 21852
11894 26262
9188 27423
18286 20015
4560 32364
5263 30451
30545 32201
6425 10929
15427 8624
7023 1745
30400 7394
25626 20292
16963 9983
28177 28091
4621 5460
27703 28951
712 30196
18470 8481
28523 24842
32299 31356
19805 29805
31377 9944
5085 11637
23587 17767
12961 5390
16364 6037
23485 29194
31297 26100
9415 30140
24834 12661
17209 5826
2844 1246
26646 3618
10578 31352
32465 10905
23614 18952
11154 28207
29441 25562
10767 676
22264 24753
3222 22058
22616 8446
21930 22337
20823 3439
9549 22453
30505 18105
6257 17276
32115 2874
10254 21379
3586 8157
32371 23982
26813 16447
14042 26138
16344 23056
15166 21925
9291 6075
13425 31152
5763 32329
16489 12579
25306 8834
27314 5437
14678 25611
22623 12734
1916 4578
31808 23335
29785 5952
29315 9858
17443 23957
15686 21956
11435 4652
5704 15623
31942 31238
892 32615
12015 16859
7754 8077
26242 17947
3032 18229
206 7335
3108 24003
3346 17743
29195 13226
32453 30526
9056 13704
30171 24877
10310 19966
26948 14807
18908 6590
23221 13485
1056 8677
30634 11978
20237 4236
19372 10281
775 26575
23830 23673
25051 9088
5090 25277
5719 23165
29403 13884
21980 19493
29307 2518
29406 32754
16352 19332
897 21316
9084 16443
7667 5216
16398 5908
12031 20152
15825 14251
7903 11373
13811 20420
14418 4370
29256 25653
1519 20915
21824 26880
6585 11797
32279 9407
29427 28480
32075 25413
30262 20283
11603 15234
11200 3607
910 14351
22574 28026
5771 17071
25005 3622
20813 16208
23376 28650
26684 19739
9325 32341
15347 8262
24116 23655
4040 10726
17461 27392
18024 29189
28195 20923
22517 24279
11058 23054
11491 1175
395 24688
23727 28823
15299 6396
46 13465
14979 1717
29186 17247
19628 21257
18900 13755
30559 32729
9704 15924
15127 898
31670 12975
13113 29864
3298 32144
21157 9339
20106 10786
11832 3119
4153 11134
25366 8398
8338 22575
10122 17938
14109 26311
21855 16133
5941 28393
10227 22932
5859 28434
25126 21045
12691 8838
2422 12922
15456 29834
23657 32230
12178 13268
2092 8447
10597 6720
24953 22180
3597 31940
9405 30625
26870 14246
379 26753
29520 10988
29931 6564
25547 23317
14312 19857
27551 2566
17417 6540
1232 23623
13325 21612
30128 24175
11685 26535
32477 29067
13999 24364
20393 2880
4225 31518
9434 8408
24442 28979
2925 10854
22980 4391
24508 16884
27861 1354
1934 6403
27218 14861
16853 16323
22425 9961
20850 12701
13881 11198
10516 8084
6137 25799
16219 985
13341 31436
28222 25060
17305 25002
794 7253
18096 22891
20486 29499
31291 16976
1543 19524
27274 12691
8277 19496
21846 29962
29148 2121
29694 12412
29700 14678
2257 3705
27107 30836
30854 2669
7699 18431
6353 775
5400 30910
7280 12508
29375 31166
17069 13652
26356 8070
3821 12566
1648 32382
24552 2474
6803 5308
22857 1400
1670 14524
8772 1512
9173 26414
7855 6496
31175 20442
19389 7359
15015 4759
31654 17371
834 22120
23706 28679
5351 21823
25090 583
32251 9409
5247 17419
30788 5485
18719 8820
14184 14292
15105 21247
7914 22053
7018 5867
24040 18980
14540 11756
14770 2464
25095 23151
7630 31131
12644 12711
24180 8702
16764 3295
13459 18828
10581 9487
15125 3605
973 3245
20836 19692
1837 31685
28571 27221
8780 30052
28884 12109
29874 10376
11691 30272
9910 40
22275 32208
18558 10150
5958 271
14823 3131
16474 32159
26650 29755
5584 9495
2400 7066
1886 32169
19255 28559
30210 9893
5177 10937
28786 20172
928 6704
2381 28095
3197 26553
7313 9108
29276 7489
20168 31674
26560 25807
16231 19597
1208 14618
13608 17104
27666 12944
11642 20987
25450 13882
23709 12400
13754 25219
10594 9090
26005 30711
14641 17877
17061 26863
20752 13342
29527 3185
19713 30506
18133 30802
8593 20258
25397 18077
7086 17421
9199 19001
21177 8086
220 13327
29630 32711
13726 5303
2628 29446
5812 9016
8879 21044
8986 5748
15600 28624
11363 24193
6739 4939
31310 2546
7599 10346
19609 4185
31711 32235
12058 9738
20598 22379
21515 32033
27311 22151
26790 6086
26275 32578
6130 4015
26303 12252
30439 372
687 7305
13774 14128
1636 11755
2658 1166
3399 23442
3260 25802
6895 31429
23773 22647
19444 6866
23979 2315
31650 8503
15644 30066
21136 27201
4541 7311
20859 26366
11339 8916
9242 2329
6486 32229
19514 30717
24641 4671
29590 654
12771 29183
7207 7640
7095 20213
19867 27579
22931 13333
608 24633
1527 19089
16437 9762
11330 3294
519 19903
22632 24748
14870 22119
19003 3355
16212 30285
28137 24876
10765 5276
15814 7797
25549 10694
29004 31770
28287 31256
9938 22008
24211 10711
4087 1505
16441 22163
9746 10272
6085 20762
3902 19861
17077 17305
3603 15711
24771 2676
6839 10007
23275 17219
4782 3907
3187 25035
18942 11235
32041 4396
14225 28486
13602 13659
20589 8403
26812 17892
12087 21128
26023 9285
29421 20509
25348 22814
8147 28758
29139 12669
3728 10704
27794 8952
3891 14832
21089 19009
15731 14361
23909 14331
27195 26914
22634 32716
15974 26375
30668 15796
31431 28894
31084 1437
30477 4333
28979 21539
14267 24744
16373 21566
32644 2369
25201 3988
3569 25180
22216 295
5397 25178
22734 11870
18391 7709
8106 2197
21771 10807
19067 23556
6999 24773
10425 24787
16023 12613
6843 10633
11391 8872
23420 21959
21634 15272
6046 23862
5875 17756
30127 1726
12139 7178
29612 24569
15811 572
18663 22081
10774 25181
26595 12079
26854 1884
6613 26314
18685 1185
12970 11936
28094 2002
8705 3615
32244 9562
20519 7090
2153 31409
18246 20781
31961 17885
32619 25170
5689 20323
9525 24568
31349 3169
11622 5416
20446 4733
22605 27651
5855 25604
21587 31070
28872 15770
18910 26903
10959 1325
24181 31317
9511 29476
2047 20074
10216 8738
14470 23186
10099 16305
29318 16073
25959 25158
8370 28870
20990 13802
19069 29313
7904 25008
25063 26106
28552 3589
27182 13699
22343 26313
25112 10644
90 10252
20950 17153
28760 16510
30587 3176
20324 13022
11797 2733
3228 30811
30311 13974
3201 14088
9102 1757
23222 15498
15077 24708
10501 4371
16291 24937
13973 16081
14618 17077
26671 28113
28140 29276
23621 16459
22700 1308
5696 31209
14946 25741
22900 15861
11904 2983
3341 3774
18974 15292
18902 12229
23971 12894
8945 32278
30778 28803
30520 26969
16746 10825
26404 5317
6536 24251
28579 19092
17203 26030
7972 13280
31187 5233
23655 25989
28117 21974
5935 12928
29915 16197
31195 7750
26800 11420
22733 19383
1449 7556
18320 27779
27793 22305
28913 29392
6388 24231
27809 14155
8468 3893
31381 32610
16636 16480
6412 24620
22099 5242
11938 32509
7016 8167
16027 12339
7886 75
3735 23385
7761 24376
1104 6116
28085 6340
28736 1341
17319 24890
19260 7542
11453 2292
16985 10113
4530 23828
6207 7484
32636 1796
8131 22771
11975 17940
7938 8097
27749 26796
13197 7543
8967 8099
15450 16192
14686 20158
14328 970
3845 20910
2896 3462
7617 31719
31396 13648
17968 15917
28748 32218
21215 24184
20644 23660
28318 16918
26992 3659
3695 17302
15965 3721
28398 25520
27016 31191
14550 27587
1067 25754
20167 5250
636 10311
1257 1746
15735 4049
19302 17303
10025 28981
28738 8543
21974 17870
3452 17051
17912 15913
20333 27659
13296 23694
934 2081
73 9658
28573 30592
12968 15979
607 19783
25537 29444
12115 21904
17676 13548
15236 12675
2548 29347
6579 23315
12296 25879
22447 18500
18157 2407
14211 31171
1466 98
12464 2855
5394 22801
7872 13277
12410 31605
30822 14854
28095 23938
256 14344
15909 31053
12354 6894
20239 28848
17007 5947
12526 30972
2321 26890
32167 12964
18913 30078
8925 15757
10947 31292
6577 22567
13050 22991
