90 9
91 8
91 9
91 10
90 10
91 10
91 10
90 11
91 11
91 11
90 11
90 11
90 12
91 9
90 12
90 10
90 12
90 12
90 12
90 12
90 13
91 11
90 12
90 12
90 13
90 14
90 13
91 11
90 13
91 12
90 13
90 14
91 12
91 10
90 13
90 13
91 12
91 13
90 13
91 12
91 12
91 12
91 12
90 11
91 10
91 9
91 13
90 12
90 12
90 14
91 11
90 13
91 13
91 14
91 12
91 13
91 13
91 14
90 14
91 14
91 11
91 12
91 12
91 13
90 14
91 10
91 13
91 14
90 14
91 9
90 15
91 14
91 13
90 14
91 14
90 13
90 14
91 13
91 15
91 15
91 15
90 15
91 16
90 12
91 12
90 13
91 13
91 15
91 13
91 16
90 16
91 13
91 12
90 12
91 14
91 16
90 13
91 13
91 13
90 14
1584
