2000
995 1874
1874 316
316 96
96 1431
1431 974
974 601
601 160
160 156
156 1024
1024 1082
1082 969
969 1085
1085 477
477 1462
1462 426
426 171
171 130
130 936
936 1404
1404 451
451 1913
1913 915
915 750
750 1890
1890 506
506 180
180 1692
1692 136
136 1899
1899 629
629 1980
1980 850
850 1150
1150 1801
1801 135
135 1159
1159 468
468 1444
1444 898
898 299
299 1827
1827 296
296 1152
1152 1895
1895 118
118 1741
1741 38
38 770
770 859
859 1448
1448 405
405 44
44 411
411 1681
1681 843
843 1374
1374 1712
1712 917
917 697
697 1559
1559 519
519 1255
1255 1880
1880 1693
1693 1868
1868 886
886 280
280 1417
1417 467
467 1696
1696 1454
1454 1781
1781 747
747 1737
1737 433
433 958
958 1622
1622 1467
1467 1963
1963 866
866 1044
1044 980
980 573
573 1905
1905 1755
1755 1713
1713 1821
1821 835
835 777
777 1667
1667 994
994 928
928 789
789 1167
1167 1364
1364 653
653 1169
1169 1805
1805 1339
1339 1034
1034 1854
1854 1661
1661 470
470 1499
1499 609
609 1964
1964 1927
1927 631
631 1469
1469 1095
1095 879
879 120
120 1624
1624 692
692 1513
1513 1842
1842 1397
1397 1554
1554 314
314 1599
1599 1961
1961 134
134 1017
1017 1569
1569 1607
1607 297
297 741
741 1470
1470 993
993 131
131 753
753 588
588 207
207 1645
1645 2000
2000 674
674 1949
1949 1826
1826 652
652 947
947 279
279 485
485 1710
1710 1407
1407 1704
1704 586
586 1010
1010 406
406 481
481 1762
1762 1047
1047 235
235 1420
1420 1239
1239 3
3 1948
1948 1529
1529 1302
1302 803
803 1503
1503 1553
1553 602
602 1110
1110 1459
1459 1604
1604 231
231 939
939 1225
1225 1577
1577 1886
1886 257
257 613
613 1721
1721 1542
1542 404
404 421
421 189
189 1866
1866 1967
1967 576
576 846
846 1077
1077 585
585 1562
1562 878
878 345
345 350
350 1626
1626 70
70 1707
1707 1576
1576 745
745 498
498 661
661 1902
1902 796
796 1041
1041 379
379 151
151 1620
1620 872
872 278
278 1412
1412 1908
1908 129
129 608
608 264
264 700
700 1236
1236 1345
1345 806
806 1303
1303 1885
1885 1266
1266 32
32 1359
1359 430
430 664
664 681
681 1383
1383 1701
1701 1396
1396 194
194 1319
1319 1253
1253 1783
1783 1593
1593 848
848 1423
1423 472
472 174
174 592
592 1861
1861 1571
1571 854
854 644
644 1811
1811 1147
1147 1177
1177 708
708 1892
1892 910
910 1171
1171 270
270 1909
1909 17
17 1853
1853 1782
1782 337
337 98
98 227
227 847
847 1505
1505 457
457 332
332 731
731 495
495 1867
1867 1346
1346 1376
1376 1286
1286 378
378 1628
1628 1248
1248 1156
1156 274
274 1517
1517 1646
1646 1146
1146 1395
1395 775
775 1804
1804 1568
1568 514
514 1912
1912 1224
1224 520
520 1598
1598 1711
1711 1788
1788 173
173 944
944 141
141 790
790 1243
1243 1793
1793 343
343 336
336 793
793 1525
1525 1555
1555 1284
1284 1725
1725 801
801 1108
1108 1818
1818 1072
1072 1935
1935 1700
1700 292
292 739
739 817
817 1262
1262 1551
1551 454
454 101
101 1158
1158 1049
1049 1848
1848 1795
1795 217
217 110
110 1021
1021 267
267 1833
1833 108
108 1806
1806 362
362 1808
1808 1268
1268 932
932 72
72 484
484 496
496 1652
1652 1719
1719 177
177 1273
1273 387
387 1601
1601 1843
1843 1863
1863 216
216 1979
1979 1884
1884 1133
1133 763
763 659
659 19
19 1683
1683 1495
1495 1242
1242 1888
1888 546
546 1977
1977 1006
1006 1151
1151 1770
1770 310
310 637
637 473
473 1694
1694 1605
1605 275
275 300
300 240
240 1911
1911 1740
1740 589
589 1643
1643 1323
1323 852
852 553
553 166
166 1974
1974 912
912 497
497 1958
1958 1438
1438 1372
1372 395
395 1190
1190 1215
1215 238
238 648
648 1134
1134 1703
1703 20
20 330
330 507
507 1573
1573 1777
1777 1074
1074 489
489 1299
1299 1975
1975 76
76 1763
1763 787
787 1881
1881 530
530 1962
1962 934
934 1465
1465 1574
1574 563
563 159
159 1921
1921 9
9 1148
1148 1219
1219 1631
1631 772
772 1035
1035 1897
1897 678
678 210
210 1136
1136 1670
1670 1515
1515 125
125 1587
1587 1060
1060 1749
1749 1328
1328 1059
1059 746
746 393
393 59
59 1841
1841 448
448 1122
1122 813
813 381
381 455
455 1244
1244 733
733 351
351 963
963 1206
1206 1864
1864 647
647 1464
1464 559
559 1173
1173 386
386 1699
1699 1564
1564 1125
1125 1292
1292 1772
1772 1483
1483 571
571 1889
1889 327
327 730
730 1411
1411 1305
1305 1099
1099 805
805 1264
1264 452
452 1104
1104 1877
1877 318
318 1714
1714 717
717 323
323 365
365 43
43 138
138 1453
1453 368
368 1447
1447 1063
1063 1957
1957 809
809 493
493 635
635 1614
1614 1814
1814 305
305 353
353 1482
1482 1478
1478 366
366 707
707 1733
1733 1860
1860 694
694 1894
1894 786
786 91
91 221
221 1634
1634 86
86 1760
1760 1830
1830 167
167 329
329 562
562 755
755 1887
1887 876
876 244
244 578
578 1744
1744 566
566 945
945 1893
1893 64
64 416
416 33
33 759
759 1360
1360 1716
1716 1954
1954 423
423 1536
1536 1117
1117 1919
1919 1443
1443 1370
1370 1537
1537 81
81 1548
1548 374
374 415
415 1869
1869 968
968 1903
1903 408
408 1398
1398 1358
1358 184
184 1068
1068 273
273 1976
1976 930
930 185
185 1759
1759 1174
1174 475
475 253
253 172
172 1644
1644 1189
1189 689
689 1530
1530 1473
1473 340
340 1430
1430 1617
1617 822
822 938
938 54
54 987
987 1528
1528 150
150 1362
1362 1613
1613 954
954 605
605 683
683 937
937 1038
1038 990
990 1416
1416 1610
1610 671
671 1648
1648 1366
1366 1221
1221 1822
1822 837
837 800
800 304
304 946
946 1855
1855 1686
1686 1508
1508 537
537 1698
1698 258
258 165
165 1208
1208 420
420 706
706 594
594 1091
1091 972
972 1142
1142 1028
1028 918
918 1361
1361 178
178 663
663 687
687 1871
1871 1767
1767 152
152 62
62 1928
1928 518
518 1334
1334 389
389 243
243 869
869 1914
1914 1027
1027 1502
1502 1756
1756 372
372 282
282 1098
1098 1040
1040 1999
1999 102
102 1279
1279 1355
1355 262
262 391
391 830
830 436
436 201
201 541
541 193
193 867
867 407
407 513
513 277
277 525
525 315
315 1294
1294 1067
1067 163
163 182
182 1632
1632 1480
1480 1113
1113 453
453 715
715 1474
1474 1181
1181 1238
1238 443
443 301
301 1007
1007 29
29 1442
1442 970
970 103
103 1960
1960 625
625 660
660 1042
1042 1720
1720 1477
1477 1280
1280 699
699 1543
1543 1669
1669 1380
1380 1062
1062 1983
1983 1924
1924 1354
1354 90
90 1227
1227 1655
1655 4
4 355
355 334
334 1602
1602 449
449 1753
1753 1945
1945 1802
1802 551
551 12
12 981
981 1111
1111 1207
1207 799
799 1237
1237 1739
1739 1408
1408 154
154 234
234 1838
1838 1314
1314 984
984 561
561 87
87 640
640 169
169 1846
1846 1403
1403 213
213 250
250 1418
1418 1917
1917 94
94 326
326 488
488 1901
1901 880
880 1953
1953 1118
1118 765
765 499
499 487
487 1287
1287 1566
1566 1825
1825 1101
1101 478
478 1671
1671 490
490 58
58 821
821 1192
1192 685
685 783
783 1
1 842
842 604
604 543
543 960
960 1621
1621 410
410 93
93 1140
1140 688
688 927
927 1186
1186 903
903 591
591 1519
1519 205
205 1178
1178 1978
1978 1379
1379 1580
1580 338
338 1018
1018 268
268 104
104 289
289 607
607 1798
1798 802
802 992
992 53
53 1524
1524 696
696 656
656 313
313 705
705 60
60 1623
1623 1157
1157 666
666 953
953 15
15 711
711 1103
1103 1031
1031 308
308 435
435 42
42 25
25 1786
1786 1387
1387 479
479 1994
1994 1368
1368 1731
1731 1997
1997 684
684 862
862 145
145 1288
1288 1086
1086 428
428 1131
1131 1466
1466 804
804 1797
1797 1585
1585 712
712 1405
1405 808
808 1735
1735 1245
1245 364
364 838
838 146
146 951
951 1507
1507 642
642 1182
1182 1584
1584 214
214 904
904 225
225 1896
1896 757
757 807
807 157
157 1188
1188 1114
1114 1955
1955 199
199 112
112 1633
1633 1276
1276 1588
1588 1452
1452 50
50 1386
1386 988
988 1654
1654 1138
1138 1520
1520 352
352 961
961 779
779 744
744 284
284 1229
1229 137
137 782
782 884
884 831
831 597
597 532
532 370
370 444
444 82
82 30
30 1371
1371 1852
1852 1476
1476 1322
1322 510
510 614
614 1048
1048 1295
1295 1451
1451 1663
1663 785
785 736
736 88
88 883
883 281
281 117
117 979
979 1722
1722 861
861 320
320 572
572 1025
1025 246
246 344
344 1682
1682 760
760 1752
1752 1803
1803 1135
1135 686
686 1675
1675 1259
1259 771
771 1736
1736 49
49 1315
1315 1300
1300 442
442 623
623 1787
1787 1857
1857 632
632 1311
1311 1316
1316 991
991 1550
1550 1400
1400 438
438 127
127 256
256 1668
1668 1064
1064 1212
1212 1728
1728 1306
1306 1058
1058 641
641 187
187 245
245 1381
1381 1540
1540 464
464 885
885 218
218 1831
1831 1708
1708 357
357 149
149 616
616 47
47 907
907 1998
1998 324
324 1993
1993 549
549 1000
1000 978
978 1197
1197 1592
1592 1012
1012 1639
1639 1179
1179 1218
1218 1642
1642 1819
1819 186
186 1907
1907 1401
1401 325
325 1944
1944 913
913 1331
1331 358
358 65
65 1583
1583 727
727 1180
1180 877
877 1727
1727 1127
1127 1906
1906 1565
1565 1139
1139 662
662 409
409 1879
1879 1336
1336 1546
1546 1137
1137 226
226 1835
1835 371
371 1776
1776 580
580 582
582 914
914 603
603 1898
1898 1318
1318 1873
1873 360
360 209
209 1460
1460 645
645 1904
1904 1766
1766 382
382 1606
1606 1070
1070 924
924 1629
1629 1689
1689 203
203 1789
1789 1557
1557 195
195 45
45 841
841 679
679 242
242 1330
1330 1872
1872 1809
1809 1298
1298 989
989 1523
1523 293
293 67
67 1984
1984 220
220 71
71 1832
1832 1567
1567 1112
1112 447
447 1341
1341 190
190 788
788 251
251 1356
1356 628
628 611
611 1969
1969 1724
1724 1414
1414 1333
1333 1856
1856 1226
1226 1213
1213 893
893 1943
1943 888
888 1172
1172 1409
1409 390
390 1247
1247 778
778 639
639 1254
1254 957
957 1900
1900 1673
1673 1338
1338 1434
1434 1203
1203 574
574 37
37 676
676 306
306 1715
1715 1839
1839 1746
1746 1697
1697 1769
1769 1794
1794 401
401 728
728 1539
1539 1987
1987 1263
1263 1069
1069 8
8 1472
1472 176
176 502
502 558
558 815
815 948
948 179
179 128
128 929
929 1750
1750 922
922 1249
1249 1506
1506 769
769 1326
1326 1915
1915 1204
1204 1283
1283 911
911 1036
1036 967
967 1130
1130 419
419 643
643 1307
1307 740
740 1351
1351 1816
1816 1952
1952 1205
1205 1324
1324 418
418 384
384 1250
1250 1878
1878 1337
1337 24
24 531
531 1119
1119 1986
1986 1450
1450 1350
1350 1349
1349 845
845 1775
1775 1650
1650 1165
1165 973
973 677
677 723
723 1176
1176 1591
1591 1421
1421 26
26 534
534 986
986 901
901 1009
1009 565
565 109
109 458
458 111
111 1768
1768 749
749 864
864 1862
1862 1560
1560 1399
1399 1143
1143 1488
1488 414
414 1836
1836 286
286 1729
1729 1926
1926 1799
1799 7
7 1432
1432 1541
1541 322
322 606
606 202
202 99
99 1080
1080 1688
1688 1384
1384 650
650 583
583 743
743 1578
1578 895
895 1426
1426 950
950 1637
1637 1100
1100 1971
1971 11
11 1293
1293 943
943 84
84 1126
1126 1011
1011 1039
1039 620
620 721
721 962
962 1088
1088 1920
1920 1590
1590 319
319 626
626 1252
1252 1813
1813 106
106 680
680 232
232 949
949 916
916 272
272 369
369 183
183 383
383 1533
1533 1773
1773 294
294 1678
1678 1278
1278 23
23 1185
1185 1425
1425 1677
1677 317
317 1933
1933 1260
1260 1327
1327 100
100 359
359 140
140 143
143 1363
1363 1269
1269 1214
1214 1196
1196 964
964 1649
1649 894
894 373
373 719
719 791
791 427
427 1235
1235 1005
1005 752
752 1391
1391 1329
1329 1261
1261 1309
1309 545
545 263
263 1718
1718 522
522 1575
1575 1934
1934 1579
1579 1815
1815 669
669 1083
1083 634
634 797
797 1271
1271 1612
1612 596
596 1335
1335 794
794 819
819 394
394 298
298 812
812 1163
1163 1166
1166 1115
1115 1270
1270 764
764 1600
1600 311
311 1510
1510 204
204 557
557 248
248 1089
1089 554
554 1618
1618 857
857 1297
1297 445
445 321
321 422
422 636
636 471
471 1415
1415 1989
1989 1596
1596 1153
1153 1481
1481 1240
1240 784
784 16
16 533
533 1992
1992 1946
1946 295
295 83
83 1256
1256 1471
1471 1779
1779 581
581 1875
1875 399
399 290
290 1647
1647 1844
1844 587
587 1394
1394 247
247 1076
1076 271
271 1665
1665 486
486 1851
1851 1052
1052 1738
1738 618
618 1695
1695 1484
1484 966
966 1390
1390 1289
1289 1195
1195 1981
1981 114
114 1570
1570 1751
1751 1730
1730 1690
1690 524
524 1706
1706 1509
1509 881
881 982
982 1490
1490 714
714 1531
1531 434
434 820
820 211
211 1046
1046 158
158 839
839 792
792 1275
1275 92
92 600
600 1037
1037 1680
1680 224
224 1410
1410 1296
1296 197
197 1817
1817 1220
1220 975
975 1347
1347 1144
1144 192
192 511
511 675
675 1758
1758 170
170 1092
1092 1285
1285 931
931 1561
1561 41
41 976
976 1526
1526 68
68 1563
1563 542
542 1754
1754 417
417 1990
1990 754
754 811
811 544
544 1547
1547 1616
1616 1765
1765 500
500 57
57 1267
1267 891
891 1840
1840 1532
1532 774
774 161
161 437
437 1233
1233 882
882 462
462 1684
1684 1485
1485 905
905 665
665 527
527 871
871 1923
1923 1090
1090 742
742 328
328 147
147 1128
1128 1922
1922 1353
1353 1800
1800 1446
1446 1123
1123 1486
1486 1209
1209 198
198 851
851 255
255 622
622 873
873 1084
1084 1640
1640 1823
1823 1479
1479 237
237 552
552 816
816 1891
1891 63
63 836
836 1312
1312 1638
1638 1081
1081 1630
1630 1876
1876 1357
1357 1429
1429 621
621 1545
1545 440
440 1514
1514 766
766 1016
1016 1938
1938 1594
1594 1522
1522 175
175 1413
1413 860
860 1102
1102 1075
1075 1124
1124 385
385 909
909 906
906 1951
1951 363
363 1653
1653 1865
1865 1257
1257 164
164 1916
1916 1282
1282 795
795 1258
1258 1079
1079 1348
1348 1061
1061 283
283 853
853 952
952 1705
1705 1595
1595 896
896 1461
1461 508
508 28
28 459
459 1521
1521 940
940 1664
1664 1796
1796 36
36 693
693 1053
1053 450
450 1003
1003 155
155 1662
1662 1582
1582 781
781 501
501 153
153 115
115 1056
1056 287
287 1281
1281 1500
1500 899
899 1145
1145 977
977 1440
1440 823
823 469
469 1435
1435 1043
1043 392
392 1251
1251 1676
1676 48
48 1635
1635 1210
1210 1437
1437 1094
1094 1882
1882 1019
1019 1201
1201 1445
1445 1790
1790 1930
1930 1791
1791 6
6 252
252 208
208 1498
1498 229
229 1388
1388 1367
1367 1982
1982 1149
1149 1702
1702 429
429 1301
1301 1627
1627 1932
1932 515
515 1066
1066 142
142 1859
1859 725
725 1222
1222 734
734 241
241 1132
1132 1657
1657 1013
1013 1456
1456 1369
1369 1402
1402 1023
1023 1666
1666 738
738 1231
1231 331
331 215
215 780
780 732
732 926
926 550
550 690
690 1850
1850 260
260 34
34 1184
1184 923
923 1320
1320 762
762 1183
1183 615
615 1109
1109 10
10 1534
1534 461
461 655
655 121
121 1748
1748 942
942 716
716 720
720 1106
1106 388
388 579
579 1168
1168 1340
1340 116
116 1589
1589 1597
1597 1116
1116 126
126 188
188 610
610 672
672 1883
1883 868
868 212
212 69
69 239
239 570
570 230
230 1959
1959 1538
1538 1679
1679 1161
1161 758
758 335
335 398
398 941
941 1611
1611 856
856 1194
1194 612
612 46
46 302
302 897
897 1636
1636 222
222 1200
1200 870
870 516
516 1586
1586 826
826 955
955 1065
1065 668
668 1373
1373 768
768 1468
1468 2
2 1761
1761 1120
1120 1732
1732 810
810 122
122 646
646 902
902 347
347 424
424 309
309 288
288 703
703 476
476 865
865 667
667 1455
1455 1658
1658 446
446 1558
1558 829
829 818
818 1449
1449 31
31 1556
1556 855
855 1022
1022 460
460 144
144 919
919 1211
1211 1107
1107 540
540 971
971 654
654 965
965 1659
1659 312
312 402
402 1572
1572 767
767 466
466 1378
1378 356
356 396
396 1097
1097 1709
1709 889
889 27
27 80
80 691
691 1032
1032 1494
1494 1164
1164 1812
1812 339
339 1527
1527 1170
1170 432
432 512
512 1424
1424 333
333 1487
1487 1436
1436 456
456 658
658 875
875 1216
1216 1054
1054 523
523 119
119 1820
1820 61
61 1608
1608 1742
1742 349
349 206
206 1463
1463 1603
1603 1849
1849 1202
1202 761
761 474
474 1439
1439 1313
1313 346
346 492
492 773
773 908
908 834
834 1393
1393 1996
1996 560
560 261
261 1691
1691 1991
1991 593
593 1187
1187 701
701 1845
1845 265
265 1234
1234 555
555 1810
1810 702
702 920
920 95
95 66
66 709
709 1918
1918 1217
1217 713
713 828
828 1419
1419 1033
1033 649
649 1910
1910 342
342 535
535 1427
1427 1325
1325 682
682 1734
1734 1828
1828 397
397 633
633 39
39 133
133 132
132 79
79 729
729 439
439 40
40 51
51 564
564 1931
1931 627
627 354
354 1155
1155 1968
1968 1641
1641 959
959 651
651 1230
1230 1747
1747 1198
1198 1377
1377 480
480 569
569 509
509 1087
1087 341
341 1045
1045 1774
1774 1457
1457 567
567 75
75 465
465 303
303 1609
1609 1232
1232 921
921 1375
1375 367
367 1389
1389 584
584 1501
1501 162
162 1785
1785 1422
1422 1308
1308 1096
1096 598
598 724
724 1352
1352 1141
1141 1392
1392 236
236 107
107 710
710 737
737 228
228 1051
1051 1518
1518 1175
1175 124
124 400
400 1939
1939 73
73 832
832 1625
1625 1014
1014 1496
1496 1343
1343 5
5 798
798 547
547 617
617 1489
1489 1512
1512 695
695 1651
1651 1026
1026 1858
1858 1552
1552 413
413 123
123 463
463 718
718 722
722 735
735 113
113 1685
1685 1228
1228 504
504 1093
1093 575
575 196
196 624
624 1535
1535 1929
1929 168
168 568
568 1277
1277 307
307 619
619 726
726 361
361 249
249 377
377 673
673 269
269 1619
1619 887
887 1834
1834 1008
1008 1002
1002 1441
1441 375
375 219
219 403
403 776
776 1071
1071 1970
1970 577
577 997
997 1771
1771 748
748 1385
1385 1317
1317 505
505 348
348 517
517 657
657 704
704 1965
1965 1433
1433 14
14 1365
1365 148
148 259
259 254
254 1223
1223 1291
1291 1121
1121 1241
1241 1956
1956 956
956 590
590 78
78 863
863 1310
1310 1004
1004 431
431 751
751 380
380 1015
1015 1778
1778 97
97 874
874 1847
1847 814
814 1985
1985 1199
1199 933
933 491
491 1055
1055 1581
1581 1030
1030 1304
1304 890
890 1966
1966 698
698 1342
1342 548
548 1941
1941 528
528 858
858 13
13 1511
1511 233
233 1870
1870 52
52 1029
1029 529
529 181
181 1784
1784 1940
1940 1475
1475 824
824 1672
1672 1780
1780 840
840 1656
1656 1717
1717 1073
1073 1972
1972 1001
1001 1937
1937 599
599 1458
1458 526
526 983
983 1497
1497 1723
1723 935
935 1824
1824 1078
1078 1491
1491 833
833 1549
1549 1764
1764 1332
1332 482
482 556
556 441
441 1792
1792 1745
1745 1660
1660 1154
1154 849
849 1272
1272 89
89 200
200 1615
1615 1995
1995 1382
1382 85
85 483
483 825
825 1837
1837 1493
1493 1492
1492 56
56 827
827 494
494 1757
1757 1936
1936 998
998 1988
1988 1129
1129 1687
1687 21
21 844
844 425
425 1807
1807 266
266 18
18 1950
1950 756
756 1105
1105 412
412 1973
1973 1321
1321 925
925 1160
1160 1050
1050 223
223 1162
1162 670
670 1544
1544 74
74 1942
1942 536
536 892
892 1726
1726 291
291 638
638 22
22 77
77 1674
1674 630
630 1246
1246 1290
1290 1020
1020 276
276 1829
1829 1504
1504 191
191 1265
1265 999
999 1344
1344 1406
1406 1743
1743 35
35 55
55 285
285 1193
1193 105
105 1057
1057 1274
1274 1191
1191 539
539 1516
1516 1428
1428 996
996 1925
1925 985
985 538
538 503
503 376
376 139
139 521
521 900
900 1947
1947 595
2000
0 940 1241
0 1987 1730
1 178 1542
0 1295 196
0 492 391
0 266 206
0 925 1179
1 383 79
1 1751 1318
1 763 159
0 723 415
1 1504 646
0 573 242
0 1189 467
1 373 1567
1 99 838
0 304 1080
0 1002 326
0 901 1655
1 858 1532
0 1712 1926
1 571 342
1 1810 1813
0 1045 1877
0 943 1992
1 1736 1631
0 558 70
0 294 78
1 989 91
1 1140 1839
1 507 294
1 1004 1876
0 1020 348
1 622 1155
1 1625 1604
0 138 1492
1 1101 681
1 552 1415
0 280 683
0 1617 1803
1 736 509
1 83 728
0 107 1961
1 881 1894
1 1751 1240
1 624 1508
0 1794 1786
0 1234 1234
1 834 1204
1 1863 1863
0 254 1981
0 1472 925
0 1955 144
0 403 239
0 477 477
0 914 1570
1 602 1223
1 11 1593
0 697 1336
1 561 1135
1 41 137
1 329 945
1 1274 1690
1 1358 1585
1 1409 960
0 894 325
1 1541 1762
1 651 1829
1 114 1259
1 1003 945
0 1289 1499
0 440 40
0 398 870
0 112 1986
1 1363 1363
1 1014 1992
0 1893 382
1 6 6
0 372 1271
1 1511 912
0 25 1776
0 426 954
1 620 307
0 779 590
1 1338 746
0 1616 346
0 1205 1205
1 1779 159
1 568 568
1 1827 52
0 1161 1594
1 1073 273
0 490 1656
1 163 164
1 1359 639
0 1221 655
1 1578 1733
0 1395 87
1 246 1825
1 880 439
1 1468 782
0 50 876
1 668 668
0 900 22
1 1441 1055
0 1747 1549
1 1307 1662
1 417 170
1 169 325
0 1285 41
1 427 292
0 648 1566
1 222 222
0 1817 909
1 1552 907
1 59 1760
1 1031 854
1 338 1045
0 1807 1807
1 154 1342
1 1450 1450
1 1312 1855
0 1038 1886
0 1110 723
0 576 1304
1 307 1111
1 1848 1109
1 318 318
1 1465 1323
0 557 523
0 60 1297
0 571 1786
1 635 1906
1 1288 1288
1 9 1694
0 213 213
0 1336 1721
1 1114 1497
0 530 1899
1 832 125
0 49 958
0 1534 1230
1 1047 1123
1 1678 429
0 429 429
1 1166 114
0 136 819
0 288 132
1 505 659
0 697 882
0 1000 1786
0 349 349
1 1642 1757
1 1361 620
0 1879 483
0 1184 183
1 235 1736
1 887 1868
0 294 1676
0 1217 1805
1 541 1618
0 508 1248
1 1302 450
1 1566 1566
0 784 519
0 145 1029
0 1897 386
1 1243 1077
1 1253 1525
1 1110 1446
0 808 808
1 309 321
1 1471 1703
1 669 883
0 1783 802
1 346 1198
1 908 1052
1 1368 1879
0 694 1549
1 745 1704
1 1696 1280
1 1125 239
1 1546 182
1 1942 878
0 410 145
1 104 889
0 1542 425
1 1039 1116
1 171 74
1 801 514
1 1844 1844
0 375 46
0 741 42
1 1376 1574
0 1062 324
0 1614 1011
0 1385 46
0 983 179
1 1949 246
0 1382 1847
0 1431 353
0 631 709
1 1359 966
0 1823 1990
0 1137 450
1 817 617
0 493 835
1 698 1103
1 749 749
0 550 285
0 1544 136
1 712 1406
0 1308 1375
1 1662 1662
0 1953 498
0 159 159
0 1022 1270
0 436 280
1 810 1216
1 723 753
0 320 509
1 175 665
0 178 653
1 322 1040
0 3 483
0 1289 349
0 1659 1191
0 760 585
0 375 1141
1 353 353
0 791 1547
1 1206 1449
0 270 862
0 1806 132
0 1605 1110
1 653 1596
1 1753 1853
0 874 1744
1 1496 1028
1 1711 609
1 376 174
0 1610 949
0 1008 1619
1 1164 1700
0 44 1599
0 861 1533
1 542 544
0 1910 658
1 1415 1019
1 485 872
0 1538 664
0 1212 1560
0 1386 929
1 371 864
1 1487 1607
1 338 483
1 1798 366
1 1143 421
0 645 92
1 1414 752
0 459 925
0 884 865
0 1205 1329
1 1884 1884
0 10 477
0 761 1796
1 1089 1046
0 1313 836
0 21 570
0 968 1881
1 1576 1655
1 1897 181
1 317 1217
0 674 1949
1 172 1504
1 1381 588
0 1842 1375
1 1166 1166
1 863 591
1 1973 838
1 1526 818
0 379 1512
1 48 273
0 1787 1232
1 73 1222
1 1819 1497
0 1570 514
0 166 839
1 61 809
1 1870 1870
0 1876 1297
1 89 1208
1 822 822
1 969 1330
1 281 633
1 1653 848
0 1819 316
0 1161 549
1 280 280
1 313 940
1 1111 487
1 1995 338
0 1357 218
1 1304 1513
0 1079 532
0 640 1366
1 1358 830
0 643 996
0 173 1825
0 408 1407
1 773 143
1 394 394
0 1593 554
1 1781 1050
0 1891 1083
0 190 1000
1 1085 812
1 648 643
1 745 878
0 320 1339
0 1498 1237
1 1490 775
1 904 311
1 1298 1953
1 720 1488
1 852 1060
1 961 961
1 68 1573
1 1937 1036
1 1599 1239
0 1046 1850
0 1399 1605
0 1030 1030
1 83 732
1 391 1759
0 909 1838
1 598 1545
1 402 49
0 884 1868
0 1926 925
1 205 372
0 1565 1106
1 1824 1008
0 355 1328
1 883 883
0 821 796
1 922 1366
0 470 562
0 358 1587
1 219 1614
0 1739 1739
1 79 1681
0 44 1538
1 239 1522
0 49 942
1 783 1914
1 1580 1580
0 1892 1671
1 463 1354
0 680 1755
0 764 62
1 505 714
0 1696 29
1 1850 63
1 409 1317
0 1360 1143
0 997 1316
1 1222 1620
0 1114 1375
1 1322 844
1 1072 1660
0 510 1304
1 1409 904
0 327 1573
0 1104 689
1 930 566
0 1807 461
0 858 368
0 695 1393
1 1603 1149
0 596 203
1 1426 25
1 423 1369
1 418 328
1 368 368
1 1745 1886
1 1167 1462
0 593 325
1 730 216
0 984 1243
1 210 85
1 1858 1858
1 540 1280
0 1240 286
1 863 1858
0 1409 778
0 1721 1541
0 1490 1652
0 265 395
0 292 1324
1 1027 1445
0 294 1832
0 240 1709
0 906 1363
1 491 76
0 1194 1194
1 165 228
0 1621 1342
0 129 1176
0 1556 1845
1 1529 206
1 869 1224
1 503 1316
1 726 726
0 1565 40
0 619 512
0 814 1151
1 1369 1019
1 1810 1375
0 473 417
0 534 1589
0 1026 1856
0 1433 1424
0 383 1114
0 433 1347
0 803 803
1 404 1607
1 126 1446
1 207 1591
1 1833 1105
1 1746 34
1 1095 1412
0 578 1645
0 216 1862
0 1822 1822
1 396 336
1 546 546
1 251 511
0 863 1128
0 174 118
1 153 451
0 1811 1306
1 1280 76
0 12 1253
1 15 814
1 1104 1028
0 616 792
0 1961 1929
1 1007 1007
0 5 1465
1 298 489
1 165 1118
0 119 1587
0 1377 1590
0 1686 412
0 1730 1219
1 1914 920
1 246 1113
0 782 782
0 975 1300
0 265 1353
1 351 351
1 1296 1275
0 349 349
0 933 1397
1 1012 1012
1 1872 1505
0 1955 1149
0 30 969
1 1668 1142
0 750 1965
1 1867 1360
1 885 1408
0 982 369
1 731 1275
0 312 931
0 604 889
1 546 546
0 361 1129
0 188 1810
1 468 1360
1 1782 840
1 951 308
0 1718 428
1 957 98
1 1700 829
1 1287 1321
0 90 1405
1 921 653
1 308 65
0 1579 1189
1 1238 1570
1 601 1485
0 742 1470
0 467 1620
1 1485 600
0 797 1823
0 186 131
1 207 1028
1 863 1803
1 1894 2000
1 738 1933
1 146 706
1 1214 298
0 727 238
0 1967 344
1 1740 75
1 281 257
0 206 1893
1 1474 1362
0 654 859
0 1811 1853
0 351 98
0 1596 455
0 1625 1873
1 109 1275
0 217 547
1 125 117
0 1326 1192
0 1975 1368
1 157 435
0 247 969
1 1390 333
0 658 1185
0 685 1409
0 332 1310
0 1578 111
0 1327 627
0 1642 346
1 1259 1300
0 340 201
1 864 1227
0 916 1529
1 198 198
0 139 1929
0 1862 1862
0 1149 829
1 893 81
1 1858 1516
1 1663 161
1 757 1250
1 466 1555
0 1048 254
1 1344 57
0 1566 1877
0 343 696
1 1872 222
1 1384 1659
1 1369 820
1 1547 1070
1 1354 1527
1 1897 1108
1 923 923
0 960 1442
1 86 23
1 514 1377
1 1223 1015
1 183 1952
1 1719 1018
0 486 895
1 1404 1621
1 1328 597
1 589 527
0 6 187
0 567 211
0 654 1551
1 1137 1137
1 1377 50
1 856 1069
0 1424 427
1 172 638
0 1739 642
1 1729 384
1 168 1973
0 632 818
1 1298 582
1 51 121
0 1383 106
0 12 92
0 1276 1276
1 1118 1574
1 1325 1768
1 1226 599
0 368 785
0 1364 3
0 1564 1564
0 1524 1761
0 552 610
0 1381 189
1 1958 1474
1 1209 1383
0 636 636
0 19 306
0 523 407
0 508 277
1 33 845
1 15 701
1 523 1306
1 1964 1370
0 1219 560
0 1785 1613
1 920 1461
1 1004 177
0 627 627
0 1826 1647
1 1474 695
0 1724 1591
0 185 195
1 1741 1950
0 380 301
0 365 1291
1 798 1358
0 632 1465
0 1125 1059
0 1264 984
1 1900 1167
1 1975 1868
0 751 1415
0 22 1820
1 51 116
1 633 357
0 1019 1493
0 368 1476
0 196 1547
1 959 1519
0 1738 1275
0 1951 493
0 688 1199
0 889 889
0 93 1077
1 436 131
0 761 1854
1 1406 1887
0 276 801
1 673 709
1 1248 118
0 216 1999
1 1339 1339
0 1413 1613
0 516 1826
0 1339 788
1 1462 129
0 19 859
0 728 1601
1 152 381
0 306 1023
0 1018 651
1 1005 1182
0 1631 1639
1 87 611
1 1901 1241
0 1522 824
0 913 1405
0 261 89
0 284 803
0 538 90
0 161 1454
1 335 47
1 472 214
0 1253 947
1 966 966
0 260 946
1 1554 1230
1 1749 398
1 889 1010
1 1622 989
0 267 969
1 1706 42
1 371 1792
0 182 1216
0 1252 1156
1 1474 1474
1 1551 523
0 757 902
0 62 1532
0 469 469
0 844 1747
1 532 508
1 810 1406
1 963 830
0 1500 738
1 243 464
0 713 294
0 711 732
1 927 1990
1 1812 1343
1 509 1170
0 709 730
1 1229 1229
0 744 341
1 1157 943
0 551 551
1 484 1284
1 384 991
0 1636 170
1 1461 1423
0 936 1174
1 621 411
1 1337 767
0 137 398
1 228 1218
1 608 1942
0 327 1724
1 795 67
0 1080 580
1 1161 1468
1 1278 1886
1 828 1194
0 181 217
0 1594 1594
0 495 290
1 750 1039
0 286 1054
0 1348 1822
1 314 21
0 896 769
0 1377 1537
1 568 101
1 130 83
1 1990 700
1 1394 270
1 1559 1467
1 1560 954
0 1244 1244
0 928 34
0 897 830
1 1223 1223
0 1643 624
0 1020 1499
1 378 378
0 973 1606
0 1821 1652
0 1257 1397
0 1918 828
1 959 1125
0 534 837
0 629 77
1 1570 674
1 1523 658
1 21 1471
1 100 912
1 630 1129
1 392 807
0 1646 1041
0 1460 476
0 299 1533
1 257 1924
0 591 935
1 201 1164
0 1425 1212
0 1469 1348
0 123 462
1 66 464
1 442 1042
1 1535 53
1 1522 1491
1 1921 1106
1 1773 1773
0 743 196
1 1235 1235
1 1078 641
1 554 1737
1 1494 526
1 731 731
0 1395 1752
1 1777 724
0 1469 1631
0 1765 247
1 1368 1207
1 1344 1370
1 1117 886
1 916 534
0 535 1256
1 1527 1193
1 1287 1230
1 163 1300
0 192 1194
1 1222 445
0 1628 1812
0 771 1694
0 1529 1529
0 511 756
0 1613 471
1 1713 1713
1 1234 1234
0 1523 379
0 1746 1746
1 75 986
0 934 387
1 531 1437
0 408 595
0 997 950
1 1044 1255
1 511 570
0 1987 1799
1 1460 1634
1 941 941
0 314 1245
1 943 746
1 1002 763
1 1536 1090
1 1379 1635
1 1612 1611
1 23 78
1 1137 1137
0 748 1402
0 1802 1365
0 280 280
0 1953 329
1 1014 1871
0 1516 422
0 251 742
1 1319 54
1 1954 813
1 114 1722
0 532 917
1 1809 1702
0 1696 324
0 1072 1072
1 1097 195
0 1137 1300
0 1443 1135
0 1086 1459
0 1193 1003
0 392 767
1 170 491
1 6 465
0 439 59
1 1510 83
1 934 934
0 934 1510
0 756 848
0 300 382
0 1339 1549
0 864 1105
0 1087 1335
1 76 748
1 300 300
0 1949 1949
0 107 1213
1 1447 537
0 1803 1425
1 705 328
0 9 544
0 1485 629
1 650 232
1 60 143
1 1833 1307
1 1520 1290
1 323 1726
1 1027 302
1 1100 1116
1 1 1735
1 1256 1713
0 1097 292
1 1907 1856
1 1824 296
0 122 814
0 1406 28
0 720 1237
0 1663 1370
0 177 177
1 531 964
1 1539 966
0 1134 1739
1 1816 1960
1 424 872
0 1389 769
0 439 439
0 1751 271
0 1904 1558
0 559 1027
0 1842 1243
0 1718 420
1 268 268
0 555 1562
1 841 1908
0 1495 627
0 1771 4
1 34 1345
0 1653 656
1 1067 1434
1 959 1710
0 595 678
0 230 347
0 1634 21
1 1529 901
1 1649 1207
0 509 498
1 799 386
0 970 296
1 813 863
0 205 690
1 33 285
0 820 1378
1 1094 349
1 585 585
0 1242 1716
0 1382 1488
1 1439 76
1 1366 1635
0 1787 1395
0 1667 929
0 680 954
1 1378 1565
0 421 472
0 107 1280
0 1171 1029
0 1322 549
0 1849 543
1 334 347
1 728 728
1 1374 1686
1 823 758
1 831 1567
1 1328 114
1 991 559
0 1937 905
1 1934 792
0 1701 1518
0 1920 797
0 1561 822
0 556 772
1 1695 1403
1 608 1931
0 862 106
1 1354 1025
0 1471 1924
0 752 40
0 209 897
0 57 921
0 1751 1256
0 1714 992
1 197 984
1 1563 1100
1 214 226
1 455 928
0 1273 429
0 1727 405
0 1600 1409
1 1631 438
1 1376 1596
0 1303 674
1 1955 689
0 156 1806
1 185 1315
1 197 912
0 578 1118
1 526 1493
0 1062 447
1 1400 1772
0 1805 791
1 1991 1080
1 535 668
0 1715 1730
0 1414 88
1 1576 1749
1 487 487
0 454 177
0 1645 1693
1 945 1528
0 381 1582
0 769 1747
1 67 1237
0 35 1166
1 1422 1422
1 679 1112
0 1209 540
1 81 1989
1 1939 835
1 1464 1916
0 353 398
0 474 233
1 204 635
0 1765 795
1 699 1690
0 1935 135
0 1583 418
0 143 787
0 1692 1692
0 1804 1804
0 1135 725
1 247 577
0 1243 1952
1 1428 5
0 155 306
0 1535 977
0 482 1381
0 1568 1568
0 1973 1510
1 1974 1874
1 895 1351
1 1254 937
0 654 1389
0 1471 1471
1 1668 1251
1 1034 46
1 951 1253
0 1337 469
1 1126 1126
1 656 634
1 1777 74
1 1638 83
0 712 1228
1 1785 1356
0 1692 970
1 212 212
1 393 196
0 183 96
0 379 1681
0 991 1927
1 1909 762
1 123 915
1 1053 589
0 795 246
0 1757 235
0 933 1459
0 244 282
0 335 17
1 1748 1748
0 183 1276
1 1254 1254
1 1467 388
1 1735 130
0 849 923
1 388 397
1 1131 1131
0 299 994
0 1413 1054
1 320 861
1 980 980
1 1790 913
1 883 1520
0 1684 1458
0 570 1179
0 1188 364
0 928 928
0 218 218
1 1680 1199
1 315 672
0 68 347
1 1467 1953
1 1059 907
0 246 329
0 360 716
1 1712 117
1 133 589
1 1861 870
0 1211 1634
0 2 979
0 437 1122
1 409 884
1 1998 1529
0 567 567
1 486 759
0 1726 1726
0 1969 142
0 479 686
0 631 232
1 1238 466
1 1311 1311
0 110 790
0 91 147
1 1168 669
1 1304 1304
0 1789 603
0 114 245
0 1524 1500
1 1399 374
1 1309 1691
0 1309 794
1 210 812
0 1062 774
1 977 1779
0 1437 1233
1 1916 1322
0 1883 1862
1 1240 927
0 579 341
1 65 787
0 199 882
0 21 1708
0 928 1332
0 1060 20
1 1658 215
1 1575 1064
1 1653 1723
0 1462 602
1 1781 18
1 1824 336
1 995 582
0 998 1362
1 827 241
0 448 1424
0 828 243
1 554 554
0 1418 1872
1 1754 821
1 1823 1551
1 234 1869
0 342 348
1 1774 1774
0 1710 39
0 590 617
0 35 35
1 1803 1541
1 1675 407
1 1894 971
1 163 241
1 1765 329
0 454 1310
0 1651 1217
0 1367 1395
0 1196 87
1 127 1687
0 340 854
0 1867 1990
0 1585 1291
1 1753 1856
1 140 1992
1 991 903
0 549 1731
1 1685 1685
0 92 148
0 1269 500
0 1000 75
1 1153 1076
0 659 568
1 365 649
1 940 1729
1 17 1371
0 1828 1935
1 740 740
1 1554 1009
1 1973 436
1 736 1015
1 1658 784
1 843 1321
1 862 1007
1 1462 510
0 1904 1276
0 184 1941
0 1000 1000
0 361 623
1 1884 292
0 425 1426
0 1588 923
1 762 1385
0 1329 278
1 1520 1631
1 643 662
1 1688 1591
0 302 990
1 1551 1415
1 581 581
1 262 1287
1 1140 1976
0 1591 1591
1 156 151
1 1028 1175
0 1013 292
0 243 1405
1 1784 743
1 1588 1394
0 482 204
1 1788 1013
1 417 1027
0 390 7
0 667 1679
0 1456 1197
0 87 1768
1 363 865
1 274 857
0 623 1073
0 1771 450
0 1477 1471
1 1223 999
0 1835 575
1 1166 1616
0 1604 540
1 1980 967
0 1509 1395
1 1873 413
0 1385 631
0 417 165
1 958 1003
1 1333 1542
1 21 1243
0 1144 1326
1 486 52
1 155 1738
0 1674 71
0 834 1919
0 1792 1930
1 677 1940
0 1257 246
1 1398 1398
0 523 1866
0 130 82
1 65 1287
1 65 1375
0 1305 18
0 132 497
0 1877 38
1 744 407
0 1979 575
1 621 1934
0 223 223
0 550 171
0 322 1613
0 413 501
1 611 321
1 524 1945
1 1214 665
1 1764 149
1 975 1575
0 1274 1085
1 898 1809
0 773 841
1 650 1248
0 450 1972
1 445 1074
1 704 878
1 1109 488
0 996 1723
0 1249 152
0 550 1235
1 1346 188
0 322 208
0 1887 416
0 664 1875
0 273 552
1 1324 991
1 520 1865
1 1623 700
0 1748 1723
0 1252 1045
0 380 61
0 1716 491
1 1899 1345
0 107 1696
1 14 155
1 416 1388
1 295 1655
0 1665 636
0 1229 1824
1 1405 142
0 505 121
0 344 406
1 1035 216
1 666 1516
1 659 230
1 528 1035
0 665 1969
0 889 1844
0 1077 890
0 1739 825
0 1975 151
0 956 898
0 1137 914
1 60 60
1 1544 744
1 1875 1445
0 295 571
1 1612 721
1 1227 816
0 1416 1416
0 385 385
1 1269 197
1 1490 845
1 1840 1625
1 997 67
1 1828 230
0 1806 283
0 729 548
0 1936 541
0 107 1696
0 1984 1416
1 664 664
0 268 268
1 794 16
0 729 768
0 100 1840
0 1794 189
0 83 1171
1 1737 1585
0 1032 1674
0 973 973
0 231 647
1 867 1543
1 215 1971
1 372 425
0 1190 1608
1 1622 1696
1 546 1063
0 1873 1502
1 401 451
0 1556 1256
1 379 916
0 145 1257
0 1750 1750
0 1005 1005
1 849 1143
0 1781 87
1 1650 429
1 1828 76
1 1207 1485
0 510 1909
1 1786 245
0 1056 1056
0 1212 755
1 1598 176
1 98 1339
1 876 1081
0 1395 853
0 565 821
1 1051 1804
0 95 770
1 988 1873
0 964 1969
0 1944 1078
1 51 1640
1 1415 1492
0 1565 417
1 231 1973
0 1481 1353
0 535 1771
0 1520 1346
1 396 839
1 1169 1730
1 1052 1474
1 1694 33
0 1573 1127
1 46 927
0 295 551
0 761 1867
1 180 180
0 975 1613
1 169 7
1 65 1758
1 475 475
0 1462 826
1 788 687
1 184 613
0 958 263
0 372 3
0 1291 1291
1 253 1358
1 137 1591
0 1098 372
0 772 1481
0 1907 342
1 45 775
0 424 1290
0 877 198
1 1227 1354
0 1182 580
0 1553 563
0 1393 1071
0 1748 1799
1 299 1771
0 196 1852
0 451 129
0 1649 1179
1 1269 218
1 515 1153
1 34 888
0 1219 641
1 1182 1677
1 1375 1280
1 401 1618
1 1113 1783
0 439 273
0 440 805
0 1500 1500
0 1990 1274
0 1312 676
0 577 846
0 848 1730
0 1371 1496
0 43 1650
1 1703 1703
1 1010 1539
1 1431 556
0 776 1624
0 883 1341
0 1687 1898
0 637 1700
1 745 83
1 430 175
1 208 1237
0 1070 1326
0 1279 673
0 1703 1703
0 894 1920
1 1289 1925
0 910 910
0 1741 1301
0 850 1658
0 129 1335
0 1271 1271
1 1156 1619
1 1358 1358
0 630 450
0 761 761
0 208 609
1 113 698
0 1530 1857
1 1095 770
0 1155 1225
1 1646 1674
1 1661 467
1 1474 1406
0 1390 1611
1 1252 1549
0 816 1075
1 1304 1818
1 1554 1874
1 1398 1630
1 1541 688
0 1140 1140
1 1775 1499
1 1300 75
1 764 1157
1 664 664
1 1768 1364
0 703 1585
1 358 736
1 964 627
1 316 1449
0 599 668
1 1541 719
0 798 386
1 1981 1480
1 95 1499
0 665 222
1 952 898
0 1356 317
0 553 553
1 547 361
1 1778 1665
0 1002 454
1 353 1396
1 1636 1967
0 366 747
1 168 944
0 588 1320
1 1806 363
1 333 478
1 1735 1735
1 330 131
0 449 1244
1 1295 869
0 486 152
0 1757 1859
0 1807 989
0 822 1935
1 1337 449
0 196 930
0 136 541
1 1138 24
0 672 1679
0 834 1424
1 1197 1720
1 149 446
1 1212 478
1 1430 313
1 960 330
1 1840 1036
0 318 11
1 723 873
1 320 1714
1 67 17
1 710 148
1 521 1934
0 577 1227
0 656 1097
1 1174 550
0 568 1588
1 1681 884
1 1335 258
0 47 1005
0 339 1210
1 1875 1369
0 154 1464
0 1922 214
1 1130 91
1 247 55
1 25 1608
0 368 271
1 462 229
1 367 106
0 1446 991
0 1402 1605
0 641 1733
0 1611 801
1 1826 570
1 512 692
1 1618 839
1 28 472
0 1367 1367
0 1770 1770
0 483 1162
0 1916 1916
1 1129 1250
0 711 387
1 6 793
1 226 1945
1 582 345
0 509 509
0 1050 162
1 953 334
1 1478 583
0 1662 532
0 210 1137
1 330 1527
1 441 811
1 211 534
0 581 581
0 1060 49
0 1105 1105
0 988 447
1 1054 1753
0 361 361
1 591 183
1 936 1308
1 1109 331
0 1293 1196
0 995 1416
1 473 1436
1 211 119
0 381 1110
0 1011 1011
0 656 1210
0 1177 460
0 1419 1894
0 1203 484
1 365 19
0 360 549
0 1864 1352
0 1313 1145
0 1315 901
0 817 1312
1 1366 713
0 1466 574
0 1537 396
1 1797 186
1 1093 1414
0 94 800
1 1785 1190
0 1445 63
1 295 204
0 1583 316
0 92 287
0 1826 1773
0 1003 536
0 509 255
0 1867 101
0 1022 1025
0 757 1367
0 362 407
0 1527 324
0 296 888
0 531 1478
1 710 1392
0 1056 1178
0 1587 1039
0 1650 1650
0 1459 1143
1 568 356
1 1170 1170
0 1236 1912
1 1554 154
0 1472 1342
1 1724 1311
0 200 485
1 771 1653
0 1801 213
1 1421 627
1 1142 1494
1 1047 853
0 1236 263
1 1794 1115
0 1694 984
0 1895 1895
0 1810 1408
0 99 99
0 433 1097
0 1865 1865
1 1859 366
1 1004 89
0 1281 1012
0 1397 1431
1 1801 206
1 963 954
1 990 1271
1 290 398
0 1781 220
0 1570 1171
0 153 879
1 600 1116
1 1448 1014
0 1258 1232
1 852 1321
1 1260 1260
0 1144 1144
1 1325 431
1 1199 578
0 1329 1709
1 1351 1295
0 634 269
1 524 1000
1 6 859
0 228 1369
1 1108 471
1 1770 854
0 500 500
1 1891 1891
0 1466 1466
0 1132 1738
1 1783 132
1 1808 1417
1 1071 1026
1 1361 1361
0 1269 376
0 657 393
0 589 589
1 1720 1720
0 1379 685
0 1264 719
0 1447 1896
1 1088 45
1 1329 1825
1 1901 840
0 1675 239
1 1993 1579
0 1377 1887
1 443 1155
0 1474 1713
0 1643 992
1 1075 167
1 313 490
1 1292 1849
1 214 1626
1 441 1475
1 889 588
0 475 1941
1 1035 1508
1 212 786
1 1132 1814
0 1822 1681
1 844 1692
0 1780 15
1 100 100
0 1847 1644
1 1721 880
1 1434 1434
1 1758 1732
1 1783 65
0 1651 1291
0 1145 909
0 1327 1986
0 768 1486
1 620 380
0 352 1159
0 823 1148
0 1777 1231
1 1614 1614
1 1600 1924
1 1511 223
0 957 1427
0 44 655
0 1483 913
0 1584 646
0 948 1173
1 262 605
1 290 587
1 115 1
0 214 1027
1 2 179
0 261 640
0 1760 27
1 214 250
1 81 1424
1 598 1868
1 554 1265
1 1652 214
0 1428 31
1 645 956
0 1232 1841
0 422 422
0 877 1679
1 1726 1726
0 404 871
0 622 213
0 811 811
0 372 1774
1 1574 785
0 1884 1713
1 1363 658
0 1257 1257
1 9 427
0 1629 1846
0 1378 335
0 488 1836
0 1292 1075
0 1920 1747
1 410 401
1 1487 389
0 34 454
1 1415 771
1 1181 1332
1 1659 1488
0 1050 1376
1 212 212
1 1355 164
1 1709 1114
0 374 990
0 1270 242
0 1280 1280
0 21 1136
0 1975 1262
1 768 1164
1 1693 115
1 1524 1792
0 621 221
0 349 349
0 108 108
1 556 326
0 1819 599
1 723 723
0 1848 1175
0 190 79
1 617 617
0 1809 1242
0 461 193
0 794 361
1 334 162
1 65 609
1 1172 1478
1 738 1999
0 6 796
1 861 1443
1 317 1429
0 342 1216
0 1896 1174
0 198 606
1 1946 842
0 409 409
0 199 1357
0 557 1535
0 1146 321
0 1049 1861
0 1346 381
0 372 98
1 145 297
0 1545 227
0 108 884
0 746 934
1 701 430
0 703 703
1 1684 1438
0 1857 1302
0 1905 1629
1 1510 1510
0 731 872
1 1051 1424
1 269 995
0 1105 1142
1 836 1217
1 167 32
1 1059 1532
1 745 75
1 463 339
0 408 85
1 1458 167
1 247 1714
0 428 1806
1 1662 938
0 1597 688
1 1321 1640
0 1389 1212
0 601 1597
0 1413 1156
1 434 1787
0 1011 509
1 1244 730
0 1978 224
0 291 1223
0 1759 171
0 1655 1008
1 1133 1777
1 1561 1561
0 1298 614
1 1131 1722
1 1279 484
1 1103 206
0 1516 40
1 441 1894
0 1314 902
1 1357 68
0 1695 321
0 1057 1057
1 582 1796
1 982 1271
1 1533 700
0 376 199
0 349 1547
1 844 404
1 1541 1814
0 1402 246
1 1590 167
0 1231 1465
0 840 1405
0 186 235
1 1556 711
0 113 1570
0 1097 1261
0 1331 1331
0 1704 823
1 1234 668
0 1703 932
1 75 75
0 418 613
1 516 324
0 789 1742
1 458 1487
0 1251 204
1 616 824
0 969 969
0 1069 925
1 876 1914
0 254 1795
0 1090 1090
0 1363 1954
1 255 732
1 1848 245
0 575 1957
1 1853 1595
1 1500 1263
1 1944 1944
1 594 1583
0 203 804
0 900 1744
0 714 1307
1 1448 782
1 187 187
1 988 988
1 1098 1098
0 1732 1951
0 845 1709
1 1067 1328
1 1542 1218
0 69 14
0 1537 407
0 633 633
0 705 112
0 589 904
1 1390 405
1 20 20
1 437 786
0 572 1739
1 485 1557
1 699 495
1 500 212
0 1604 1604
1 1096 996
1 588 805
1 1582 1651
0 1255 959
1 1622 1775
0 656 1780
1 1397 221
0 1253 1658
1 1922 883
0 1575 1881
0 285 285
0 1342 657
0 1868 492
0 1522 914
1 397 1026
1 1812 1425
0 1444 600
1 115 202
0 687 761
0 519 265
1 1149 1812
1 202 1071
0 1810 349
0 522 179
1 1783 1980
1 1960 862
0 503 1213
1 636 430
0 1779 63
1 1295 341
0 1509 1509
0 1231 1943
1 1602 456
1 95 1711
1 122 1378
1 1786 1786
0 1541 1013
1 1865 1562
0 1993 1890
0 1644 421
1 109 290
1 1359 1812
0 1825 1825
1 1416 1876
1 1836 958
0 369 488
0 410 12
0 1464 533
0 580 580
0 1908 1908
0 1953 1953
0 415 996
0 1070 1026
0 958 390
1 73 923
1 1020 1183
0 421 21
0 1259 729
0 286 761
1 1793 658
0 1270 1481
1 1944 684
1 318 39
1 1103 955
0 1201 1372
0 1287 1450
1 170 83
1 1270 518
0 1929 1115
0 104 1074
1 1330 1609
1 665 417
0 1854 1763
0 764 1231
1 408 1814
1 1031 1289
1 161 320
0 1140 1408
0 764 711
1 354 1354
0 915 385
0 242 912
1 2000 218
1 1419 1825
1 625 625
1 1383 286
1 661 1258
0 211 1228
1 1160 1262
0 1666 1317
0 1723 854
0 474 1735
1 1277 1316
0 390 1988
1 1299 1995
1 275 1488
0 213 18
1 1907 1718
1 420 420
0 397 772
1 1106 819
0 1419 1546
0 576 32
0 442 31
1 1475 1109
1 1070 604
1 1223 907
0 1851 1742
1 1931 388
0 1581 904
1 164 1779
0 1073 735
0 425 1055
1 1113 1677
1 1576 675
0 892 1599
0 1888 1345
1 1988 1990
0 1509 1242
1 223 1162
0 320 1512
0 462 1090
0 1516 1381
1 1273 509
1 122 609
1 1913 717
1 1677 1263
0 108 854
1 664 664
0 5 980
1 1306 1047
0 441 626
1 1392 1931
0 787 1907
