10
67
4 19 57 41 36 30 27 47 18 24 66 16 34 14 63 23 20 55 50 1 33 15 31 21 5 8 37 29 65 49 32 48 52 54 3 59 26 17 13 42 38 35 22 25 28 43 11 51 12 46 64 6 40 45 44 61 2 10 60 62 58 56 67 39 7 9 53 
63
1 33 17 49 9 41 25 57 5 37 21 53 13 45 29 61 3 35 19 51 11 43 27 59 7 39 23 55 15 47 31 63 2 34 18 50 10 42 26 58 6 38 22 54 14 46 30 62 4 36 20 52 12 44 28 60 8 40 24 56 16 48 32 
61
1 33 17 49 9 41 25 57 5 37 21 53 13 45 29 61 3 35 19 51 11 43 27 59 7 39 23 55 15 47 31 2 34 18 50 10 42 26 58 6 38 22 54 14 46 30 4 36 20 52 12 44 28 60 8 40 24 56 16 48 32 
67
39 8 42 30 41 46 16 23 22 52 14 29 37 57 64 62 59 55 13 38 17 66 44 56 45 35 34 6 7 58 51 32 26 53 28 10 50 3 12 4 20 67 18 31 33 15 11 36 49 19 65 48 63 54 24 43 25 27 47 1 2 21 61 5 60 40 9 
67
64 3 48 6 47 38 31 19 63 39 11 20 14 12 7 28 29 60 53 15 65 46 51 57 25 43 44 66 62 41 32 67 59 10 8 4 18 22 50 40 49 35 24 58 37 30 36 27 42 21 23 52 9 2 45 1 26 54 34 17 61 33 55 13 5 56 16 
67
59 67 51 63 26 29 58 35 34 10 53 16 43 14 49 5 44 39 37 30 1 57 13 11 32 8 38 33 50 54 62 3 48 42 61 27 45 64 40 28 21 60 24 22 65 18 9 23 12 4 52 47 46 55 6 25 56 17 41 66 7 2 19 36 15 20 31 
58
1 33 17 49 9 41 25 57 5 37 21 53 13 45 29 3 35 19 51 11 43 27 7 39 23 55 15 47 31 2 34 18 50 10 42 26 58 6 38 22 54 14 46 30 4 36 20 52 12 44 28 8 40 24 56 16 48 32 
67
22 65 33 52 54 63 59 17 36 11 38 53 30 48 4 6 55 46 24 29 7 49 3 27 9 67 41 37 12 10 21 19 15 56 39 57 47 45 25 28 51 40 58 32 13 62 44 16 35 50 5 26 2 66 60 42 8 34 61 18 23 20 1 64 14 31 43 
67
66 61 48 5 15 28 27 54 4 32 65 3 16 60 29 20 8 51 35 53 55 12 63 10 42 57 26 62 34 31 17 25 30 19 50 59 58 6 67 56 64 41 21 47 13 40 43 38 23 1 39 2 22 7 24 14 45 52 9 37 49 46 18 33 36 11 44 
67
23 63 29 27 62 4 28 9 3 16 58 61 25 44 40 12 56 32 31 10 20 64 34 39 5 52 45 60 55 57 41 35 30 37 18 11 42 51 36 26 19 15 7 17 43 22 48 24 1 6 54 49 2 66 46 50 8 38 14 59 65 47 67 21 13 33 53 
