40 50 52501 0
23 389 517 534 664 801 1253 947 706 1961 1526 1117 11879 1521 437 2005 3247 1821 384 1311 16015 743 7014 3036 35 3694 2025 840 24487 10130 5207 436 3092 1118 4401 4484 1640 6677 1970 5548
1 2 1
2 3 4
3 4 5
4 5 4
5 6 5
6 7 3
7 8 4
8 9 3
9 10 1
10 11 1
11 12 1
12 13 3
13 14 2
14 15 1
15 16 5
16 17 4
17 18 5
18 19 1
19 20 5
20 21 1
21 22 3
22 23 2
23 24 3
24 25 1
25 26 4
26 27 4
27 28 5
28 29 1
29 30 2
30 31 3
31 32 2
32 33 5
33 34 5
34 35 4
35 36 2
36 37 5
37 38 4
38 39 2
39 40 3
40 1 1
17 28 1
20 14 3
20 14 4
21 26 2
24 11 4
9 30 4
1 16 3
14 33 2
7 12 4
12 23 5
