20 20
11 11 3 7 18 11 6 19 12 7 7 9 18 11 4 8 6 15 5 8
17 12 13 19 12 12 19 3 19 17 14 9 13 14 9 10 7 5 4 13
12 12 13 6 16 12 16 1 6 17 11 8 7 16 2 13 18 19 9 13
3 13 13 12 11 19 15 6 15 16 17 11 8 2 10 0 17 11 6 8
0 17 16 4 5 2 3 0 12 8 18 7 17 6 15 11 3 1 0 3
2 16 5 19 0 17 19 15 1 18 12 12 18 5 13 10 2 16 11 16
0 6 6 11 3 4 17 16 15 13 12 17 13 14 4 0 10 10 11 0
16 3 18 5 16 11 8 17 14 9 18 14 5 9 9 5 8 3 10 13
14 9 3 1 3 9 7 10 0 8 2 6 15 13 6 12 16 2 3 13
18 18 16 4 12 2 4 11 0 4 6 13 16 7 1 13 12 13 17 17
1 15 16 13 17 16 10 12 0 7 17 2 0 1 2 5 19 4 18 3
12 10 17 17 5 10 15 19 8 2 14 14 9 19 2 9 2 5 13 9
11 9 15 17 2 16 11 10 5 19 3 4 19 9 0 11 10 18 16 19
0 8 7 0 1 1 7 7 10 7 3 11 14 12 3 5 16 10 15 8
10 19 16 2 5 14 2 1 14 12 4 11 19 16 2 3 3 8 7 14
18 18 9 10 15 12 11 14 8 0 6 16 6 12 15 9 10 15 11 2
5 11 12 13 1 5 1 12 10 8 2 6 5 2 9 7 4 1 19 12
0 12 0 1 10 15 6 14 7 14 12 19 8 3 15 0 2 15 7 1
15 6 5 19 15 12 9 5 4 16 13 4 19 0 10 16 1 19 5 12
18 2 15 2 17 16 13 0 15 19 1 16 7 16 14 14 1 11 5 12
3 7
