1000 1000000000
1625538588 74575
591304914 838122
803604158 410716
761140583 160142
1336340963 568008
744298441 637305
1108121171 317406
1495545202 588719
1734451621 352962
1580830318 457135
704031753 760894
946263236 784610
2003810832 84363
1217751852 203847
2121255452 341110
238745550 989447
954526235 571748
1170349224 668088
318886772 260932
1128408960 287256
1262275346 774702
1951959724 872889
1090851820 627494
994734887 37107
1488817393 452500
1487684947 785401
538429366 732744
1596502757 134474
619997918 335775
1407783696 222866
911206865 876491
926490792 799940
822813757 594059
1112419898 578097
1584475310 295563
1102346023 169085
1078676900 693519
892471721 407392
62550149 834053
248995777 862876
1357276834 433797
1096895194 882903
1099708009 224374
2095186767 616303
2032536631 767581
1353269187 903725
1049567670 136425
1474975159 743185
1824152400 825421
1719083115 910260
965995057 534872
50410054 203853
1872175776 854581
985089556 716162
402945049 482745
766999453 940470
908601632 398400
1814652264 829547
1984298920 377370
1761228202 783959
2093598583 811579
1580438997 976029
1780363502 707656
26550931 365581
1299966421 996362
1175082152 94045
62393171 988454
1239185158 525093
1399348016 669808
1579753862 813966
1474391174 641878
1619693087 987030
6913053 548026
1222774380 969710
454823433 121951
517465773 943301
190430188 518879
1274895609 137537
836997037 296202
1713318479 437123
2106544089 82574
2064984510 423596
1854915124 368762
1015178124 137846
1869923880 944155
85361675 578722
1696851432 168657
88704972 796579
1465966195 940527
1398904657 586036
587158217 778347
48806814 836584
490350258 15860
475051558 802600
132601237 431513
619527534 526475
825948911 36162
1590553267 303806
1145745109 167507
605962174 787537
2007567897 50055
1260723225 564466
742345409 766833
14079562 980557
669943572 836576
1095376115 525914
473341290 615735
412091860 112638
1384408695 88460
1062852928 168343
298650843 418455
394652122 695711
176843581 681612
774208810 35690
637405484 521545
824948439 972434
1861180939 222764
1972986482 792840
1604404551 600118
1704741176 593598
1108278275 280687
1737498843 405588
1241229821 437782
215049806 94734
1482449221 768046
930637904 834620
693238851 566975
2112935363 42342
14947071 302438
1131769143 308115
1347264736 827177
612438735 682267
952539875 557580
309517391 380696
1873563007 725881
1623716044 832272
1865721356 83638
704741976 60620
1295247376 901986
1730318198 389305
896040538 972595
694914784 685495
1081920177 358883
1929525083 499827
972899152 542599
878115306 308951
2049476378 254006
1035623791 79595
1471118397 653661
1946828232 232725
859880607 884379
2105490471 794024
816721358 859122
1780404054 781473
285075281 214503
1686835084 615934
1675282583 259857
753879564 298041
522604638 17829
52274688 852786
1511519952 756094
190711623 629630
1999469631 963154
1266231507 463219
1237874718 796483
585249140 175913
551371693 90639
1740396145 720068
589818084 6429
95911866 979805
1242933388 940
1149492288 979197
1974846680 369568
166510364 478900
1829518000 151447
2054221502 174488
1283497206 290320
931226245 663572
851753077 957430
1419869320 358969
1446552989 701629
1016636153 911132
1676024559 748607
500251682 524562
1360733217 804409
1042769246 657548
66613686 223708
1685700814 292867
887248106 939614
571049655 116335
874198471 56163
304813980 46958
1272980040 424059
1461279946 48523
1767953749 902744
1183995178 466737
1620827492 579042
274400499 779777
1229012005 34382
1304725557 900175
1653783134 273210
823121293 900670
264624271 472953
353905354 49328
742270129 535873
1807891083 293771
279249301 216405
563773456 607621
611025385 828934
1096695848 958328
2104912489 68785
1946584309 586158
662532775 622923
1426608262 123872
426723925 93335
237796390 842856
80513345 74998
398937748 767895
1819343968 887383
624474577 615943
1027960837 830537
1428592147 24362
93499758 869942
488989597 222903
1895928382 945281
1534579295 593788
135423805 691655
1374590688 601983
1224442218 35565
2004235294 566256
772429939 321851
1159819488 54190
2073012681 423832
1546053527 966429
345708708 973414
1418657618 119925
155982639 147526
410719546 951357
1066156126 442307
1068993880 933551
820861642 651959
1350143982 674465
2009076326 412494
2793894 803064
1085614564 895429
844025502 106872
1155276941 878053
816914330 172232
2016742281 99359
1644985475 390040
1669878777 805589
1422187705 750018
1951134969 117486
127791267 160662
1017166375 417698
20539822 388027
1338304416 584227
1312829842 148409
1059750159 20935
1648603766 464761
1659137762 192832
658730273 481219
2065506195 448803
332365255 858131
787700517 372304
1275327684 87474
1244615114 482411
115055545 245708
1656501760 63805
932274673 723792
637321173 990215
647875230 883513
1321577144 681480
538556510 158305
2113049185 565049
1935059512 851209
5018384 100848
2147215786 494307
53670761 331580
125332990 572063
331639734 928566
2016938586 430200
626007586 94442
197021175 571391
956338664 294893
959523304 448198
2036770364 157761
1083563992 670177
1476871090 400797
901189830 293712
1726100570 675860
2059266532 131465
1471006712 47513
233418097 800050
129770805 1123
1124680889 623722
804043821 375816
1402268366 868377
247463373 552612
1287050381 444076
459607901 297041
1243662619 284475
2078891920 545943
1747970764 322781
1941202059 423582
103685468 406152
2129812552 116461
253605896 721617
1048762430 369627
425876992 592286
895945461 13456
226154993 379001
913143240 276411
1966980385 51970
69483514 782670
1315198309 783985
867486121 739357
1008667246 477297
815530880 848199
2117659703 129783
517536168 588419
1484495970 740137
579189830 567799
46554619 417218
1029868806 810815
1476063838 818315
595057130 823024
1218659916 649966
1541547473 644496
1684850161 269778
856974280 370371
333385325 305445
254160781 255577
1790876559 513954
594352116 554608
1256949622 644608
2048121946 151852
1058236096 484211
578879011 600160
1241043283 260910
653298283 822110
25792302 989860
482459636 318020
550312685 696006
516446606 672708
248565778 320624
1105240050 956993
886276545 299416
603291625 27081
1774377062 341985
2009855639 424203
235347508 156022
1107647014 95295
286484852 554183
1368085699 917857
1514447801 990356
1868921090 921801
560874500 978010
52326675 598295
2059111529 479691
2004064648 2581
2066513294 892520
1566956169 352415
979277477 868524
368213054 394764
1196282488 855795
718088520 642693
1031354807 709505
2087492232 585378
1786241350 451230
294904210 783387
785914633 790974
778742985 987270
1390214554 912911
743159389 943164
290659939 764688
743780608 352662
1951121159 12816
1122389176 508977
1106669493 285377
393422030 892290
1076869861 43751
1078984028 626521
758891440 35740
701893365 95777
1316249137 181005
2136303012 611684
1869440656 332975
1768693160 281539
83342650 563899
1519242173 621974
2058791991 455466
1313116743 126222
1753293022 683460
2038369835 179447
820581294 810417
586004102 920365
619258249 620774
496782333 234388
300398766 989258
234159003 305310
422820720 436310
340082438 533992
1179650737 890848
1277534009 569750
1481750934 560319
656900038 492632
1928749695 455593
1354136011 712811
1289375906 353458
1350323208 958553
1991075575 984664
64091908 373802
1470290815 384869
1290155440 79514
1732881088 208595
642324449 704067
344027314 71867
1745596561 282253
1058107671 528883
1136274957 596368
933540227 53400
1010845323 195437
1741065200 625571
621699897 209417
448129342 684158
681170436 178888
791172472 977873
1879270108 691920
425956293 404193
1063744553 324189
1115453014 34828
231177604 56198
1217320418 543550
244161989 766546
1825701044 81365
14799689 736811
482601767 146443
1833147639 952004
1379521168 800757
8288123 513046
506249332 296703
534074121 574027
964881465 746951
1277538206 108729
1619397843 788416
559412189 237150
1867986686 779302
1773360674 778045
1087693398 120115
1329951253 894388
56510387 285528
389889718 866622
2134480724 188326
295593197 169661
412337080 557884
732450843 36890
1460889598 920628
667312312 406343
836755545 507452
1018533926 527238
1381428073 898387
149805458 481515
999774328 59761
1322640783 392977
2087843145 929228
325631814 548535
925713902 995239
2127988724 810323
1754538965 410991
1150111459 967959
651615344 953748
2015135528 205452
65055134 444008
648925542 608121
714569900 738469
2122026731 325381
955363577 393213
1416449508 637154
359184399 645469
533552416 212680
1132893648 510827
1133495476 15788
1399703187 577864
307912248 29706
1959734039 282627
1519120703 559331
136524080 660757
815921147 614727
1812642441 472738
541234442 4842
506898503 495465
1645325370 38011
1748263909 243502
1178641844 295373
88487081 669836
1680293003 526564
1966065971 881401
80205588 54040
1096729109 975955
125730206 646787
147074415 998401
236249666 339999
823912160 100457
41061391 531043
899116883 495482
2019622904 606239
1168017185 794261
1925368605 534432
1139145028 755784
485046525 4856
1961707415 74707
475904949 359608
485993905 234987
393466836 946732
394261137 861757
1675578526 206564
83083955 644328
1158242234 433623
993902231 973244
2071807371 615132
1951011305 180285
1225084680 476164
2069617656 297126
1375992680 561410
1066976721 280590
1608573502 199224
831611350 367967
949648803 950710
1992623505 756763
683427161 733964
2111761929 489927
202010102 121600
1864268383 286544
1016874986 10069
740914824 244855
42746769 391678
672138928 962869
1680408275 419421
1158429238 442557
1192617321 419789
803224813 210242
326826684 375802
2121687542 543152
588525068 122987
1245516289 145107
1331025034 578832
1726587282 393503
2102093233 473427
446675751 983985
369774971 730019
1427015024 121865
1658908575 214217
1193343819 769793
674398201 858534
1193426792 813357
856710120 600545
285891794 446612
213683080 850969
1235407519 255830
801352499 483549
236053658 517190
1986176769 130808
1984409427 184872
1431276653 360117
53764994 105611
555667442 783731
284140708 715268
258160764 976801
1611411923 900737
15909259 926978
1306355047 451194
602378164 873583
401071911 907084
1992338774 733787
928335233 548769
156021308 573762
1344294485 426148
82504136 44630
924631699 278594
863245627 717050
576176135 519815
530945069 204591
1868832600 670371
1035741570 107601
159327397 920410
559312874 533592
417513012 101128
2121570901 641512
1234602380 186539
364967070 232851
2908415 73864
739946885 479611
998124645 124991
2067909128 354441
1388661400 857397
1941872496 40006
1821821292 598911
22049539 397882
983759454 528318
1100695124 797003
1931425981 637808
797676874 279937
1132534181 399899
72444294 488249
139190144 41818
1162971947 825075
965065776 978281
979618777 130330
39848336 552128
1819107449 196197
224798163 973661
17457248 174337
1411860815 885195
1373466631 928807
1285587857 123325
90098344 879666
1618310016 32850
1939251143 633075
1874300524 755865
238370013 790029
296653381 812973
967214158 612556
1873759224 61353
1516720007 250952
1764651377 511362
1809973939 116211
861777267 794294
948554310 159682
1588127397 896009
2060309297 13644
1474556736 758765
888003659 617003
78083904 649404
1911701847 82955
884865951 766175
1860153628 75963
1507680153 763711
905019785 837987
1316764117 515277
697785252 517290
1106950684 295220
913512000 574790
1698020243 22311
1836106837 585262
4267661 601269
1196034715 502278
1765241067 12957
775509900 618850
1712812020 315298
1040006644 245968
1018808177 896501
28376047 835488
702417721 12481
518329250 15711
2025868348 84844
931218477 106796
1312306079 198256
1861768237 5662
1715075640 754639
112286480 210487
184778267 963100
873101607 932091
166400357 74898
1663173347 276870
497161634 179001
1190703591 614384
1208448059 661127
1364134595 705986
481758098 987089
1072541236 803727
1598242969 106500
1988761465 443540
255389789 840210
1777841884 63223
2057507832 431623
380069157 938714
261305813 724169
1158425753 870162
313884882 357935
2100928236 721671
170566425 703070
310202867 757593
1866831129 685626
888912334 332199
292061304 186126
1715476689 734241
323592490 368419
564362682 794415
1652031924 457798
200406453 880268
914182962 14889
1391806502 979183
1427688994 117420
634719614 261042
2115500027 677250
508632957 176432
19242307 889892
794598965 470902
398167907 952090
1427724720 564302
1319808135 718275
1545585993 573432
1659449595 202769
278819044 337947
447566428 206795
1835496965 884793
1692339167 942094
1468214485 728558
1600133322 14666
1671856871 376742
1657335593 393154
2110171130 218545
1958994548 559272
1496589781 958796
899511698 700246
69333541 670106
1064584401 747643
574923782 59414
1081571776 234217
3389303 423892
619397012 326868
1738234276 926137
1735467799 387432
1165248738 145766
1077173587 315692
2037280505 162960
694399460 569615
1985716396 576385
1026329282 573063
1136676269 512564
273909079 418425
585090505 481115
1631508527 591586
1818397741 35723
1469162909 21550
730793060 965420
1226725098 694079
1973733019 938317
1230199158 162030
187620722 464051
1396221072 729528
941076023 641599
877138953 613256
1375022750 817076
107365705 123648
486606688 860633
652092015 428657
402401060 594210
531132277 125800
1710440017 250170
979686073 690555
2116445443 414786
357267915 553586
391020130 348283
1907213588 841587
1611845732 477659
609337586 762199
350895720 254571
1602379270 440703
1741015654 389596
253940442 985298
1995528149 468237
1643574227 865021
724037929 111994
1247432564 724327
418288748 994198
1257472932 981190
2133834891 91330
1488885724 891617
1720905130 745307
586027184 859539
952603375 318433
1704409147 149489
334627132 2871
1426860156 739036
1671419480 597146
702363085 228876
1165595875 26384
289396386 65887
815030546 669249
340202901 671986
2117184309 117413
2073910913 623527
366052951 765642
829532186 596971
1736171350 550854
182529969 524260
559554597 204759
1939570674 23298
587921686 499948
99435620 171167
828728105 793133
1658372430 159790
490206095 551966
728128032 996411
1466256270 263758
1020723400 794757
451904746 873423
1307176656 331775
1956535221 839676
564794976 425085
1644703769 724592
1703923568 957824
361194145 191786
1700859191 581113
1708489326 241238
1882722744 86703
646510313 43611
971152897 5872
1908405064 625896
1864530828 232365
1950620704 800219
1672649244 887871
1639735601 587249
2069331530 344738
557435798 771965
1651850917 240443
1788645780 516947
1162369649 937177
1079477149 576580
856874561 393138
727027993 993761
2117091518 579076
950992589 125542
1215616146 615104
2028131780 364469
585242676 535465
2139945754 150715
206120541 793169
1981000028 990701
1853563157 179510
1554577586 421693
59796707 374593
956676473 399815
205058300 61505
195120447 806953
1907713038 163149
641801823 347120
197856455 736822
706543847 335459
1565528197 747128
381395753 201216
1342777658 434876
2082722300 233193
1131530904 192536
421464264 800435
2010924516 687119
1773755622 734493
199390153 795344
1227522516 512876
1114622624 571980
952955010 796937
179982924 11885
1277670743 174441
811572758 684802
801078699 694243
136424163 839385
1114039335 651992
1930257124 494679
1088799084 31894
236497387 819552
120432194 272277
619443610 499454
445131068 300568
2119539599 287150
1294451053 486854
514697433 609508
1649799402 166190
187820142 632344
1966832195 906287
961065175 870331
535554938 861582
1808466297 980881
1089428273 393182
514347434 627256
1447265237 35530
2147349416 930070
901131312 265333
1021110547 123445
1439889521 944597
1355760827 707912
651100015 753833
1506555502 107177
679591984 423535
609129946 440366
1411043871 409269
1358870548 697584
269024782 417332
1392513642 979281
636357502 957247
321806224 366815
1683898862 656661
1358792233 941026
1596430741 761562
995053965 813759
1090169578 604435
1845872056 863823
665678927 392059
1158692924 245865
490828940 289646
2131843668 344721
1340452084 701951
235621674 613043
1514002587 729599
870748418 73861
1720871794 467155
706918615 610294
1895782917 598673
1224585208 301201
1120173381 348058
1593549805 994091
1104098845 77381
1784959964 33198
981674593 491490
1090975721 547954
272082430 699740
1939779182 449960
2050637556 336182
575547980 536965
274726496 360415
1066493251 534888
374986790 942425
1735098458 324186
524846383 804045
436418715 671693
738401643 401081
1610531313 873996
1107653967 954366
1536837791 914061
1355989490 879659
275827636 351219
35778337 71992
388443324 642781
1130438603 758805
727423628 496618
2015756106 841663
1047508093 564138
1038841550 863933
1259887109 864736
1066033232 446496
628897029 322709
70718545 112217
1843539937 645436
1148977310 678539
1830831291 796814
751404005 250868
1477638057 913284
1207762018 788275
686140666 455912
921659611 519459
1117321189 197348
1535482634 626832
594992735 19906
411490651 11210
2024204708 574775
1949412421 24308
1944797722 189507
1301827200 337957
646550462 344207
1208785191 387710
499970601 847136
1848149579 487238
1391238894 126115
1640606916 876572
1742647648 25343
2145922752 308339
413687996 566626
1811791615 25685
1034866420 847080
1672673099 818856
1283116210 341489
134227646 200165
1140241077 182151
186882442 93973
2001316816 346744
469925747 643003
473235284 456540
852820134 115253
2101915887 302852
1089683813 286668
871650283 333387
276267569 370562
1783295705 119596
1093864813 876964
1928698810 715045
709140017 491709
404692262 120578
1912542362 233031
1924250513 115011
390488057 731960
392055000 539197
856698343 664506
27053524 511544
1238883908 867284
1917582788 810580
823320058 60378
497540941 740809
1628376263 238066
1649948122 735936
