100 1000 2
45 2 850
92 63 360
6 24 454
4 93 592
92 67 557
11 82 754
59 68 101
48 90 429
83 57 667
78 21 767
8 60 562
19 35 857
27 61 487
2 74 263
88 31 195
76 17 291
38 44 910
40 4 960
31 65 560
96 37 558
17 22 874
66 69 332
19 82 952
99 48 173
6 92 754
60 13 884
53 64 979
64 1 139
93 54 496
6 78 110
40 88 259
11 88 594
24 93 19
56 45 653
75 76 588
80 30 202
70 42 470
4 37 608
55 72 559
73 26 700
6 71 393
79 75 166
28 86 746
9 23 790
12 10 919
27 79 167
1 14 242
60 3 872
20 35 376
11 69 285
13 10 147
94 74 103
48 33 872
92 46 268
28 9 991
3 4 834
27 12 927
91 45 726
93 94 750
50 63 211
39 26 587
12 52 964
17 20 134
33 81 448
51 61 907
1 87 889
28 12 107
1 76 794
38 75 573
1 95 416
27 91 712
11 7 84
98 55 380
83 99 401
94 49 783
62 25 439
57 19 714
22 36 751
91 66 422
29 88 540
97 26 476
60 6 445
7 23 347
72 20 347
86 40 639
55 71 249
92 87 713
3 44 300
68 39 661
98 34 729
39 26 443
27 20 891
46 35 573
55 3 628
55 77 689
92 11 249
92 29 786
91 69 468
90 48 817
10 63 904
4 5 138
59 40 498
74 61 25
23 80 357
76 98 242
51 65 777
67 99 506
17 74 196
51 10 625
60 26 991
3 6 127
29 26 680
33 41 515
46 23 920
90 60 286
39 18 113
6 17 519
46 94 485
72 99 14
3 72 443
55 44 523
84 61 124
52 31 362
51 99 172
56 90 198
29 90 121
35 79 366
94 4 861
9 57 527
47 22 413
84 44 936
53 80 804
48 13 581
5 19 949
77 82 592
52 37 880
6 55 734
93 60 222
42 62 387
80 62 190
88 18 620
16 25 174
57 88 613
82 47 331
84 44 932
13 71 350
66 56 270
71 70 426
60 99 305
61 31 494
72 22 582
46 96 416
3 67 914
5 22 73
60 95 148
6 22 317
18 21 888
25 10 2
88 74 627
13 59 429
89 41 834
76 23 749
31 7 551
28 5 807
26 9 68
3 81 947
35 10 463
17 38 436
21 55 438
75 52 592
76 80 771
77 38 284
5 67 114
98 44 134
28 54 320
90 18 349
98 100 696
98 54 303
6 57 705
63 35 45
76 63 773
32 95 341
15 32 130
62 32 561
52 57 297
2 24 894
18 8 615
67 100 326
24 14 584
3 86 374
63 38 730
78 80 55
4 82 245
2 68 356
54 91 693
68 12 424
34 84 986
54 73 210
62 32 477
81 87 394
69 61 467
17 62 974
96 99 176
69 72 614
47 2 507
86 92 13
69 13 552
67 15 479
12 76 143
52 26 274
47 53 945
81 61 2
51 51 378
96 34 402
38 29 392
53 4 809
34 25 273
38 32 604
18 79 989
76 65 167
71 5 377
63 47 422
19 6 186
21 46 894
22 83 125
74 64 346
70 90 500
33 91 135
8 86 397
29 76 538
19 34 265
57 96 241
63 37 836
89 58 81
23 48 764
7 30 749
96 86 648
1 12 36
19 32 798
37 22 584
20 76 440
47 84 456
92 45 445
11 88 298
27 82 329
56 59 133
96 9 361
32 44 437
36 91 969
25 18 682
86 24 364
31 41 313
61 84 873
42 17 642
5 47 531
58 15 751
31 17 213
55 3 991
67 77 515
6 96 997
61 80 581
32 65 277
84 54 717
29 49 817
33 87 857
17 55 321
49 34 102
77 63 832
46 3 369
26 9 435
94 41 640
70 31 648
8 9 355
8 47 969
42 81 837
6 13 435
49 32 745
20 15 998
90 96 821
95 56 383
4 75 650
68 41 234
39 38 14
97 81 507
8 61 360
76 51 538
45 21 92
81 10 788
79 59 771
97 62 490
60 8 226
73 2 729
75 85 804
76 21 778
17 1 744
97 39 850
73 52 444
45 86 30
61 43 397
17 14 903
27 22 413
85 58 522
100 66 383
12 38 775
50 86 954
82 81 93
65 52 161
78 90 423
42 66 499
69 45 540
72 9 581
77 20 398
74 2 644
54 41 58
36 95 82
62 19 926
99 68 575
7 6 694
50 16 223
89 3 284
38 21 431
40 29 741
2 10 457
76 8 555
75 6 543
40 52 240
29 7 50
4 64 957
61 71 107
3 34 8
11 69 731
69 21 347
13 66 277
71 96 152
51 57 892
57 83 654
80 87 666
33 98 572
60 96 97
35 96 470
32 63 679
82 26 616
9 61 703
96 89 426
72 99 110
55 7 651
95 81 120
13 88 553
57 83 6
45 69 773
45 79 763
35 35 872
36 87 194
77 43 262
72 29 208
84 72 739
62 69 193
4 65 944
9 99 827
40 97 801
71 92 422
77 60 447
89 53 895
63 39 443
51 11 673
47 95 31
47 96 285
7 78 396
88 29 526
45 63 773
23 91 429
76 35 823
56 59 516
43 97 626
49 96 45
46 89 692
83 63 41
100 79 669
68 25 87
96 8 804
84 80 820
73 93 216
37 60 344
43 88 838
57 42 820
83 93 342
19 47 119
33 73 746
74 20 895
56 37 178
100 67 59
3 55 6
98 95 798
70 79 698
76 47 17
60 20 511
60 54 224
45 58 333
37 59 476
79 43 162
24 67 91
59 88 66
55 98 421
2 32 698
91 11 298
73 67 282
25 82 485
32 22 843
79 61 28
36 8 232
40 67 353
85 24 903
23 47 634
40 33 775
15 29 158
17 87 57
13 73 740
91 82 892
59 33 6
15 51 543
93 23 12
85 39 542
55 61 290
6 88 477
62 1 242
39 84 114
27 83 401
15 36 143
70 10 74
2 85 387
53 48 863
32 38 302
91 89 828
30 68 441
52 21 673
69 37 815
88 58 691
31 8 72
85 18 161
38 62 879
28 61 264
31 99 852
95 62 389
17 70 739
86 90 583
100 38 746
86 87 350
72 28 286
37 41 147
52 95 754
67 95 789
53 34 835
6 28 350
50 44 715
50 94 248
37 62 541
6 98 364
95 87 903
88 100 990
46 51 596
48 47 48
21 45 225
6 29 640
72 100 986
17 55 727
70 11 587
73 8 194
97 24 631
70 96 876
41 59 331
24 66 1000
92 59 921
51 39 236
69 67 968
80 72 379
56 40 7
97 7 948
11 27 737
35 30 390
38 84 103
19 4 368
70 100 462
23 20 333
65 6 61
72 41 397
12 55 387
68 74 294
63 43 110
100 40 65
66 79 505
43 88 907
31 85 701
38 53 418
78 6 30
61 64 558
13 35 270
90 62 916
44 47 887
15 87 166
2 91 569
71 38 720
68 88 173
87 76 417
1 35 208
94 36 33
59 17 485
80 75 75
62 17 371
52 13 993
33 81 435
2 50 775
85 33 43
40 28 564
1 48 481
4 10 372
29 47 933
97 85 162
69 77 860
14 100 970
66 77 985
67 93 387
4 37 752
5 41 373
75 86 723
56 73 207
86 31 460
25 71 321
84 93 792
18 10 820
35 14 887
70 29 414
92 28 325
62 87 301
79 68 20
2 65 926
51 20 332
95 99 111
60 28 467
6 56 709
86 72 232
87 9 733
29 84 538
70 62 489
30 61 922
41 81 190
58 71 435
86 7 283
18 21 131
56 73 333
91 46 447
39 38 381
100 79 85
23 52 898
78 84 939
22 72 557
82 86 428
26 66 352
24 53 785
27 67 960
57 96 618
5 1 231
48 36 825
97 51 867
70 46 99
23 95 683
10 31 377
12 13 222
68 85 774
80 44 453
53 1 138
39 47 850
13 39 724
46 49 560
63 47 588
7 51 309
1 62 213
16 33 71
4 18 180
12 100 851
100 89 72
65 68 277
14 61 540
11 10 424
2 41 682
8 18 534
43 93 523
5 100 963
80 13 859
44 13 772
12 36 54
42 63 533
84 42 396
39 73 236
69 22 103
20 81 163
69 81 60
42 2 611
34 81 987
73 24 329
97 74 364
3 88 947
100 16 954
22 60 8
20 5 258
49 43 923
7 87 138
30 22 33
6 70 507
87 26 862
87 53 428
87 57 34
6 29 675
48 86 651
80 90 306
48 5 481
52 27 168
19 61 829
44 19 120
98 91 575
60 52 21
19 16 140
70 7 627
63 33 815
93 69 124
4 69 60
80 23 47
96 91 48
85 60 112
79 37 45
93 80 212
30 29 63
22 39 289
39 22 11
23 36 994
68 14 336
77 50 207
20 51 414
34 11 356
71 12 255
60 91 748
97 68 821
12 87 890
50 90 666
25 50 132
5 63 486
99 66 763
80 3 498
73 77 56
42 55 154
39 67 346
47 23 714
8 9 660
93 30 504
23 94 639
94 75 910
23 55 692
40 1 223
41 12 449
81 33 440
38 1 661
70 11 160
34 31 186
39 93 192
6 8 154
51 70 426
94 6 803
53 10 323
16 74 453
92 20 840
51 68 649
13 20 53
60 43 768
14 41 265
2 17 903
42 54 450
46 81 300
72 24 335
87 21 933
87 79 137
3 3 977
90 12 171
14 56 905
58 18 106
70 50 23
87 60 199
30 94 76
26 86 411
27 51 108
76 50 843
2 9 263
62 34 901
44 15 621
91 93 348
70 28 126
3 72 580
59 45 617
33 60 43
72 21 85
16 93 471
67 40 611
71 50 530
70 97 42
17 5 301
82 81 984
29 27 116
33 55 499
67 51 33
47 40 378
29 12 198
26 18 689
2 71 392
24 93 684
31 43 913
37 55 732
7 42 425
55 61 94
62 36 473
24 63 464
63 22 236
69 85 266
98 35 643
65 49 831
28 3 862
82 30 871
22 2 219
55 4 24
79 82 811
67 58 757
64 25 308
1 58 240
2 84 318
52 99 34
6 29 187
75 43 800
99 54 894
42 1 468
60 81 590
33 24 174
60 95 705
5 41 695
64 24 522
2 18 911
37 77 510
93 39 280
26 64 11
94 16 461
35 40 677
66 24 130
84 69 559
36 60 108
27 35 258
21 56 112
19 76 637
21 81 499
62 92 699
25 6 796
23 42 594
44 86 184
2 39 30
63 95 471
48 64 269
45 8 828
46 50 110
88 24 577
50 98 36
51 14 33
50 48 752
40 7 874
78 24 806
19 100 816
90 43 393
23 50 689
38 39 971
74 53 327
19 90 994
82 45 989
89 63 161
95 6 346
13 67 48
37 41 818
63 27 137
2 10 160
83 5 677
39 38 13
40 66 978
11 40 1
85 97 659
73 88 282
58 73 212
29 34 454
25 15 403
55 44 77
49 50 271
56 80 872
25 6 505
87 48 64
66 48 749
18 81 165
50 67 818
16 43 516
15 15 181
59 76 8
24 63 665
99 61 698
17 29 427
35 14 440
57 34 374
39 51 923
30 61 125
68 6 876
14 61 360
90 42 886
13 63 870
98 69 780
22 39 414
50 14 458
87 32 113
30 75 234
13 26 400
90 46 955
64 8 559
3 78 297
84 45 819
98 1 713
51 90 794
7 30 790
6 71 494
25 59 127
21 27 445
34 17 166
24 15 294
89 61 521
91 18 963
75 92 496
63 70 729
27 89 329
42 82 215
80 93 68
46 57 737
92 42 315
11 17 565
59 47 698
42 32 383
51 42 30
24 16 103
65 92 743
74 6 483
99 5 517
10 2 91
94 82 557
61 98 217
100 9 407
87 46 107
33 7 882
94 26 263
26 3 403
66 60 613
22 65 692
62 50 548
34 73 295
93 68 229
29 61 10
80 24 171
24 53 674
18 97 231
77 67 718
38 89 505
28 74 231
98 7 649
41 19 105
59 3 427
12 72 212
90 27 905
38 78 622
32 37 452
66 17 987
27 46 164
50 31 67
55 70 854
6 5 153
84 13 559
3 76 260
77 47 46
86 97 733
13 71 473
83 16 761
87 86 437
49 92 290
58 40 336
43 38 619
92 23 709
45 91 671
33 89 884
30 50 59
9 57 233
33 19 341
1 89 433
24 42 811
82 25 713
18 47 715
7 31 489
23 80 224
19 79 276
48 6 86
78 23 938
56 27 150
53 80 383
12 67 157
58 65 596
1 75 846
98 91 821
35 87 675
36 68 998
14 17 789
78 47 232
98 19 69
68 88 561
94 59 30
49 77 607
88 22 638
55 51 709
68 88 307
1 46 728
51 43 791
64 97 179
42 19 911
52 35 984
68 67 316
62 97 83
64 68 534
90 92 553
9 30 133
99 38 943
96 67 640
35 18 676
96 17 994
43 74 823
90 5 251
72 41 328
28 15 978
28 74 855
71 76 489
19 89 170
98 27 53
24 39 183
34 86 521
8 51 293
74 5 215
54 24 418
5 60 793
5 78 524
11 47 831
70 8 769
80 32 883
21 23 461
37 47 232
52 17 329
99 69 783
97 78 489
60 10 207
86 97 522
34 50 649
27 15 97
4 34 573
44 61 202
2 69 419
26 84 812
96 47 111
48 84 18
31 72 517
90 43 615
84 7 396
91 56 686
83 17 483
77 11 475
14 41 70
27 3 27
24 75 296
14 58 86
87 17 12
78 87 845
60 72 1
6 3 499
98 69 837
9 4 391
84 41 941
51 1 708
48 77 769
36 27 535
75 35 362
46 98 834
91 2 509
50 2 697
53 72 306
85 65 290
40 63 92
24 55 906
89 5 631
66 65 818
31 18 269